id,apiName,date,dataReceived,downloadTime,responseTime,totalTime,contentSize,error
1,masterDonors,2024-10-28T11:15:23.811Z,true,3.7965000000000373,325.75641599999994,329.552916,25473,
2,masterFunds,2024-10-28T11:15:23.811Z,true,2.696333999999979,301.685916,304.38225,109906,
3,masterRegionalFunds,2024-10-28T11:15:23.811Z,true,0.5427089999999453,294.860041,295.40274999999997,1268,
4,masterAllocationTypes,2024-10-28T11:15:23.811Z,true,0.3442499999999882,293.320792,293.66504199999997,242,
5,launchedAllocationsData,2024-10-28T11:15:23.811Z,true,1224.9012079999993,7795.690792000001,9020.592,601907,
6,contributionsData,2024-10-28T11:15:23.811Z,true,2.2859999999999445,300.113958,302.39995799999997,82614,
7,allocationFlowData,2024-10-28T11:15:23.811Z,true,1.0949590000000171,3498.653625,3499.748584,41437,
8,masterPooledFunds,2024-10-28T11:15:23.811Z,true,0.37487499999997453,3186.05075,3186.425625,1728,
9,masterPartners,2024-10-28T11:15:23.811Z,true,0.14883400000007896,3179.811541,3179.960375,107,
10,masterSubPartners,2024-10-28T11:15:23.811Z,true,0.26870800000006057,3177.19525,3177.4639580000003,483,
11,allocationsData,2024-10-28T11:15:23.811Z,true,940.7036249999996,3208.235875,4148.9394999999995,126420,
12,contributionsTotalData,2024-10-28T11:15:23.811Z,true,2000.568875,3328.932667,5329.501542,230107,
13,targetedPersonsData,2024-10-28T11:15:23.811Z,true,1985.4479170000004,3919.245,5904.692917,359045,
14,targetedPersonsDetailsData,2024-10-28T11:15:23.811Z,true,2307.712667,3700.9991250000003,6008.711792,1889838,
15,dataGam,2024-10-28T11:15:23.811Z,true,0.8406249999998181,5724.817042,5725.6576669999995,29016,
16,masterGam,2024-10-28T11:15:23.811Z,true,0.31124999999974534,3193.378791,3193.690041,947,
17,masterOrganizations,2024-10-28T11:15:23.811Z,true,3.5921250000001237,2157.342375,2160.9345000000003,258,
18,masterSectors,2024-10-28T11:15:23.811Z,true,1.7361660000001393,2146.924042,2148.6602080000002,1390,
19,allocationsDataResults,2024-10-28T11:15:23.811Z,true,316.76370799999995,3215.2311250000002,3531.994833,59303,
20,resultsBySector,2024-10-28T11:15:23.811Z,true,116.05641700000024,2209.7927919999997,2325.849209,857738,
21,resultsByDisability,2024-10-28T11:15:23.811Z,true,32.56725000000006,2165.459792,2198.027042,734927,
22,resultsByType,2024-10-28T11:15:23.811Z,true,159.02608299999974,2282.623458,2441.6495409999998,2426573,
23,resultsByBeneficiaryType,2024-10-28T11:15:23.811Z,true,86.98950000000013,2193.899292,2280.888792,942743,
24,resultsByOrganization,2024-10-28T11:15:23.811Z,true,112.63341700000001,2244.744708,2357.378125,830457,
25,masterLocations,2024-10-28T11:15:23.811Z,true,46.721708000000035,2201.286167,2248.0078750000002,681077,
26,masterBeneficiaryType,2024-10-28T11:15:23.811Z,true,2.6237089999999625,2155.275375,2157.899084,602,
27,projectSummaryProgress,2024-10-28T11:15:23.811Z,true,1073.1180409999997,3758.04975,4831.167791,201841,
28,sectorsData,2024-10-28T11:15:23.811Z,true,734.9294579999996,5601.475542,6336.405,124214,
29,globalIndicators,2024-10-28T11:15:23.811Z,true,1620.9889170000006,6735.9830409999995,8356.971958,350211,
30,masterOrganizationsProgress,2024-10-28T11:15:23.811Z,true,1488.7750839999999,3633.7034160000003,5122.4785,994153,
31,projectStatusMaster,2024-10-28T11:15:23.811Z,true,930.4603330000004,3302.7099169999997,4233.17025,401699,
32,masterAllocationSource,2024-10-28T11:15:23.811Z,true,0.2992080000003625,3213.371542,3213.67075,54,
33,masterSectorsVo2,2024-10-28T11:15:23.811Z,true,0.182292000000416,3268.781416,3268.963708,464,
34,masterGlobalIndicators,2024-10-28T11:15:23.811Z,true,1.1900000000000546,3214.537042,3215.727042,50696,
35,masterEmergencies,2024-10-28T11:15:23.811Z,true,0.2086659999999938,3244.362334,3244.571,2278,
36,projectSummary,2024-10-28T11:15:23.811Z,true,2584.9632910000005,3318.540625,5903.503916000001,331838,
37,projectSummaryAggregate,2024-10-28T11:15:23.811Z,true,1374.4760000000006,11468.359083,12842.835083,955206,
38,HRPSummary,2024-10-28T11:15:23.811Z,true,0.2808749999999236,3374.318459,3374.599334,15933,
1,masterDonors,2024-10-28T11:18:29.711Z,true,1.8830420000000458,304.058916,305.94195800000006,25473,
2,masterFunds,2024-10-28T11:18:29.711Z,true,2.399583000000007,290.311417,292.711,109906,
3,masterRegionalFunds,2024-10-28T11:18:29.711Z,true,0.33179200000006404,275.70512499999995,276.036917,1268,
4,masterAllocationTypes,2024-10-28T11:18:29.711Z,true,0.2777919999999767,284.606208,284.88399999999996,242,
5,launchedAllocationsData,2024-10-28T11:18:29.711Z,true,1268.922208,6918.487458,8187.409666,601907,
6,contributionsData,2024-10-28T11:18:29.711Z,true,2.3904999999999745,277.291875,279.682375,82614,
7,allocationFlowData,2024-10-28T11:18:29.711Z,true,3.1996249999997417,3073.909709,3077.1093339999998,41437,
8,masterPooledFunds,2024-10-28T11:18:29.711Z,true,0.1137910000006741,2837.8117089999996,2837.9255000000003,1728,
9,masterPartners,2024-10-28T11:18:29.711Z,true,0.42120799999975134,2811.690125,2812.111333,107,
10,masterSubPartners,2024-10-28T11:18:29.711Z,true,0.22299999999995634,2813.44775,2813.6707499999998,483,
11,allocationsData,2024-10-28T11:18:29.711Z,true,646.4886670000001,2876.989375,3523.478042,126420,
12,contributionsTotalData,2024-10-28T11:18:29.711Z,true,1080.9480409999992,3026.145,4107.093040999999,230107,
13,targetedPersonsData,2024-10-28T11:18:29.711Z,true,2592.272459,3725.9814160000005,6318.253875,359045,
14,targetedPersonsDetailsData,2024-10-28T11:18:29.711Z,true,2241.0179169999997,3271.27375,5512.2916669999995,1889838,
15,dataGam,2024-10-28T11:18:29.711Z,true,1.2516660000001139,4085.9190000000003,4087.1706660000004,29016,
16,masterGam,2024-10-28T11:18:29.711Z,true,0.39941700000008495,2822.412875,2822.812292,947,
17,masterOrganizations,2024-10-28T11:18:29.711Z,true,1.0580840000002354,1704.3619159999998,1705.42,258,
18,masterSectors,2024-10-28T11:18:29.711Z,true,0.36445800000001327,1755.9023750000001,1756.2668330000001,1390,
19,allocationsDataResults,2024-10-28T11:18:29.711Z,true,320.1223749999999,2859.0015409999996,3179.1239159999996,59303,
20,resultsBySector,2024-10-28T11:18:29.711Z,true,115.96979199999987,1709.273083,1825.242875,857738,
21,resultsByDisability,2024-10-28T11:18:29.711Z,true,95.11079199999995,1707.731417,1802.842209,734927,
22,resultsByType,2024-10-28T11:18:29.711Z,true,261.9707920000001,1723.213,1985.183792,2426573,
23,resultsByBeneficiaryType,2024-10-28T11:18:29.711Z,true,189.8466669999998,1756.6055000000001,1946.452167,942743,
24,resultsByOrganization,2024-10-28T11:18:29.711Z,true,172.83449999999993,1800.1109170000002,1972.9454170000001,830457,
25,masterLocations,2024-10-28T11:18:29.711Z,true,98.56325000000015,1729.91275,1828.476,681077,
26,masterBeneficiaryType,2024-10-28T11:18:29.711Z,true,2.149500000000444,1716.3877499999999,1718.5372500000003,602,
27,projectSummaryProgress,2024-10-28T11:18:29.711Z,true,1689.4066659999999,3280.260459,4969.667125,201841,
28,sectorsData,2024-10-28T11:18:29.711Z,true,628.7747909999994,3774.28825,4403.063040999999,124214,
29,globalIndicators,2024-10-28T11:18:29.711Z,true,1588.7076659999993,6605.311000000001,8194.018666,350211,
30,masterOrganizationsProgress,2024-10-28T11:18:29.711Z,true,1396.651041,3542.7124590000003,4939.3635,994153,
31,projectStatusMaster,2024-10-28T11:18:29.711Z,true,633.1389589999999,2893.259541,3526.3985,401699,
32,masterAllocationSource,2024-10-28T11:18:29.711Z,true,0.2804999999998472,2844.639708,2844.920208,54,
33,masterSectorsVo2,2024-10-28T11:18:29.711Z,true,0.21995800000013332,2854.411584,2854.631542,464,
34,masterGlobalIndicators,2024-10-28T11:18:29.711Z,true,8.934124999999767,2807.1276660000003,2816.061791,50696,
35,masterEmergencies,2024-10-28T11:18:29.711Z,true,0.10683399999970788,2828.601833,2828.708667,2278,
36,projectSummary,2024-10-28T11:18:29.711Z,true,1287.5801250000004,2908.787375,4196.3675,331838,
37,projectSummaryAggregate,2024-10-28T11:18:29.711Z,true,1152.4596669999992,11173.212500000001,12325.672167,955206,
38,HRPSummary,2024-10-28T11:18:29.711Z,true,0.17641699999967386,3003.989541,3004.1659579999996,15933,
1,masterDonors,2024-10-28T11:21:02.425Z,true,0.9158339999999896,109.60412500000001,110.519959,25473,
2,masterFunds,2024-10-28T11:21:02.425Z,true,4.243249999999989,66.767833,71.01108299999999,109906,
3,masterRegionalFunds,2024-10-28T11:21:02.425Z,true,6.408166999999992,61.62141600000001,68.029583,1268,
4,masterAllocationTypes,2024-10-28T11:21:02.425Z,true,0.5185829999999783,66.21450000000002,66.733083,242,
5,launchedAllocationsData,2024-10-28T11:21:02.425Z,true,1249.4905839999992,6990.149958,8239.640542,601907,
6,contributionsData,2024-10-28T11:21:02.425Z,true,5.857125000000025,62.672916999999984,68.53004200000001,82614,
7,allocationFlowData,2024-10-28T11:21:02.425Z,true,1.0437910000000556,1970.9847089999998,1972.0285,41437,
8,masterPooledFunds,2024-10-28T11:21:02.425Z,true,0.6902919999999995,1642.198333,1642.888625,1728,
9,masterPartners,2024-10-28T11:21:02.425Z,true,2.4136250000001382,1639.475083,1641.8887080000002,107,
10,masterSubPartners,2024-10-28T11:21:02.425Z,true,1.612374999999929,1639.951333,1641.563708,483,
11,allocationsData,2024-10-28T11:21:02.425Z,true,647.2075829999997,1685.8896670000001,2333.09725,126420,
12,contributionsTotalData,2024-10-28T11:21:02.425Z,true,2221.4706659999997,1798.805209,4020.275875,230109,
13,targetedPersonsData,2024-10-28T11:21:02.425Z,true,1570.1405840000002,2788.60975,4358.750334,359045,
14,targetedPersonsDetailsData,2024-10-28T11:21:02.425Z,true,2198.280667,2119.402542,4317.683209,1889838,
15,dataGam,2024-10-28T11:21:02.425Z,true,0.6508329999996931,4056.459625,4057.1104579999997,29016,
16,masterGam,2024-10-28T11:21:02.425Z,true,0.205208999999968,1646.5186660000002,1646.7238750000001,947,
17,masterOrganizations,2024-10-28T11:21:02.425Z,true,1.2701660000000174,382.936875,384.207041,258,
18,masterSectors,2024-10-28T11:21:02.425Z,true,0.4077080000000137,370.715917,371.123625,1390,
19,allocationsDataResults,2024-10-28T11:21:02.425Z,true,312.15641600000004,1631.261584,1943.4180000000001,59303,
20,resultsBySector,2024-10-28T11:21:02.425Z,true,142.470375,375.728334,518.198709,857738,
21,resultsByDisability,2024-10-28T11:21:02.425Z,true,262.73254099999997,382.555375,645.287916,734927,
22,resultsByType,2024-10-28T11:21:02.425Z,true,281.147417,374.294125,655.441542,2426573,
23,resultsByBeneficiaryType,2024-10-28T11:21:02.425Z,true,262.590334,383.78441599999996,646.37475,942743,
24,resultsByOrganization,2024-10-28T11:21:02.425Z,true,263.27287500000006,386.64074999999997,649.913625,830457,
25,masterLocations,2024-10-28T11:21:02.425Z,true,117.53195900000003,419.91041599999994,537.442375,681077,
26,masterBeneficiaryType,2024-10-28T11:21:02.425Z,true,3.847750000000019,382.498958,386.34670800000004,602,
27,projectSummaryProgress,2024-10-28T11:21:02.425Z,true,1887.7990830000008,2483.904334,4371.703417000001,201841,
28,sectorsData,2024-10-28T11:21:02.425Z,true,644.8875419999995,3672.797208,4317.684749999999,124214,
29,globalIndicators,2024-10-28T11:21:02.425Z,true,1278.8723750000008,9109.664499999999,10388.536875,350211,
30,masterOrganizationsProgress,2024-10-28T11:21:02.425Z,true,1579.1931670000006,1956.3944169999997,3535.5875840000003,994153,
31,projectStatusMaster,2024-10-28T11:21:02.425Z,true,955.5521249999999,1731.899459,2687.451584,401699,
32,masterAllocationSource,2024-10-28T11:21:02.425Z,true,0.1834160000000793,1636.149375,1636.332791,54,
33,masterSectorsVo2,2024-10-28T11:21:02.425Z,true,0.1150000000000091,1654.794791,1654.909791,464,
34,masterGlobalIndicators,2024-10-28T11:21:02.425Z,true,0.35225000000014006,1647.396708,1647.7489580000001,50696,
35,masterEmergencies,2024-10-28T11:21:02.425Z,true,0.4720829999998841,1646.8955,1647.367583,2278,
36,projectSummary,2024-10-28T11:21:02.425Z,true,1621.841709,1704.418833,3326.260542,331838,
37,projectSummaryAggregate,2024-10-28T11:21:02.425Z,true,1286.523833000001,14157.329833,15443.853666,955206,
38,HRPSummary,2024-10-28T11:21:02.425Z,true,0.37083400000005895,1714.616583,1714.987417,15933,
1,masterDonors,2024-10-29T01:44:00.515Z,true,1.2784999999999513,345.86537500000003,347.143875,25473,
2,masterFunds,2024-10-29T01:44:00.515Z,true,5.550000000000011,313.624834,319.17483400000003,109906,
3,masterRegionalFunds,2024-10-29T01:44:00.515Z,true,1.4414999999999623,315.623625,317.06512499999997,1268,
4,masterAllocationTypes,2024-10-29T01:44:00.515Z,true,0.29254200000002584,317.15495799999997,317.4475,242,
5,launchedAllocationsData,2024-10-29T01:44:00.515Z,true,1692.578375,5034.740124999999,6727.318499999999,601906,
6,contributionsData,2024-10-29T01:44:00.515Z,true,3.7003330000000005,330.202042,333.902375,82616,
7,allocationFlowData,2024-10-29T01:44:00.515Z,true,1.9144999999998618,4815.3986669999995,4817.313166999999,41439,
8,masterPooledFunds,2024-10-29T01:44:00.515Z,true,0.68170900000041,4258.3863329999995,4259.068042,1728,
9,masterPartners,2024-10-29T01:44:00.515Z,true,1.5875829999995403,4257.134042000001,4258.721625,107,
10,masterSubPartners,2024-10-29T01:44:00.515Z,true,0.3922919999995429,4241.069375,4241.461667,483,
11,allocationsData,2024-10-29T01:44:00.515Z,true,733.5212089999995,4350.467541,5083.9887499999995,126416,
12,contributionsTotalData,2024-10-29T01:44:00.515Z,true,1273.1122090000008,4430.140582999999,5703.252792,230107,
13,targetedPersonsData,2024-10-29T01:44:00.515Z,true,1276.335583,4922.9915,6199.327083,359051,
14,targetedPersonsDetailsData,2024-10-29T01:44:00.515Z,true,2334.3040419999998,4715.093083000001,7049.397125,1890217,
15,dataGam,2024-10-29T01:44:00.515Z,true,2.9882909999996627,5475.738459,5478.72675,29020,
16,masterGam,2024-10-29T01:44:00.515Z,true,0.32312500000080036,4332.039833,4332.362958000001,947,
17,masterOrganizations,2024-10-29T01:44:00.515Z,true,1.295458999999937,3149.008291,3150.30375,258,
18,masterSectors,2024-10-29T01:44:00.515Z,true,0.5989159999999174,3242.8015,3243.400416,1390,
19,allocationsDataResults,2024-10-29T01:44:00.515Z,true,318.49791600000026,4430.987999999999,4749.485916,59303,
20,resultsBySector,2024-10-29T01:44:00.515Z,true,85.40466700000025,3174.467416,3259.872083,857738,
21,resultsByDisability,2024-10-29T01:44:00.515Z,true,110.93604200000027,3181.5721249999997,3292.508167,734927,
22,resultsByType,2024-10-29T01:44:00.515Z,true,143.22949999999992,3296.678584,3439.9080839999997,2426573,
23,resultsByBeneficiaryType,2024-10-29T01:44:00.515Z,true,115.07487499999979,3183.386875,3298.46175,942743,
24,resultsByOrganization,2024-10-29T01:44:00.515Z,true,111.43516700000009,3250.953083,3362.38825,830457,
25,masterLocations,2024-10-29T01:44:00.515Z,true,78.28720799999974,3234.2853750000004,3312.572583,681077,
26,masterBeneficiaryType,2024-10-29T01:44:00.515Z,true,1.346458999999868,3168.4949579999998,3169.8414169999996,602,
27,projectSummaryProgress,2024-10-29T01:44:00.515Z,true,1571.9940419999994,4978.121417,6550.115459,202931,
28,sectorsData,2024-10-29T01:44:00.515Z,true,321.9068749999997,5202.751875,5524.65875,125171,
29,globalIndicators,2024-10-29T01:44:00.515Z,true,1054.810540999999,7594.898084,8649.708625,351447,
30,masterOrganizationsProgress,2024-10-29T01:44:00.515Z,true,1496.3810839999996,4685.048625,6181.429709,994819,
31,projectStatusMaster,2024-10-29T01:44:00.515Z,true,322.2071249999999,4501.420375,4823.6275,401692,
32,masterAllocationSource,2024-10-29T01:44:00.515Z,true,1.918041999999332,4422.74675,4424.664792,54,
33,masterSectorsVo2,2024-10-29T01:44:00.515Z,true,3.2160000000003492,4421.2095,4424.4255,464,
34,masterGlobalIndicators,2024-10-29T01:44:00.515Z,true,1.7006670000000668,4429.580542000001,4431.281209000001,50696,
35,masterEmergencies,2024-10-29T01:44:00.515Z,true,0.3344999999999345,4423.828708,4424.163208,2278,
36,projectSummary,2024-10-29T01:44:00.515Z,true,1680.3325839999998,4417.844958,6098.177541999999,333259,
37,projectSummaryAggregate,2024-10-29T01:44:00.515Z,true,1260.3370410000007,12440.302625,13700.639666000001,959505,
38,HRPSummary,2024-10-29T01:44:00.515Z,true,0.5666670000000522,4517.437167,4518.003834,15933,
1,masterDonors,2024-10-29T01:51:12.432Z,true,0.55,334.89,335.4404160000001,25473,
2,masterFunds,2024-10-29T01:51:12.432Z,true,3.14,285.88,289.025042,109906,
3,masterRegionalFunds,2024-10-29T01:51:12.432Z,true,0.35,301.8,302.149292,1268,
4,masterAllocationTypes,2024-10-29T01:51:12.432Z,true,1.53,282.39,283.917,242,
5,launchedAllocationsData,2024-10-29T01:51:12.432Z,true,1461.62,4939.52,6401.137833,601906,
6,contributionsData,2024-10-29T01:51:12.432Z,true,5.46,307.86,313.32537499999995,82616,
7,allocationFlowData,2024-10-29T01:51:12.432Z,true,0.95,4216.92,4217.869833000001,41439,
8,masterPooledFunds,2024-10-29T01:51:12.432Z,true,0.08,3779.41,3779.4947079999997,1728,
9,masterPartners,2024-10-29T01:51:12.432Z,true,0.07,3730.89,3730.961125,107,
10,masterSubPartners,2024-10-29T01:51:12.432Z,true,0.09,3728.93,3729.025916,483,
11,allocationsData,2024-10-29T01:51:12.432Z,true,736.3,3755.03,4491.335167,126416,
12,contributionsTotalData,2024-10-29T01:51:12.432Z,true,1299.82,3926.33,5226.14925,230107,
13,targetedPersonsData,2024-10-29T01:51:12.432Z,true,2539.93,4429.96,6969.890709,359051,
14,targetedPersonsDetailsData,2024-10-29T01:51:12.432Z,true,2256.23,4414.6,6670.828125,1890217,
15,dataGam,2024-10-29T01:51:12.432Z,true,0.78,4868.95,4869.734583,29020,
16,masterGam,2024-10-29T01:51:12.432Z,true,0.08,3791.61,3791.689083,947,
17,masterOrganizations,2024-10-29T01:51:12.432Z,true,1.01,2625.43,2626.43525,258,
18,masterSectors,2024-10-29T01:51:12.432Z,true,1.07,2623.7,2624.773333,1390,
19,allocationsDataResults,2024-10-29T01:51:12.432Z,true,322.34,3777.24,4099.583917,59303,
20,resultsBySector,2024-10-29T01:51:12.432Z,true,176.97,2632.61,2809.582083,857738,
21,resultsByDisability,2024-10-29T01:51:12.432Z,true,121.35,2630.07,2751.416334,734927,
22,resultsByType,2024-10-29T01:51:12.432Z,true,226.5,2661.06,2887.558292,2426573,
23,resultsByBeneficiaryType,2024-10-29T01:51:12.432Z,true,147.5,2624.56,2772.0566249999997,942743,
24,resultsByOrganization,2024-10-29T01:51:12.432Z,true,176.74,2632.18,2808.9195839999998,830457,
25,masterLocations,2024-10-29T01:51:12.432Z,true,131.46,2657.13,2788.5884579999997,681077,
26,masterBeneficiaryType,2024-10-29T01:51:12.432Z,true,0.4,2618.63,2619.034583,602,
27,projectSummaryProgress,2024-10-29T01:51:12.432Z,true,2214.59,4251.44,6466.023583,202931,
28,sectorsData,2024-10-29T01:51:12.432Z,true,639.76,4733.24,5372.9963339999995,125171,
29,globalIndicators,2024-10-29T01:51:12.432Z,true,1282.14,6868.95,8151.094041999999,351447,
30,masterOrganizationsProgress,2024-10-29T01:51:12.432Z,true,1405.84,4280.39,5686.229083,994819,
31,projectStatusMaster,2024-10-29T01:51:12.432Z,true,947.18,3924.34,4871.520209,401692,
32,masterAllocationSource,2024-10-29T01:51:12.432Z,true,0.08,3740.87,3740.9507080000003,54,
33,masterSectorsVo2,2024-10-29T01:51:12.432Z,true,0.09,3759.66,3759.748291,464,
34,masterGlobalIndicators,2024-10-29T01:51:12.432Z,true,0.55,3899.41,3899.962917,50696,
35,masterEmergencies,2024-10-29T01:51:12.432Z,true,0.07,3895.61,3895.6794170000003,2278,
36,projectSummary,2024-10-29T01:51:12.432Z,true,1630.92,3909.09,5540.005625000001,333259,
37,projectSummaryAggregate,2024-10-29T01:51:12.432Z,true,1462.08,12411.04,13873.122,959505,
38,HRPSummary,2024-10-29T01:51:12.432Z,true,0.09,3883.38,3883.4623749999996,15933,
1,masterDonors,2024-10-29T01:52:16.665Z,true,1.91,74.83,76.739,25473,
2,masterFunds,2024-10-29T01:52:16.665Z,true,2.79,53.72,56.51216699999998,109906,
3,masterRegionalFunds,2024-10-29T01:52:16.665Z,true,2.2,52.46,54.665542000000016,1268,
4,masterAllocationTypes,2024-10-29T01:52:16.665Z,true,0.25,53.82,54.069541999999956,242,
5,launchedAllocationsData,2024-10-29T01:52:16.665Z,true,1288.61,3727.43,5016.0383329999995,601906,
6,contributionsData,2024-10-29T01:52:16.665Z,true,2.52,52.62,55.13583299999999,82616,
7,allocationFlowData,2024-10-29T01:52:16.665Z,true,1.19,3065,3066.184959,41439,
8,masterPooledFunds,2024-10-29T01:52:16.665Z,true,0.31,2713.46,2713.7721659999997,1728,
9,masterPartners,2024-10-29T01:52:16.665Z,true,0.74,2751.42,2752.165667,107,
10,masterSubPartners,2024-10-29T01:52:16.665Z,true,0.5,2706.37,2706.873166,483,
11,allocationsData,2024-10-29T01:52:16.665Z,true,967.29,2760.76,3728.044667,126416,
12,contributionsTotalData,2024-10-29T01:52:16.665Z,true,1369.55,2821.65,4191.197375,230107,
13,targetedPersonsData,2024-10-29T01:52:16.665Z,true,1271.77,3501.99,4773.760834,359051,
14,targetedPersonsDetailsData,2024-10-29T01:52:16.665Z,true,2240.86,3249.51,5490.375625000001,1890217,
15,dataGam,2024-10-29T01:52:16.665Z,true,0.53,4058.65,4059.1835840000003,29020,
16,masterGam,2024-10-29T01:52:16.665Z,true,0.2,2721.52,2721.7268750000003,947,
17,masterOrganizations,2024-10-29T01:52:16.665Z,true,0.8,1455.54,1456.3359169999999,258,
18,masterSectors,2024-10-29T01:52:16.665Z,true,0.49,1445.72,1446.2135839999999,1390,
19,allocationsDataResults,2024-10-29T01:52:16.665Z,true,319.31,2718.82,3038.137167,59303,
20,resultsBySector,2024-10-29T01:52:16.665Z,true,98.47,1444.52,1542.99075,857738,
21,resultsByDisability,2024-10-29T01:52:16.665Z,true,146.6,1449.88,1596.481125,734927,
22,resultsByType,2024-10-29T01:52:16.665Z,true,255.69,1454.65,1710.3419159999999,2426573,
23,resultsByBeneficiaryType,2024-10-29T01:52:16.665Z,true,157.18,1479.4,1636.585125,942743,
24,resultsByOrganization,2024-10-29T01:52:16.665Z,true,175.93,1491.28,1667.208916,830457,
25,masterLocations,2024-10-29T01:52:16.665Z,true,103.81,1450.54,1554.352417,681077,
26,masterBeneficiaryType,2024-10-29T01:52:16.665Z,true,3.33,1450.57,1453.900916,602,
27,projectSummaryProgress,2024-10-29T01:52:16.665Z,true,1060.9,3158.81,4219.707375,202931,
28,sectorsData,2024-10-29T01:52:16.665Z,true,635.53,3669.68,4305.20625,125171,
29,globalIndicators,2024-10-29T01:52:16.665Z,true,1190.25,6121.45,7311.700417,351447,
30,masterOrganizationsProgress,2024-10-29T01:52:16.665Z,true,1382.57,3086.85,4469.419209,994819,
31,projectStatusMaster,2024-10-29T01:52:16.665Z,true,960.53,2863.28,3823.805833,401692,
32,masterAllocationSource,2024-10-29T01:52:16.665Z,true,0.43,2713.07,2713.497458,54,
33,masterSectorsVo2,2024-10-29T01:52:16.665Z,true,0.26,2821.33,2821.596542,464,
34,masterGlobalIndicators,2024-10-29T01:52:16.665Z,true,1.14,2737.06,2738.198708,50696,
35,masterEmergencies,2024-10-29T01:52:16.665Z,true,0.38,2727.29,2727.671166,2278,
36,projectSummary,2024-10-29T01:52:16.665Z,true,1593.68,2780.53,4374.206333,333259,
37,projectSummaryAggregate,2024-10-29T01:52:16.665Z,true,1636.26,10846.49,12482.7495,959505,
38,HRPSummary,2024-10-29T01:52:16.665Z,true,0.41,2844.75,2845.152834,15933,
1,masterDonors,2024-10-29T23:19:05.790Z,true,0.66,351.73,352.39,25473,
2,masterFunds,2024-10-29T23:19:05.790Z,true,4.61,298.28,302.894584,109906,
3,masterRegionalFunds,2024-10-29T23:19:05.790Z,true,0.42,308.75,309.16875,1268,
4,masterAllocationTypes,2024-10-29T23:19:05.790Z,true,0.59,300.15,300.746875,242,
5,launchedAllocationsData,2024-10-29T23:19:05.790Z,true,1371.01,12454.37,13825.381916999999,601909,
6,contributionsData,2024-10-29T23:19:05.790Z,true,4,323.72,327.72404099999994,82992,
7,allocationFlowData,2024-10-29T23:19:05.790Z,true,1.6,4663.89,4665.489,41439,
8,masterPooledFunds,2024-10-29T23:19:05.790Z,true,0.07,4373.66,4373.7300829999995,1728,
9,masterPartners,2024-10-29T23:19:05.790Z,true,0.08,4469.43,4469.516625,107,
10,masterSubPartners,2024-10-29T23:19:05.790Z,true,0.08,4400.2,4400.282458000001,483,
11,allocationsData,2024-10-29T23:19:05.790Z,true,984.23,4402.86,5387.082125000001,126421,
12,contributionsTotalData,2024-10-29T23:19:05.790Z,true,2110.73,4404.94,6515.675458,231879,
13,targetedPersonsData,2024-10-29T23:19:05.790Z,true,1570.76,4952.53,6523.291709,359366,
14,targetedPersonsDetailsData,2024-10-29T23:19:05.790Z,true,2429.11,4897.39,7326.5047079999995,1891300,
15,dataGam,2024-10-29T23:19:05.790Z,true,0.32,5351.1,5351.419290999999,29053,
16,masterGam,2024-10-29T23:19:05.790Z,true,0.4,4342.69,4343.091375,947,
17,masterOrganizations,2024-10-29T23:19:05.790Z,true,0.81,3083.86,3084.669417,258,
18,masterSectors,2024-10-29T23:19:05.790Z,true,0.4,3056.21,3056.6065839999997,1390,
19,allocationsDataResults,2024-10-29T23:19:05.790Z,true,314.04,4344.18,4658.216292,59307,
20,resultsBySector,2024-10-29T23:19:05.790Z,true,146.04,3138.54,3284.579458,857738,
21,resultsByDisability,2024-10-29T23:19:05.790Z,true,198.76,3201.02,3399.778875,734927,
22,resultsByType,2024-10-29T23:19:05.790Z,true,226.19,3135.09,3361.2853330000003,2426573,
23,resultsByBeneficiaryType,2024-10-29T23:19:05.790Z,true,195.55,3193.65,3389.1942910000002,942743,
24,resultsByOrganization,2024-10-29T23:19:05.790Z,true,125.84,3135.23,3261.0697499999997,830457,
25,masterLocations,2024-10-29T23:19:05.790Z,true,18.78,4040.83,4059.617625,681077,
26,masterBeneficiaryType,2024-10-29T23:19:05.790Z,true,0.29,3103.28,3103.57125,602,
27,projectSummaryProgress,2024-10-29T23:19:05.790Z,true,1703.32,4814.37,6517.696834,205559,
28,sectorsData,2024-10-29T23:19:05.790Z,true,637.46,5023.18,5660.6311670000005,126947,
29,globalIndicators,2024-10-29T23:19:05.790Z,true,1338.83,11130.57,12469.402833,353996,
30,masterOrganizationsProgress,2024-10-29T23:19:05.790Z,true,1333.32,4682.64,6015.959457999999,994823,
31,projectStatusMaster,2024-10-29T23:19:05.790Z,true,639.58,4380.71,5020.287625,401698,
32,masterAllocationSource,2024-10-29T23:19:05.790Z,true,0.11,4338.12,4338.233959,54,
33,masterSectorsVo2,2024-10-29T23:19:05.790Z,true,0.09,4395.45,4395.537415999999,464,
34,masterGlobalIndicators,2024-10-29T23:19:05.790Z,true,0.43,4416.26,4416.691916000001,50696,
35,masterEmergencies,2024-10-29T23:19:05.790Z,true,0.08,4373.7,4373.78125,2278,
36,projectSummary,2024-10-29T23:19:05.790Z,true,1803.89,4376.13,6180.016208,337963,
37,projectSummaryAggregate,2024-10-29T23:19:05.790Z,true,1250.08,12675.94,13926.023625,967399,
38,HRPSummary,2024-10-29T23:19:05.790Z,true,0.08,4406.92,4406.9983330000005,15933,
1,masterDonors,2024-10-31T01:22:00.624Z,true,1.9,336.43,338.33020899999997,25473,
2,masterFunds,2024-10-31T01:22:00.624Z,true,1.29,307.49,308.786333,109906,
3,masterRegionalFunds,2024-10-31T01:22:00.624Z,true,0.51,300.76,301.278334,1268,
4,masterAllocationTypes,2024-10-31T01:22:00.624Z,true,2.16,295.65,297.80387500000006,242,
5,launchedAllocationsData,2024-10-31T01:22:00.624Z,true,1451.94,3278.62,4730.566917,601911,
6,contributionsData,2024-10-31T01:22:00.624Z,true,3.28,309.88,313.154667,82986,
7,allocationFlowData,2024-10-31T01:22:00.624Z,true,0.44,2050.3,2050.740833,41441,
8,masterPooledFunds,2024-10-31T01:22:00.624Z,true,0.09,1831.58,1831.672834,1728,
9,masterPartners,2024-10-31T01:22:00.624Z,true,0.74,1830.52,1831.2617919999998,107,
10,masterSubPartners,2024-10-31T01:22:00.624Z,true,0.09,1825.29,1825.381875,483,
11,allocationsData,2024-10-31T01:22:00.624Z,true,779.39,1875.77,2655.157917,126423,
12,contributionsTotalData,2024-10-31T01:22:00.624Z,true,1345.33,1975.54,3320.866792,231883,
13,targetedPersonsData,2024-10-31T01:22:00.624Z,true,1665.77,2459.33,4125.10375,359460,
14,targetedPersonsDetailsData,2024-10-31T01:22:00.624Z,true,3036.61,2258.62,5295.230083,1892338,
15,dataGam,2024-10-31T01:22:00.624Z,true,0.41,2928.94,2929.357166,29058,
16,masterGam,2024-10-31T01:22:00.624Z,true,0.39,1826.32,1826.7085,947,
17,masterOrganizations,2024-10-31T01:22:00.624Z,true,0.47,651.11,651.579792,258,
18,masterSectors,2024-10-31T01:22:00.624Z,true,0.44,631.34,631.775375,1390,
19,allocationsDataResults,2024-10-31T01:22:00.624Z,true,333.42,1831.92,2165.341792,59307,
20,resultsBySector,2024-10-31T01:22:00.624Z,true,161.95,678.8,840.7497089999999,857738,
21,resultsByDisability,2024-10-31T01:22:00.624Z,true,84.7,666.46,751.163458,734927,
22,resultsByType,2024-10-31T01:22:00.624Z,true,188.58,743.53,932.108542,2426573,
23,resultsByBeneficiaryType,2024-10-31T01:22:00.624Z,true,175,677.24,852.2364590000001,942743,
24,resultsByOrganization,2024-10-31T01:22:00.624Z,true,128.12,672.13,800.251333,830457,
25,masterLocations,2024-10-31T01:22:00.624Z,true,87.47,699.35,786.823417,681077,
26,masterBeneficiaryType,2024-10-31T01:22:00.624Z,true,0.26,648.89,649.15525,602,
27,projectSummaryProgress,2024-10-31T01:22:00.624Z,true,1218.45,2814.76,4033.2104170000002,208917,
28,sectorsData,2024-10-31T01:22:00.624Z,true,679.31,2743.99,3423.294417,128930,
29,globalIndicators,2024-10-31T01:22:00.624Z,true,1679.48,4880.78,6560.257125,356200,
30,masterOrganizationsProgress,2024-10-31T01:22:00.624Z,true,1673.03,2080.2,3753.2388339999998,997195,
31,projectStatusMaster,2024-10-31T01:22:00.624Z,true,668.55,1977.89,2646.44075,401628,
32,masterAllocationSource,2024-10-31T01:22:00.624Z,true,0.08,1841.86,1841.9379999999999,54,
33,masterSectorsVo2,2024-10-31T01:22:00.624Z,true,0.13,1808.8,1808.9282090000002,464,
34,masterGlobalIndicators,2024-10-31T01:22:00.624Z,true,2.85,1964.9,1967.7509159999997,50696,
35,masterEmergencies,2024-10-31T01:22:00.624Z,true,0.09,1836.43,1836.5167920000001,2278,
36,projectSummary,2024-10-31T01:22:00.624Z,true,1347.14,1871.8,3218.9433339999996,342063,
37,projectSummaryAggregate,2024-10-31T01:22:00.624Z,true,1341.68,10465.19,11806.866625,975898,
38,HRPSummary,2024-10-31T01:22:00.624Z,true,1.95,1964.59,1966.542958,15933,
1,masterDonors,2024-10-31T01:26:26.794Z,true,0.86,326.69,327.551792,25473,
2,masterFunds,2024-10-31T01:26:26.794Z,true,5.04,287.39,292.4265,109906,
3,masterRegionalFunds,2024-10-31T01:26:26.794Z,true,0.41,300.66,301.072458,1268,
4,masterAllocationTypes,2024-10-31T01:26:26.794Z,true,0.41,287.47,287.883917,242,
5,launchedAllocationsData,2024-10-31T01:26:26.794Z,true,1347.51,3681.53,5029.0421670000005,601911,
6,contributionsData,2024-10-31T01:26:26.794Z,true,2.96,304.5,307.452042,82986,
7,allocationFlowData,2024-10-31T01:26:26.794Z,true,2.35,2730.78,2733.139291,41441,
8,masterPooledFunds,2024-10-31T01:26:26.794Z,true,0.11,2276.75,2276.861209,1728,
9,masterPartners,2024-10-31T01:26:26.794Z,true,0.09,2381.98,2382.075333,107,
10,masterSubPartners,2024-10-31T01:26:26.794Z,true,0.36,2728.26,2728.622542,483,
11,allocationsData,2024-10-31T01:26:26.794Z,true,674.1,2585.28,3259.376125,126423,
12,contributionsTotalData,2024-10-31T01:26:26.794Z,true,1361.15,2726.39,4087.544875,231883,
13,targetedPersonsData,2024-10-31T01:26:26.794Z,true,1221.35,3100.04,4321.387417,359460,
14,targetedPersonsDetailsData,2024-10-31T01:26:26.794Z,true,3838.53,2807.41,6645.9472909999995,1892338,
15,dataGam,2024-10-31T01:26:26.794Z,true,0.32,3396.11,3396.430375,29058,
16,masterGam,2024-10-31T01:26:26.794Z,true,0.09,2279.19,2279.274458,947,
17,masterOrganizations,2024-10-31T01:26:26.794Z,true,0.48,1107.82,1108.300208,258,
18,masterSectors,2024-10-31T01:26:26.794Z,true,0.47,1115.55,1116.02225,1390,
19,allocationsDataResults,2024-10-31T01:26:26.794Z,true,336.73,2720.3,3057.025666,59307,
20,resultsBySector,2024-10-31T01:26:26.794Z,true,154.07,1147.05,1301.120583,857738,
21,resultsByDisability,2024-10-31T01:26:26.794Z,true,114.76,1110.47,1225.225042,734927,
22,resultsByType,2024-10-31T01:26:26.794Z,true,215.29,1159.19,1374.475542,2426573,
23,resultsByBeneficiaryType,2024-10-31T01:26:26.794Z,true,125.98,1111.7,1237.678042,942743,
24,resultsByOrganization,2024-10-31T01:26:26.794Z,true,152.72,1120.28,1273.0014999999999,830457,
25,masterLocations,2024-10-31T01:26:26.794Z,true,101.34,1126.28,1227.616417,681077,
26,masterBeneficiaryType,2024-10-31T01:26:26.794Z,true,0.44,896.84,897.2789170000001,602,
27,projectSummaryProgress,2024-10-31T01:26:26.794Z,true,1452.05,2732.45,4184.498792,208917,
28,sectorsData,2024-10-31T01:26:26.794Z,true,671.9,3230.66,3902.5554580000003,128930,
29,globalIndicators,2024-10-31T01:26:26.794Z,true,1114.07,5440.32,6554.391374999999,356200,
30,masterOrganizationsProgress,2024-10-31T01:26:26.794Z,true,1541.76,2723.4,4265.156583,997195,
31,projectStatusMaster,2024-10-31T01:26:26.794Z,true,680.49,2722.97,3403.4633750000003,401628,
32,masterAllocationSource,2024-10-31T01:26:26.794Z,true,0.1,2279.86,2279.957,54,
33,masterSectorsVo2,2024-10-31T01:26:26.794Z,true,0.84,2721.11,2721.95125,464,
34,masterGlobalIndicators,2024-10-31T01:26:26.794Z,true,1.18,2718.4,2719.575042,50696,
35,masterEmergencies,2024-10-31T01:26:26.794Z,true,0.32,2718.91,2719.235792,2278,
36,projectSummary,2024-10-31T01:26:26.794Z,true,2467.06,2723.46,5190.520082999999,342063,
37,projectSummaryAggregate,2024-10-31T01:26:26.794Z,true,1119.61,11199.7,12319.309583,975898,
38,HRPSummary,2024-10-31T01:26:26.794Z,true,0.17,2720.36,2720.5285830000003,15933,
39,emergencySummary,2024-10-31T01:26:26.794Z,false,,,,,Request failed with status 500
1,masterDonors,2024-11-01T01:13:00.927Z,true,3.46,335.93,339.39133300000003,25473,
2,masterFunds,2024-11-01T01:13:00.927Z,true,2.14,312.01,314.152042,109906,
3,masterRegionalFunds,2024-11-01T01:13:00.927Z,true,0.75,298.97,299.717833,1268,
4,masterAllocationTypes,2024-11-01T01:13:00.927Z,true,0.29,310.96,311.25120899999996,242,
5,launchedAllocationsData,2024-11-01T01:13:00.927Z,true,1802.96,5397.49,7200.450333,601914,
6,contributionsData,2024-11-01T01:13:00.927Z,true,2.54,305.12,307.65758299999993,82986,
7,allocationFlowData,2024-11-01T01:13:00.927Z,true,0.39,4047.11,4047.496583,41518,
8,masterPooledFunds,2024-11-01T01:13:00.927Z,true,0.11,3814.37,3814.4783330000005,1728,
9,masterPartners,2024-11-01T01:13:00.927Z,true,0.09,3820.05,3820.139917,107,
10,masterSubPartners,2024-11-01T01:13:00.927Z,true,0.11,3799.01,3799.1239159999996,483,
11,allocationsData,2024-11-01T01:13:00.927Z,true,1344.02,3942.24,5286.259041,126398,
12,contributionsTotalData,2024-11-01T01:13:00.927Z,true,1697.28,3946.99,5644.269416,231883,
13,targetedPersonsData,2024-11-01T01:13:00.927Z,true,1794.82,4464.25,6259.06625,359854,
14,targetedPersonsDetailsData,2024-11-01T01:13:00.927Z,true,2570.46,4402,6972.457042,1895202,
15,dataGam,2024-11-01T01:13:00.927Z,true,0.37,4963.31,4963.677874999999,29061,
16,masterGam,2024-11-01T01:13:00.927Z,true,0.09,3819.68,3819.770541,947,
17,masterOrganizations,2024-11-01T01:13:00.927Z,true,0.42,2608.95,2609.375084,258,
18,masterSectors,2024-11-01T01:13:00.927Z,true,0.56,2620.99,2621.550667,1390,
19,allocationsDataResults,2024-11-01T01:13:00.927Z,true,338.62,3935.57,4274.190667,59278,
20,resultsBySector,2024-11-01T01:13:00.927Z,true,109.23,2654.57,2763.800542,857738,
21,resultsByDisability,2024-11-01T01:13:00.927Z,true,138.95,2664.17,2803.1137909999998,734927,
22,resultsByType,2024-11-01T01:13:00.927Z,true,98.39,2826.24,2924.628667,2426573,
23,resultsByBeneficiaryType,2024-11-01T01:13:00.927Z,true,135.09,2688.22,2823.311917,942743,
24,resultsByOrganization,2024-11-01T01:13:00.927Z,true,124.56,2654.13,2778.6885,830457,
25,masterLocations,2024-11-01T01:13:00.927Z,true,99.93,2678.14,2778.067916,681077,
26,masterBeneficiaryType,2024-11-01T01:13:00.927Z,true,0.35,2637.73,2638.0745,602,
27,projectSummaryProgress,2024-11-01T01:13:00.927Z,true,1121.08,4296.47,5417.548291,216675,
28,sectorsData,2024-11-01T01:13:00.927Z,true,669.1,4761.66,5430.76225,135675,
29,globalIndicators,2024-11-01T01:13:00.927Z,true,1695.17,10302.1,11997.270541999998,363181,
30,masterOrganizationsProgress,2024-11-01T01:13:00.927Z,true,1455.07,4197.82,5652.886875,997236,
31,projectStatusMaster,2024-11-01T01:13:00.927Z,true,685.84,3993.58,4679.416375,401690,
32,masterAllocationSource,2024-11-01T01:13:00.927Z,true,0.12,3819.25,3819.373917,54,
33,masterSectorsVo2,2024-11-01T01:13:00.927Z,true,0.73,3933.84,3934.5700420000003,464,
34,masterGlobalIndicators,2024-11-01T01:13:00.927Z,true,0.49,3932.01,3932.493792,50696,
35,masterEmergencies,2024-11-01T01:13:00.927Z,true,0.45,3933.68,3934.1318749999996,2278,
36,projectSummary,2024-11-01T01:13:00.927Z,true,1692.86,3936.13,5628.988708,353918,
37,projectSummaryAggregate,2024-11-01T01:13:00.927Z,false,,,,,Request timed out after 30000ms
38,HRPSummary,2024-11-01T01:13:00.927Z,true,0.12,3964.97,3965.091333,15933,
39,emergencySummary,2024-11-01T01:13:00.927Z,false,,,,,Request failed with status 500
1,masterDonors,2024-11-01T01:17:24.782Z,true,0.63,323.97,324.593208,25473,
2,masterFunds,2024-11-01T01:17:24.782Z,true,1.71,281.89,283.59529200000003,109906,
3,masterRegionalFunds,2024-11-01T01:17:24.782Z,true,3.64,275.24,278.87899999999996,1268,
4,masterAllocationTypes,2024-11-01T01:17:24.782Z,true,0.36,286.59,286.94787499999995,242,
5,launchedAllocationsData,2024-11-01T01:17:24.782Z,true,1796.72,3322.15,5118.861792,601914,
6,contributionsData,2024-11-01T01:17:24.782Z,true,2.38,275.99,278.367542,82986,
7,allocationFlowData,2024-11-01T01:17:24.782Z,true,1711.87,3727.94,5439.811875,41518,
8,masterPooledFunds,2024-11-01T01:17:24.782Z,true,0.1,3747.18,3747.2749169999997,1728,
9,masterPartners,2024-11-01T01:17:24.782Z,true,0.15,1768.88,1769.0305,107,
10,masterSubPartners,2024-11-01T01:17:24.782Z,true,0.1,1809.06,1809.1536660000002,483,
11,allocationsData,2024-11-01T01:17:24.782Z,true,2365.93,5695.64,8061.565,126398,
12,contributionsTotalData,2024-11-01T01:17:24.782Z,true,3121.38,5695.13,8816.5155,231883,
13,targetedPersonsData,2024-11-01T01:17:24.782Z,true,3776.17,3763.53,7539.705042,359854,
14,targetedPersonsDetailsData,2024-11-01T01:17:24.782Z,true,6853.25,3763.92,10617.166292,1895202,
15,dataGam,2024-11-01T01:17:24.782Z,true,0.41,3638.64,3639.044375,29061,
16,masterGam,2024-11-01T01:17:24.782Z,true,0.11,1779.84,1779.9453330000001,947,
17,masterOrganizations,2024-11-01T01:17:24.782Z,true,0.3,633.13,633.429625,258,
18,masterSectors,2024-11-01T01:17:24.782Z,true,0.55,577.85,578.396416,1390,
19,allocationsDataResults,2024-11-01T01:17:24.782Z,true,2042.15,3721.25,5763.402,59278,
20,resultsBySector,2024-11-01T01:17:24.782Z,true,101.78,573.91,675.6915410000001,857738,
21,resultsByDisability,2024-11-01T01:17:24.782Z,true,151.7,589.86,741.563375,734927,
22,resultsByType,2024-11-01T01:17:24.782Z,true,212.34,631,843.3395419999999,2426573,
23,resultsByBeneficiaryType,2024-11-01T01:17:24.782Z,true,129.89,573.63,703.5228749999999,942743,
24,resultsByOrganization,2024-11-01T01:17:24.782Z,true,160.56,601.73,762.29425,830457,
25,masterLocations,2024-11-01T01:17:24.782Z,true,102.89,617.45,720.34225,681077,
26,masterBeneficiaryType,2024-11-01T01:17:24.782Z,true,0.52,582.36,582.880959,602,
27,projectSummaryProgress,2024-11-01T01:17:24.782Z,true,4455.34,3031.38,7486.71875,216675,
28,sectorsData,2024-11-01T01:17:24.782Z,true,2479.84,3717.35,6197.1885,135675,
29,globalIndicators,2024-11-01T01:17:24.782Z,true,1768.61,5138.8,6907.403915999999,363181,
30,masterOrganizationsProgress,2024-11-01T01:17:24.782Z,true,5879.29,3736.84,9616.126958,997236,
31,projectStatusMaster,2024-11-01T01:17:24.782Z,true,676.05,2750.52,3426.573875,401690,
32,masterAllocationSource,2024-11-01T01:17:24.782Z,true,0.5,3716.75,3717.24475,54,
33,masterSectorsVo2,2024-11-01T01:17:24.782Z,true,0.17,3726.46,3726.6256249999997,464,
34,masterGlobalIndicators,2024-11-01T01:17:24.782Z,true,1390.62,3725.76,5116.377791999999,50696,
35,masterEmergencies,2024-11-01T01:17:24.782Z,true,1.14,5685.79,5686.9328749999995,2278,
36,projectSummary,2024-11-01T01:17:24.782Z,true,2685.44,2720.08,5405.5185,353918,
37,projectSummaryAggregate,2024-11-01T01:17:24.782Z,false,,,,,Request timed out after 30000ms
38,HRPSummary,2024-11-01T01:17:24.782Z,true,0.66,5685.41,5686.0711249999995,15933,
39,emergencySummary,2024-11-01T01:17:24.782Z,false,,,,,Request failed with status 500
1,masterDonors,2024-11-01T01:18:29.135Z,true,2.4,108.48,110.87458300000003,25473,
2,masterFunds,2024-11-01T01:18:29.135Z,true,6.36,62.06,68.41837499999997,109906,
3,masterRegionalFunds,2024-11-01T01:18:29.135Z,true,0.51,69.11,69.61966699999999,1268,
4,masterAllocationTypes,2024-11-01T01:18:29.135Z,true,0.48,64.12,64.60120799999999,242,
5,launchedAllocationsData,2024-11-01T01:18:29.135Z,true,1545.98,5972.95,7518.932792,601914,
6,contributionsData,2024-11-01T01:18:29.135Z,true,2.14,64.17,66.305542,82986,
7,allocationFlowData,2024-11-01T01:18:29.135Z,true,0.32,4549.01,4549.331333,41518,
8,masterPooledFunds,2024-11-01T01:18:29.135Z,true,0.99,4546.73,4547.721208,1728,
9,masterPartners,2024-11-01T01:18:29.135Z,true,0.39,4540.68,4541.067833,107,
10,masterSubPartners,2024-11-01T01:18:29.135Z,true,0.32,4543.34,4543.656042,483,
11,allocationsData,2024-11-01T01:18:29.135Z,true,1002.79,4542.53,5545.32125,126398,
12,contributionsTotalData,2024-11-01T01:18:29.135Z,true,1674.32,4544.21,6218.524166,231881,
13,targetedPersonsData,2024-11-01T01:18:29.135Z,true,2008.9,4561.23,6570.131917,359854,
14,targetedPersonsDetailsData,2024-11-01T01:18:29.135Z,true,2480.54,4552.74,7033.275792,1895202,
15,dataGam,2024-11-01T01:18:29.135Z,true,0.72,4827.8,4828.520583,29061,
16,masterGam,2024-11-01T01:18:29.135Z,true,0.08,4559.08,4559.161792,947,
17,masterOrganizations,2024-11-01T01:18:29.135Z,true,1.67,2394.4,2396.072042,258,
18,masterSectors,2024-11-01T01:18:29.135Z,true,3.32,2413.16,2416.473459,1390,
19,allocationsDataResults,2024-11-01T01:18:29.135Z,true,331.81,4533.88,4865.68275,59278,
20,resultsBySector,2024-11-01T01:18:29.135Z,true,151.39,2393.93,2545.324708,857738,
21,resultsByDisability,2024-11-01T01:18:29.135Z,true,192.53,2414.8,2607.3229579999997,734927,
22,resultsByType,2024-11-01T01:18:29.135Z,true,274.25,2393.93,2668.186,2426573,
23,resultsByBeneficiaryType,2024-11-01T01:18:29.135Z,true,252.56,2410.92,2663.48275,942743,
24,resultsByOrganization,2024-11-01T01:18:29.135Z,true,195.49,2407.47,2602.957834,830457,
25,masterLocations,2024-11-01T01:18:29.135Z,true,64.46,2391.32,2455.7837090000003,681077,
26,masterBeneficiaryType,2024-11-01T01:18:29.135Z,true,0.38,2413.51,2413.8878330000002,602,
27,projectSummaryProgress,2024-11-01T01:18:29.135Z,true,2470.93,4973.02,7443.951459,216675,
28,sectorsData,2024-11-01T01:18:29.135Z,true,776.1,4647.4,5423.5043749999995,135675,
29,globalIndicators,2024-11-01T01:18:29.135Z,true,1116.46,7551.85,8668.301417,363181,
30,masterOrganizationsProgress,2024-11-01T01:18:29.135Z,true,1441.12,4541.13,5982.251583,997236,
31,projectStatusMaster,2024-11-01T01:18:29.135Z,true,671.7,4543.03,5214.734292,401690,
32,masterAllocationSource,2024-11-01T01:18:29.135Z,true,0.32,4545.68,4545.999,54,
33,masterSectorsVo2,2024-11-01T01:18:29.135Z,true,0.28,4542.37,4542.650667,464,
34,masterGlobalIndicators,2024-11-01T01:18:29.135Z,true,0.35,4535.8,4536.148042000001,50696,
35,masterEmergencies,2024-11-01T01:18:29.135Z,true,0.4,4535.36,4535.759833,2278,
36,projectSummary,2024-11-01T01:18:29.135Z,true,2723.17,4547.75,7270.918875,353918,
37,projectSummaryAggregate,2024-11-01T01:18:29.135Z,false,,,,,Request timed out after 30000ms
38,HRPSummary,2024-11-01T01:18:29.135Z,true,0.11,4542.17,4542.278542,15933,
39,emergencySummary,2024-11-01T01:18:29.135Z,false,,,,,Request failed with status 500
1,masterDonors,2024-11-01T01:30:56.347Z,true,1.09,350.19,351.276208,25473,
2,masterFunds,2024-11-01T01:30:56.347Z,true,2.5,343.31,345.814125,109906,
3,masterRegionalFunds,2024-11-01T01:30:56.347Z,true,3.15,293.47,296.6170420000001,1268,
4,masterAllocationTypes,2024-11-01T01:30:56.347Z,true,0.39,298.57,298.967583,242,
5,launchedAllocationsData,2024-11-01T01:30:56.347Z,true,1688.44,5741.04,7429.485084,601914,
6,contributionsData,2024-11-01T01:30:56.347Z,true,3.01,346.27,349.27429199999995,82986,
7,allocationFlowData,2024-11-01T01:30:56.347Z,true,0.39,4414.27,4414.662083,41518,
8,masterPooledFunds,2024-11-01T01:30:56.347Z,true,1.41,4265.1,4266.5125419999995,1728,
9,masterPartners,2024-11-01T01:30:56.347Z,true,0.44,4261.54,4261.984292,107,
10,masterSubPartners,2024-11-01T01:30:56.347Z,true,1.61,4260.5,4262.109042,483,
11,allocationsData,2024-11-01T01:30:56.347Z,true,1001.85,4259.04,5260.891625,126398,
12,contributionsTotalData,2024-11-01T01:30:56.347Z,true,1668.54,4305.7,5974.238959,231881,
13,targetedPersonsData,2024-11-01T01:30:56.347Z,true,1687.72,4822.48,6510.205917,359854,
14,targetedPersonsDetailsData,2024-11-01T01:30:56.347Z,true,2344.38,4608.3,6952.677124999999,1895202,
15,dataGam,2024-11-01T01:30:56.347Z,true,0.31,5296.4,5296.717709,29061,
16,masterGam,2024-11-01T01:30:56.347Z,true,0.13,4250.51,4250.640083,947,
17,masterOrganizations,2024-11-01T01:30:56.347Z,true,0.47,2946.83,2947.3,258,
18,masterSectors,2024-11-01T01:30:56.347Z,true,0.48,2974.39,2974.8664590000003,1390,
19,allocationsDataResults,2024-11-01T01:30:56.347Z,true,341.79,4247.04,4588.825875,59278,
20,resultsBySector,2024-11-01T01:30:56.347Z,true,179.3,2961.08,3140.378166,857738,
21,resultsByDisability,2024-11-01T01:30:56.347Z,true,192.42,3002.06,3194.478709,734927,
22,resultsByType,2024-11-01T01:30:56.347Z,true,263.43,2943.66,3207.085667,2426573,
23,resultsByBeneficiaryType,2024-11-01T01:30:56.347Z,true,205.32,2985.08,3190.3994580000003,942743,
24,resultsByOrganization,2024-11-01T01:30:56.347Z,true,83.32,2938.75,3022.073792,830457,
25,masterLocations,2024-11-01T01:30:56.347Z,true,91.13,2952.75,3043.881625,681077,
26,masterBeneficiaryType,2024-11-01T01:30:56.347Z,true,0.41,3009.8,3010.21175,602,
27,projectSummaryProgress,2024-11-01T01:30:56.347Z,true,2011.23,4590.39,6601.621665999999,216675,
28,sectorsData,2024-11-01T01:30:56.347Z,true,680.53,5070.63,5751.1600419999995,135675,
29,globalIndicators,2024-11-01T01:30:56.347Z,true,1811.35,7596.76,9408.116791,363181,
30,masterOrganizationsProgress,2024-11-01T01:30:56.347Z,true,1455.74,4828.61,6284.354125,997236,
31,projectStatusMaster,2024-11-01T01:30:56.347Z,true,671.63,4271.92,4943.547792,401690,
32,masterAllocationSource,2024-11-01T01:30:56.347Z,true,1.17,4241.31,4242.486290999999,54,
33,masterSectorsVo2,2024-11-01T01:30:56.347Z,true,1.02,4241.84,4242.858375,464,
34,masterGlobalIndicators,2024-11-01T01:30:56.347Z,true,3.19,4239.4,4242.586,50696,
35,masterEmergencies,2024-11-01T01:30:56.347Z,true,0.27,4242.29,4242.558875,2278,
36,projectSummary,2024-11-01T01:30:56.347Z,true,1689.36,4244.43,5933.791833,353918,
37,projectSummaryAggregate,2024-11-01T01:30:56.347Z,false,,,,,Request timed out after 30000ms
38,HRPSummary,2024-11-01T01:30:56.347Z,true,0.38,4242.1,4242.478208,15933,
39,emergencySummary,2024-11-01T01:30:56.347Z,false,,,,,Request failed with status 500
1,masterDonors,2024-11-01T01:36:04.815Z,true,4.1,78.74,82.836208,25473,
2,masterFunds,2024-11-01T01:36:04.815Z,true,2.03,56.53,58.55808300000001,109906,
3,masterRegionalFunds,2024-11-01T01:36:04.815Z,true,0.96,62.71,63.662125,1268,
4,masterAllocationTypes,2024-11-01T01:36:04.815Z,true,0.41,57.75,58.160334000000034,242,
5,launchedAllocationsData,2024-11-01T01:36:04.815Z,true,1779.32,3866.83,5646.149959,601914,
6,contributionsData,2024-11-01T01:36:04.815Z,true,2.83,61.94,64.76712499999996,82986,
7,allocationFlowData,2024-11-01T01:36:04.815Z,true,0.95,2881.14,2882.086958,41518,
8,masterPooledFunds,2024-11-01T01:36:04.815Z,true,4.24,2318.75,2322.9943329999996,1728,
9,masterPartners,2024-11-01T01:36:04.815Z,true,0.27,2240.42,2240.684125,107,
10,masterSubPartners,2024-11-01T01:36:04.815Z,true,0.44,2236.05,2236.488375,483,
11,allocationsData,2024-11-01T01:36:04.815Z,true,674.65,2322.51,2997.158542,126398,
12,contributionsTotalData,2024-11-01T01:36:04.815Z,true,2705.94,2877.29,5583.229209,231879,
13,targetedPersonsData,2024-11-01T01:36:04.815Z,true,2031.1,2950.95,4982.050958000001,359854,
14,targetedPersonsDetailsData,2024-11-01T01:36:04.815Z,true,2562.83,2870.75,5433.57225,1895202,
15,dataGam,2024-11-01T01:36:04.815Z,true,1.08,3417.95,3419.031916,29061,
16,masterGam,2024-11-01T01:36:04.815Z,true,2.14,2316.5,2318.63475,947,
17,masterOrganizations,2024-11-01T01:36:04.815Z,true,0.95,914.88,915.8264160000001,258,
18,masterSectors,2024-11-01T01:36:04.815Z,true,1.96,907.8,909.751041,1390,
19,allocationsDataResults,2024-11-01T01:36:04.815Z,true,334.37,2317.14,2651.5083329999998,59278,
20,resultsBySector,2024-11-01T01:36:04.815Z,true,131.02,912.58,1043.599208,857738,
21,resultsByDisability,2024-11-01T01:36:04.815Z,true,172.54,953.39,1125.932583,734927,
22,resultsByType,2024-11-01T01:36:04.815Z,true,257.63,919.61,1177.23875,2426573,
23,resultsByBeneficiaryType,2024-11-01T01:36:04.815Z,true,158.92,922.31,1081.228083,942743,
24,resultsByOrganization,2024-11-01T01:36:04.815Z,true,168.32,948.92,1117.234416,830457,
25,masterLocations,2024-11-01T01:36:04.815Z,true,27.77,907.18,934.9496669999999,681077,
26,masterBeneficiaryType,2024-11-01T01:36:04.815Z,true,0.7,955.18,955.886625,602,
27,projectSummaryProgress,2024-11-01T01:36:04.815Z,true,1698.58,3092.05,4790.6265,216675,
28,sectorsData,2024-11-01T01:36:04.815Z,true,1012.99,3216.47,4229.459875,135675,
29,globalIndicators,2024-11-01T01:36:04.815Z,true,1791.02,5786.64,7577.652958000001,363181,
30,masterOrganizationsProgress,2024-11-01T01:36:04.815Z,true,1347,2863.79,4210.788791999999,997236,
31,projectStatusMaster,2024-11-01T01:36:04.815Z,true,1005.27,2878.52,3883.7968749999995,401690,
32,masterAllocationSource,2024-11-01T01:36:04.815Z,true,1.52,2312.88,2314.403041,54,
33,masterSectorsVo2,2024-11-01T01:36:04.815Z,true,3.32,2310.81,2314.137041,464,
34,masterGlobalIndicators,2024-11-01T01:36:04.815Z,true,7.22,2308.19,2315.406291,50696,
35,masterEmergencies,2024-11-01T01:36:04.815Z,true,6.71,2306.89,2313.596959,2278,
36,projectSummary,2024-11-01T01:36:04.815Z,true,2117.97,2326.14,4444.110792,353918,
37,projectSummaryAggregate,2024-11-01T01:36:04.815Z,false,,,,,Request timed out after 30000ms
38,HRPSummary,2024-11-01T01:36:04.815Z,true,0.22,2865.66,2865.874458,15933,
39,emergencySummary,2024-11-01T01:36:04.815Z,true,2026.88,2874.37,4901.253583,484045,
1,masterDonors,2024-11-01T02:00:08.403Z,true,20.64,400.18,420.82145799999944,25473,
2,masterFunds,2024-11-01T02:00:08.403Z,true,7.9,342.08,349.97733400000016,109906,
3,masterRegionalFunds,2024-11-01T02:00:08.403Z,true,6.81,337.07,343.87775000000056,1268,
4,masterAllocationTypes,2024-11-01T02:00:08.403Z,true,2.48,331.17,333.6434589999999,242,
5,launchedAllocationsData,2024-11-01T02:00:08.403Z,true,1449.23,5517.98,6967.2114169999995,601914,
6,contributionsData,2024-11-01T02:00:08.403Z,true,8.17,337.05,345.2212090000003,82986,
7,allocationFlowData,2024-11-01T02:00:08.403Z,true,1.4,2897.36,2898.7604579999997,41518,
8,masterPooledFunds,2024-11-01T02:00:08.403Z,true,2.06,2861.44,2863.4967499999993,1728,
9,masterPartners,2024-11-01T02:00:08.403Z,true,4.23,2857.32,2861.55275,107,
10,masterSubPartners,2024-11-01T02:00:08.403Z,true,0.25,2846.23,2846.4742079999996,483,
11,allocationsData,2024-11-01T02:00:08.403Z,true,666.13,2876.47,3542.59775,126398,
12,contributionsTotalData,2024-11-01T02:00:08.403Z,true,1353.4,2881.08,4234.480458999999,231887,
13,targetedPersonsData,2024-11-01T02:00:08.403Z,true,1694.95,3514.12,5209.0666249999995,359854,
14,targetedPersonsDetailsData,2024-11-01T02:00:08.403Z,true,3727.19,3172.19,6899.371957999999,1895202,
15,dataGam,2024-11-01T02:00:08.403Z,true,0.9,3872.55,3873.444124999999,29061,
16,masterGam,2024-11-01T02:00:08.403Z,true,2.99,2849.3,2852.2943749999995,947,
17,masterOrganizations,2024-11-01T02:00:08.403Z,true,1.86,1455.58,1457.438416,258,
18,masterSectors,2024-11-01T02:00:08.403Z,true,1.76,1448.61,1450.3664159999998,1390,
19,allocationsDataResults,2024-11-01T02:00:08.403Z,true,339.22,2847.24,3186.466541,59278,
20,resultsBySector,2024-11-01T02:00:08.403Z,true,123.28,1499.34,1622.6212920000007,857738,
21,resultsByDisability,2024-11-01T02:00:08.403Z,true,77.2,1482.72,1559.922541,734927,
22,resultsByType,2024-11-01T02:00:08.403Z,true,194.41,1552.38,1746.794084000001,2426573,
23,resultsByBeneficiaryType,2024-11-01T02:00:08.403Z,true,139.99,1506.93,1646.9231250000003,942743,
24,resultsByOrganization,2024-11-01T02:00:08.403Z,true,137.89,1526.45,1664.344915999999,830457,
25,masterLocations,2024-11-01T02:00:08.403Z,true,20.9,1477.41,1498.3116659999996,681077,
26,masterBeneficiaryType,2024-11-01T02:00:08.403Z,true,1.11,1459.8,1460.9115420000007,602,
27,projectSummaryProgress,2024-11-01T02:00:08.403Z,true,1001.59,3228.54,4230.13,216675,
28,sectorsData,2024-11-01T02:00:08.403Z,true,785.08,3841.36,4626.4409590000005,135675,
29,globalIndicators,2024-11-01T02:00:08.403Z,true,1792.69,7160.04,8952.730833,363181,
30,masterOrganizationsProgress,2024-11-01T02:00:08.403Z,true,1444.75,3397.33,4842.076166000001,997236,
31,projectStatusMaster,2024-11-01T02:00:08.403Z,true,345.37,3032.51,3377.8877079999993,401698,
32,masterAllocationSource,2024-11-01T02:00:08.403Z,true,4.47,2857.04,2861.504583,54,
33,masterSectorsVo2,2024-11-01T02:00:08.403Z,true,21.81,2836.7,2858.5055,464,
34,masterGlobalIndicators,2024-11-01T02:00:08.403Z,true,3.17,2857.12,2860.2878330000003,50696,
35,masterEmergencies,2024-11-01T02:00:08.403Z,true,8.49,2849.36,2857.852749999999,2278,
36,projectSummary,2024-11-01T02:00:08.403Z,true,1359.31,2854.89,4214.200375,353918,
37,projectSummaryAggregate,2024-11-01T02:00:08.403Z,false,,,,,The operation was aborted.
38,HRPSummary,2024-11-01T02:00:08.403Z,true,3.23,2851.54,2854.776083999999,15933,
39,emergencySummary,2024-11-01T02:00:08.403Z,true,1349.19,2852.96,4202.141209,484045,
1,masterDonors,2024-11-03T00:42:43.437Z,true,1.12,348.38,349.494458,25473,
2,masterFunds,2024-11-03T00:42:43.437Z,true,5.68,309.96,315.63641600000005,109906,
3,masterRegionalFunds,2024-11-03T00:42:43.437Z,true,9.39,302.34,311.733041,1268,
4,masterAllocationTypes,2024-11-03T00:42:43.437Z,true,0.67,312.13,312.80204200000003,242,
5,launchedAllocationsData,2024-11-03T00:42:43.437Z,true,1807.33,6237.04,8044.372542,602082,
6,contributionsData,2024-11-03T00:42:43.437Z,true,4.5,327,331.497292,82986,
7,allocationFlowData,2024-11-03T00:42:43.437Z,true,2.67,4827.2,4829.873416,41520,
8,masterPooledFunds,2024-11-03T00:42:43.437Z,true,0.46,4613.87,4614.331708,1728,
9,masterPartners,2024-11-03T00:42:43.437Z,true,0.39,4581.13,4581.525125,107,
10,masterSubPartners,2024-11-03T00:42:43.437Z,true,1.01,4640.15,4641.163124999999,483,
11,allocationsData,2024-11-03T00:42:43.437Z,true,1015.13,4765.15,5780.282999999999,126259,
12,contributionsTotalData,2024-11-03T00:42:43.437Z,true,1706.13,4769.81,6475.942749999999,232264,
13,targetedPersonsData,2024-11-03T00:42:43.437Z,true,3080.05,5885.64,8965.696167,360283,
14,targetedPersonsDetailsData,2024-11-03T00:42:43.437Z,true,2478.73,5022.28,7501.012875,1897079,
15,dataGam,2024-11-03T00:42:43.437Z,true,2.15,5803.51,5805.653042,29063,
16,masterGam,2024-11-03T00:42:43.437Z,true,2.5,4761.57,4764.065458,947,
17,masterOrganizations,2024-11-03T00:42:43.437Z,true,1.08,3409.83,3410.9123750000003,258,
18,masterSectors,2024-11-03T00:42:43.437Z,true,1.74,3394.88,3396.629542,1390,
19,allocationsDataResults,2024-11-03T00:42:43.437Z,true,342.48,4763.91,5106.386291,59232,
20,resultsBySector,2024-11-03T00:42:43.437Z,true,118.53,3444.64,3563.1727090000004,857738,
21,resultsByDisability,2024-11-03T00:42:43.437Z,true,110.41,3437.63,3548.0365829999996,734927,
22,resultsByType,2024-11-03T00:42:43.437Z,true,188.18,3494.7,3682.877458,2426573,
23,resultsByBeneficiaryType,2024-11-03T00:42:43.437Z,true,124.93,3509.84,3634.7660840000003,942743,
24,resultsByOrganization,2024-11-03T00:42:43.437Z,true,91.99,3430.09,3522.074333,830457,
25,masterLocations,2024-11-03T00:42:43.437Z,true,24.43,3420.67,3445.098542,681077,
26,masterBeneficiaryType,2024-11-03T00:42:43.437Z,true,1.65,3401.64,3403.291417,602,
27,projectSummaryProgress,2024-11-03T00:42:43.437Z,true,2029.47,5774.22,7803.693917,222861,
28,sectorsData,2024-11-03T00:42:43.437Z,true,685.86,6090.18,6776.040792000001,140322,
29,globalIndicators,2024-11-03T00:42:43.437Z,true,1110.76,8514.27,9625.028208,369206,
30,masterOrganizationsProgress,2024-11-03T00:42:43.437Z,true,1715.35,5140.95,6856.309209,997306,
31,projectStatusMaster,2024-11-03T00:42:43.437Z,true,685.38,4908.5,5593.883459,401624,
32,masterAllocationSource,2024-11-03T00:42:43.437Z,true,2.82,4759.53,4762.353166,54,
33,masterSectorsVo2,2024-11-03T00:42:43.437Z,true,0.24,4777.41,4777.6449170000005,464,
34,masterGlobalIndicators,2024-11-03T00:42:43.437Z,true,2.4,4761.53,4763.929708000001,50696,
35,masterEmergencies,2024-11-03T00:42:43.437Z,true,2.33,4760.86,4763.191917,2278,
36,projectSummary,2024-11-03T00:42:43.437Z,true,2383.74,4839.63,7223.365624999999,362427,
37,projectSummaryAggregate,2024-11-03T00:42:43.437Z,false,,,,,The operation was aborted.
38,HRPSummary,2024-11-03T00:42:43.437Z,true,1.65,4838.04,4839.690916,15933,
39,emergencySummary,2024-11-03T00:42:43.437Z,true,1358.77,4882.28,6241.049958,488810,
1,masterDonors,2024-11-03T01:00:00.670Z,true,3.7,424.29,427.98670799999996,25473,
2,masterFunds,2024-11-03T01:00:00.670Z,true,22.8,334.5,357.30108299999995,109906,
3,masterRegionalFunds,2024-11-03T01:00:00.670Z,true,3.89,348.69,352.58354099999997,1268,
4,masterAllocationTypes,2024-11-03T01:00:00.670Z,true,1.57,340.82,342.394042,242,
5,launchedAllocationsData,2024-11-03T01:00:00.670Z,true,1707.99,7864.09,9572.084167,602082,
6,contributionsData,2024-11-03T01:00:00.670Z,true,11.33,330.38,341.710417,82986,
7,allocationFlowData,2024-11-03T01:00:00.670Z,true,12.87,4164.26,4177.12625,41520,
8,masterPooledFunds,2024-11-03T01:00:00.670Z,true,2.24,4091.09,4093.3265410000004,1728,
9,masterPartners,2024-11-03T01:00:00.670Z,true,0.4,3677.81,3678.2105410000004,107,
10,masterSubPartners,2024-11-03T01:00:00.670Z,true,6.58,4081.16,4087.7380840000005,483,
11,allocationsData,2024-11-03T01:00:00.670Z,true,1351.65,4149.85,5501.506875,126259,
12,contributionsTotalData,2024-11-03T01:00:00.670Z,true,1709.44,4160.5,5869.939541999999,232266,
13,targetedPersonsData,2024-11-03T01:00:00.670Z,true,1902.42,4333.65,6236.07125,360283,
14,targetedPersonsDetailsData,2024-11-03T01:00:00.670Z,true,2390.75,4160.29,6551.042667,1897079,
15,dataGam,2024-11-03T01:00:00.670Z,true,0.98,4872.57,4873.557542,29063,
16,masterGam,2024-11-03T01:00:00.670Z,true,0.28,3842.98,3843.2654580000003,947,
17,masterOrganizations,2024-11-03T01:00:00.670Z,true,3.65,2379.4,2383.0484589999996,258,
18,masterSectors,2024-11-03T01:00:00.670Z,true,10.94,2314.53,2325.473625,1390,
19,allocationsDataResults,2024-11-03T01:00:00.670Z,true,341.4,4144.38,4485.781417,59232,
20,resultsBySector,2024-11-03T01:00:00.670Z,true,128.51,2317.05,2445.561375,857738,
21,resultsByDisability,2024-11-03T01:00:00.670Z,true,127.23,2318.25,2445.4793329999998,734927,
22,resultsByType,2024-11-03T01:00:00.670Z,true,188.48,2387.6,2576.080833,2426573,
23,resultsByBeneficiaryType,2024-11-03T01:00:00.670Z,true,187.48,2351.58,2539.055667,942743,
24,resultsByOrganization,2024-11-03T01:00:00.670Z,true,182.03,2317.91,2499.938625,830457,
25,masterLocations,2024-11-03T01:00:00.670Z,true,97.33,2352.16,2449.489416,681077,
26,masterBeneficiaryType,2024-11-03T01:00:00.670Z,true,7.14,2345.06,2352.200208,602,
27,projectSummaryProgress,2024-11-03T01:00:00.670Z,true,2050.87,4749.44,6800.306707999999,222861,
28,sectorsData,2024-11-03T01:00:00.670Z,true,679.82,4696.43,5376.25125,140322,
29,globalIndicators,2024-11-03T01:00:00.670Z,true,1124.72,7448.69,8573.408917,369206,
30,masterOrganizationsProgress,2024-11-03T01:00:00.670Z,true,1469.8,4542.84,6012.636792,997306,
31,projectStatusMaster,2024-11-03T01:00:00.670Z,true,675.8,4133.06,4808.856792,401624,
32,masterAllocationSource,2024-11-03T01:00:00.670Z,true,6.61,4137.69,4144.303166,54,
33,masterSectorsVo2,2024-11-03T01:00:00.670Z,true,4.38,4142.18,4146.563083999999,464,
34,masterGlobalIndicators,2024-11-03T01:00:00.670Z,true,9.27,4137.48,4146.757458,50696,
35,masterEmergencies,2024-11-03T01:00:00.670Z,true,0.95,4144.79,4145.7350830000005,2278,
36,projectSummary,2024-11-03T01:00:00.670Z,true,1785.71,4143.44,5929.1503330000005,362427,
37,projectSummaryAggregate,2024-11-03T01:00:00.670Z,false,,,,,The operation was aborted.
38,HRPSummary,2024-11-03T01:00:00.670Z,true,2.21,4141.44,4143.64725,15933,
39,emergencySummary,2024-11-03T01:00:00.670Z,true,1703.42,4245,5948.423,488810,
1,masterDonors,2024-11-04T01:00:00.766Z,true,13.13,413.69,426.819083,25473,
2,masterFunds,2024-11-04T01:00:00.766Z,true,11.24,339.45,350.686292,110784,
3,masterRegionalFunds,2024-11-04T01:00:00.766Z,true,3.51,339.75,343.26470900000004,1268,
4,masterAllocationTypes,2024-11-04T01:00:00.766Z,true,8.63,319.75,328.38187500000004,242,
5,launchedAllocationsData,2024-11-04T01:00:00.766Z,true,1670.25,16362.45,18032.699792,602082,
6,contributionsData,2024-11-04T01:00:00.766Z,true,5.48,339.44,344.91579099999996,83075,
7,allocationFlowData,2024-11-04T01:00:00.766Z,true,2.06,6479.86,6481.921625,41520,
8,masterPooledFunds,2024-11-04T01:00:00.766Z,true,12.18,6467.19,6479.365709,1728,
9,masterPartners,2024-11-04T01:00:00.766Z,true,4.11,6474.53,6478.641375,107,
10,masterSubPartners,2024-11-04T01:00:00.766Z,true,14.88,6450.54,6465.419875,483,
11,allocationsData,2024-11-04T01:00:00.766Z,true,680.77,6456.83,7137.605875,126259,
12,contributionsTotalData,2024-11-04T01:00:00.766Z,true,1467.37,6462.7,7930.074416,232264,
13,targetedPersonsData,2024-11-04T01:00:00.766Z,true,1891.33,6746.53,8637.858791999999,360295,
14,targetedPersonsDetailsData,2024-11-04T01:00:00.766Z,true,2372.02,6469.07,8841.089667,1897144,
15,dataGam,2024-11-04T01:00:00.766Z,true,1.36,7711.84,7713.19925,29063,
16,masterGam,2024-11-04T01:00:00.766Z,true,3.57,6465.52,6469.0965830000005,947,
17,masterOrganizations,2024-11-04T01:00:00.766Z,true,5.67,2701.8,2707.47575,258,
18,masterSectors,2024-11-04T01:00:00.766Z,true,2.37,2704.14,2706.507875,1390,
19,allocationsDataResults,2024-11-04T01:00:00.766Z,true,333.21,6451.21,6784.424625,59232,
20,resultsBySector,2024-11-04T01:00:00.766Z,true,69.77,2737.28,2807.052167,857738,
21,resultsByDisability,2024-11-04T01:00:00.766Z,true,127.77,2759.66,2887.437625,734927,
22,resultsByType,2024-11-04T01:00:00.766Z,true,186.66,2812.08,2998.7385830000003,2426573,
23,resultsByBeneficiaryType,2024-11-04T01:00:00.766Z,true,132.82,2770.25,2903.066375,942743,
24,resultsByOrganization,2024-11-04T01:00:00.766Z,true,125.26,2792.16,2917.415709,830457,
25,masterLocations,2024-11-04T01:00:00.766Z,true,38.3,2737.57,2775.8750840000002,681077,
26,masterBeneficiaryType,2024-11-04T01:00:00.766Z,true,1.74,2726.95,2728.686541,602,
27,projectSummaryProgress,2024-11-04T01:00:00.766Z,true,1712.53,6455.17,8167.698416,222861,
28,sectorsData,2024-11-04T01:00:00.766Z,true,1022.87,6885.42,7908.289917,140331,
29,globalIndicators,2024-11-04T01:00:00.766Z,true,1122.15,8278.35,9400.49775,369217,
30,masterOrganizationsProgress,2024-11-04T01:00:00.766Z,true,1548.16,4479.07,6027.227959,997435,
31,projectStatusMaster,2024-11-04T01:00:00.766Z,true,782.27,6422.97,7205.242708,401625,
32,masterAllocationSource,2024-11-04T01:00:00.766Z,true,15.03,6438.28,6453.310834,54,
33,masterSectorsVo2,2024-11-04T01:00:00.766Z,true,16.32,6436.07,6452.392459000001,464,
34,masterGlobalIndicators,2024-11-04T01:00:00.766Z,true,2.46,4928.78,4931.237417,50696,
35,masterEmergencies,2024-11-04T01:00:00.766Z,true,11.88,6428.39,6440.265958,2278,
36,projectSummary,2024-11-04T01:00:00.766Z,true,2025.49,6444.74,8470.229834000002,362427,
37,projectSummaryAggregate,2024-11-04T01:00:00.766Z,true,1468.64,15057.63,16526.266541,1010821,
38,HRPSummary,2024-11-04T01:00:00.766Z,true,5.25,6442.21,6447.456458,15933,
39,emergencySummary,2024-11-04T01:00:00.766Z,true,1356.52,6425.63,7782.146790999999,488810,
1,masterDonors,2024-11-04T02:22:34.365Z,true,14.52,325.58,340.102083,25473,
2,masterFunds,2024-11-04T02:22:34.365Z,true,3.89,309.56,313.452333,110784,
3,masterRegionalFunds,2024-11-04T02:22:34.365Z,true,5.88,304.6,310.48062500000003,1268,
4,masterAllocationTypes,2024-11-04T02:22:34.365Z,true,1.34,301.51,302.851625,242,
5,launchedAllocationsData,2024-11-04T02:22:34.365Z,true,1562.71,4953.92,6516.625416,602082,
6,contributionsData,2024-11-04T02:22:34.365Z,true,7.42,304.34,311.763833,83075,
7,allocationFlowData,2024-11-04T02:22:34.365Z,true,1.57,3744.83,3746.397125,41520,
8,masterPooledFunds,2024-11-04T02:22:34.365Z,true,0.36,5050.96,5051.313625000001,1728,
9,masterPartners,2024-11-04T02:22:34.365Z,true,1.04,3706.87,3707.905041,107,
10,masterSubPartners,2024-11-04T02:22:34.365Z,true,0.34,3523.79,3524.129709,483,
11,allocationsData,2024-11-04T02:22:34.365Z,true,677.06,3695.85,4372.906417,126259,
12,contributionsTotalData,2024-11-04T02:22:34.365Z,true,1451.38,3697.45,5148.8267080000005,232264,
13,targetedPersonsData,2024-11-04T02:22:34.365Z,true,1563.28,4315.2,5878.4821249999995,360295,
14,targetedPersonsDetailsData,2024-11-04T02:22:34.365Z,true,3095.93,4006.85,7102.771083,1897144,
15,dataGam,2024-11-04T02:22:34.365Z,true,1.62,4860.59,4862.205375,29063,
16,masterGam,2024-11-04T02:22:34.365Z,true,4.36,3690.52,3694.876417,947,
17,masterOrganizations,2024-11-04T02:22:34.365Z,true,1.44,2357.72,2359.1598329999997,258,
18,masterSectors,2024-11-04T02:22:34.365Z,true,2.7,2347.02,2349.722125,1390,
19,allocationsDataResults,2024-11-04T02:22:34.365Z,true,340.94,3709.87,4050.804333,59232,
20,resultsBySector,2024-11-04T02:22:34.365Z,true,90.14,2390.1,2480.237125,857738,
21,resultsByDisability,2024-11-04T02:22:34.365Z,true,121.38,2503.88,2625.260875,734927,
22,resultsByType,2024-11-04T02:22:34.365Z,true,183.8,2451.53,2635.327042,2426573,
23,resultsByBeneficiaryType,2024-11-04T02:22:34.365Z,true,58.38,2388.11,2446.48975,942743,
24,resultsByOrganization,2024-11-04T02:22:34.365Z,true,90.04,2445.2,2535.234667,830457,
25,masterLocations,2024-11-04T02:22:34.365Z,true,15.65,2366.36,2382.015084,681077,
26,masterBeneficiaryType,2024-11-04T02:22:34.365Z,true,1.36,2369.76,2371.1197500000003,602,
27,projectSummaryProgress,2024-11-04T02:22:34.365Z,true,1040.22,4190.32,5230.5422499999995,222861,
28,sectorsData,2024-11-04T02:22:34.365Z,true,1029.12,4883.23,5912.352417,140331,
29,globalIndicators,2024-11-04T02:22:34.365Z,true,1716.62,7534.59,9251.203792,369217,
30,masterOrganizationsProgress,2024-11-04T02:22:34.365Z,true,4448.33,4050.94,8499.26825,997455,
31,projectStatusMaster,2024-11-04T02:22:34.365Z,true,673.97,3697.89,4371.858875000001,401697,
32,masterAllocationSource,2024-11-04T02:22:34.365Z,true,2.28,3688.03,3690.3097080000002,54,
33,masterSectorsVo2,2024-11-04T02:22:34.365Z,true,1.63,3698.46,3700.095042,464,
34,masterGlobalIndicators,2024-11-04T02:22:34.365Z,true,1.06,3699.39,3700.4489169999997,50696,
35,masterEmergencies,2024-11-04T02:22:34.365Z,true,0.52,3695.72,3696.23925,2278,
36,projectSummary,2024-11-04T02:22:34.365Z,true,2134.01,3691.07,5825.073917,362427,
37,projectSummaryAggregate,2024-11-04T02:22:34.365Z,true,1351.53,12853.01,14204.539292000001,1010821,
38,HRPSummary,2024-11-04T02:22:34.365Z,true,0.41,3754.37,3754.7795419999998,15933,
39,emergencySummary,2024-11-04T02:22:34.365Z,true,2157.1,3693.08,5850.176791999999,488810,
1,masterDonors,2024-11-05T01:00:00.666Z,true,9.59,413.51,423.107708,25473,
2,masterFunds,2024-11-05T01:00:00.666Z,true,23.51,329.02,352.528208,110784,
3,masterRegionalFunds,2024-11-05T01:00:00.666Z,true,2.16,343.44,345.60474999999997,1268,
4,masterAllocationTypes,2024-11-05T01:00:00.666Z,true,1.44,338.04,339.480292,242,
5,launchedAllocationsData,2024-11-05T01:00:00.666Z,true,1354.42,9580.82,10935.238458,602077,
6,contributionsData,2024-11-05T01:00:00.666Z,true,5.11,342.58,347.68679199999997,83069,
7,allocationFlowData,2024-11-05T01:00:00.666Z,true,3.17,4630.35,4633.525833,41520,
8,masterPooledFunds,2024-11-05T01:00:00.666Z,true,0.63,4047.37,4047.9955419999997,1728,
9,masterPartners,2024-11-05T01:00:00.666Z,true,0.47,3951.01,3951.477375,107,
10,masterSubPartners,2024-11-05T01:00:00.666Z,true,0.45,4018.56,4019.0131669999996,483,
11,allocationsData,2024-11-05T01:00:00.666Z,true,1008.76,4463.86,5472.612459,126193,
12,contributionsTotalData,2024-11-05T01:00:00.666Z,true,1351.98,4608.77,5960.753208,232243,
13,targetedPersonsData,2024-11-05T01:00:00.666Z,true,1786.11,4667.96,6454.068958,360305,
14,targetedPersonsDetailsData,2024-11-05T01:00:00.666Z,true,2367.78,4612.19,6979.970709,1897333,
15,dataGam,2024-11-05T01:00:00.666Z,true,1.57,7055.47,7057.0385,29063,
16,masterGam,2024-11-05T01:00:00.666Z,true,0.69,4601.79,4602.478125,947,
17,masterOrganizations,2024-11-05T01:00:00.666Z,true,2.13,2751.19,2753.318958,258,
18,masterSectors,2024-11-05T01:00:00.666Z,true,1.93,2771.78,2773.704583,1390,
19,allocationsDataResults,2024-11-05T01:00:00.666Z,true,337.02,4596.38,4933.397167,59205,
20,resultsBySector,2024-11-05T01:00:00.666Z,true,119.32,2858.25,2977.566708,857738,
21,resultsByDisability,2024-11-05T01:00:00.666Z,true,108.7,2800.23,2908.928375,734927,
22,resultsByType,2024-11-05T01:00:00.666Z,true,183.66,2873.06,3056.721042,2426573,
23,resultsByBeneficiaryType,2024-11-05T01:00:00.666Z,true,141.42,2809.24,2950.6585,942743,
24,resultsByOrganization,2024-11-05T01:00:00.666Z,true,63.31,2787.55,2850.864208,830457,
25,masterLocations,2024-11-05T01:00:00.666Z,true,74.17,2832.43,2906.603875,681077,
26,masterBeneficiaryType,2024-11-05T01:00:00.666Z,true,1.39,2771.47,2772.8612500000004,602,
27,projectSummaryProgress,2024-11-05T01:00:00.666Z,true,1780.59,4604.48,6385.073083,223208,
28,sectorsData,2024-11-05T01:00:00.666Z,true,1347.39,6937.97,8285.359332999999,140636,
29,globalIndicators,2024-11-05T01:00:00.666Z,true,1209.21,7850.79,9060.006083,369287,
30,masterOrganizationsProgress,2024-11-05T01:00:00.666Z,true,1688.94,4594.58,6283.51375,998073,
31,projectStatusMaster,2024-11-05T01:00:00.666Z,true,783.99,4602.25,5386.2335410000005,401698,
32,masterAllocationSource,2024-11-05T01:00:00.666Z,true,3.87,4583.03,4586.906,54,
33,masterSectorsVo2,2024-11-05T01:00:00.666Z,true,3.78,4588.83,4592.610833,464,
34,masterGlobalIndicators,2024-11-05T01:00:00.666Z,true,3.43,4594.08,4597.516209,50696,
35,masterEmergencies,2024-11-05T01:00:00.666Z,true,1.63,4589.64,4591.270084,2278,
36,projectSummary,2024-11-05T01:00:00.666Z,true,3033.24,4595.35,7628.592959,362945,
37,projectSummaryAggregate,2024-11-05T01:00:00.666Z,false,,,,,The operation was aborted.
38,HRPSummary,2024-11-05T01:00:00.666Z,true,2.6,4585.79,4588.386667,15933,
39,emergencySummary,2024-11-05T01:00:00.666Z,true,2011.99,4591.52,6603.516125,488795,
1,masterDonors,2024-11-05T01:34:10.950Z,true,0.56,342.36,342.91625000000005,25473,
2,masterFunds,2024-11-05T01:34:10.950Z,true,1.8,299.9,301.70691700000003,110784,
3,masterRegionalFunds,2024-11-05T01:34:10.950Z,true,0.85,305.93,306.781917,1268,
4,masterAllocationTypes,2024-11-05T01:34:10.950Z,true,1.78,291.21,292.99458400000003,242,
5,launchedAllocationsData,2024-11-05T01:34:10.950Z,true,1700.34,5987,7687.341,602077,
6,contributionsData,2024-11-05T01:34:10.950Z,true,3.16,303.51,306.675416,83069,
7,allocationFlowData,2024-11-05T01:34:10.950Z,true,1.36,4333.86,4335.222917,41520,
8,masterPooledFunds,2024-11-05T01:34:10.950Z,true,0.09,3868.47,3868.5607919999998,1728,
9,masterPartners,2024-11-05T01:34:10.950Z,true,0.83,3879.9,3880.731167,107,
10,masterSubPartners,2024-11-05T01:34:10.950Z,true,0.11,3862.08,3862.1885420000003,483,
11,allocationsData,2024-11-05T01:34:10.950Z,true,1005.32,4272.68,5277.999042,126193,
12,contributionsTotalData,2024-11-05T01:34:10.950Z,true,1441.55,4339.47,5781.016334,232245,
13,targetedPersonsData,2024-11-05T01:34:10.950Z,true,1358.24,4590.45,5948.685417,360305,
14,targetedPersonsDetailsData,2024-11-05T01:34:10.950Z,true,2428.54,4332.73,6761.269875,1897333,
15,dataGam,2024-11-05T01:34:10.950Z,true,0.33,4988.71,4989.032042,29063,
16,masterGam,2024-11-05T01:34:10.950Z,true,0.31,4340.94,4341.249667,947,
17,masterOrganizations,2024-11-05T01:34:10.950Z,true,1.65,2706.44,2708.089667,258,
18,masterSectors,2024-11-05T01:34:10.950Z,true,1,2706.71,2707.714708,1390,
19,allocationsDataResults,2024-11-05T01:34:10.950Z,true,334.64,4328.53,4663.170125,59205,
20,resultsBySector,2024-11-05T01:34:10.950Z,true,119.34,2743.07,2862.406167,857738,
21,resultsByDisability,2024-11-05T01:34:10.950Z,true,112.79,2835.08,2947.8752919999997,734927,
22,resultsByType,2024-11-05T01:34:10.950Z,true,218.52,2779.9,2998.422792,2426573,
23,resultsByBeneficiaryType,2024-11-05T01:34:10.950Z,true,94.55,2740.25,2834.801167,942743,
24,resultsByOrganization,2024-11-05T01:34:10.950Z,true,136.34,2803.31,2939.652417,830457,
25,masterLocations,2024-11-05T01:34:10.950Z,true,25.76,2731.69,2757.448042,681077,
26,masterBeneficiaryType,2024-11-05T01:34:10.950Z,true,0.34,2719.36,2719.697792,602,
27,projectSummaryProgress,2024-11-05T01:34:10.950Z,true,1431.29,4347.46,5778.752624999999,223208,
28,sectorsData,2024-11-05T01:34:10.950Z,true,672.67,4941.44,5614.116,140636,
29,globalIndicators,2024-11-05T01:34:10.950Z,true,1117.34,10778.06,11895.399958,369287,
30,masterOrganizationsProgress,2024-11-05T01:34:10.950Z,true,1702.7,4631.96,6334.651584,998073,
31,projectStatusMaster,2024-11-05T01:34:10.950Z,true,777.73,4330.08,5107.807959,401698,
32,masterAllocationSource,2024-11-05T01:34:10.950Z,true,0.08,4328.63,4328.70825,54,
33,masterSectorsVo2,2024-11-05T01:34:10.950Z,true,0.72,4323.74,4324.46125,464,
34,masterGlobalIndicators,2024-11-05T01:34:10.950Z,true,2.82,4334.73,4337.548958,50696,
35,masterEmergencies,2024-11-05T01:34:10.950Z,true,0.29,4324.99,4325.284292,2278,
36,projectSummary,2024-11-05T01:34:10.950Z,true,2262.9,4397.29,6660.1849999999995,362945,
37,projectSummaryAggregate,2024-11-05T01:34:10.950Z,false,,,,,The operation was aborted.
38,HRPSummary,2024-11-05T01:34:10.950Z,true,0.35,4322.92,4323.273416999999,15933,
39,emergencySummary,2024-11-05T01:34:10.950Z,true,1014.82,4326.55,5341.3775829999995,488795,
1,masterDonors,2024-11-06T01:00:01.426Z,true,5.83,432.32,438.149916,25473,
2,masterFunds,2024-11-06T01:00:01.426Z,true,14.92,341.98,356.899375,110784,
3,masterRegionalFunds,2024-11-06T01:00:01.426Z,true,2.79,348.23,351.022542,1268,
4,masterAllocationTypes,2024-11-06T01:00:01.426Z,true,0.84,375.65,376.49275000000006,242,
5,launchedAllocationsData,2024-11-06T01:00:01.426Z,true,1702.28,7039.44,8741.728125,602077,
6,contributionsData,2024-11-06T01:00:01.426Z,true,7.95,389.54,397.489042,83075,
7,allocationFlowData,2024-11-06T01:00:01.426Z,true,0.86,5837.66,5838.529375,41520,
8,masterPooledFunds,2024-11-06T01:00:01.426Z,true,0.3,3883.93,3884.230459,1728,
9,masterPartners,2024-11-06T01:00:01.426Z,true,0.2,4029.82,4030.015833,107,
10,masterSubPartners,2024-11-06T01:00:01.426Z,true,5.08,3961.63,3966.7115,483,
11,allocationsData,2024-11-06T01:00:01.426Z,true,768.09,3968.29,4736.38075,126193,
12,contributionsTotalData,2024-11-06T01:00:01.426Z,true,1776.9,3997.06,5773.962542,232264,
13,targetedPersonsData,2024-11-06T01:00:01.426Z,true,1463.44,5181.3,6644.731125,360313,
14,targetedPersonsDetailsData,2024-11-06T01:00:01.426Z,true,2488.33,4399.8,6888.131334,1897449,
15,dataGam,2024-11-06T01:00:01.426Z,true,0.81,5130.72,5131.533208,29063,
16,masterGam,2024-11-06T01:00:01.426Z,true,0.22,4074.05,4074.2715420000004,947,
17,masterOrganizations,2024-11-06T01:00:01.426Z,true,0.88,2732.82,2733.693709,258,
18,masterSectors,2024-11-06T01:00:01.426Z,true,0.97,2739.71,2740.6772499999997,1390,
19,allocationsDataResults,2024-11-06T01:00:01.426Z,true,335.65,3887.52,4223.163458999999,59205,
20,resultsBySector,2024-11-06T01:00:01.426Z,true,80.46,2786.62,2867.0747079999996,857738,
21,resultsByDisability,2024-11-06T01:00:01.426Z,true,51.58,2776.46,2828.041084,734927,
22,resultsByType,2024-11-06T01:00:01.426Z,true,194.17,2844.8,3038.965667,2426573,
23,resultsByBeneficiaryType,2024-11-06T01:00:01.426Z,true,120.14,2862.22,2982.356542,942743,
24,resultsByOrganization,2024-11-06T01:00:01.426Z,true,111.13,2837.48,2948.611083,830457,
25,masterLocations,2024-11-06T01:00:01.426Z,true,57.11,2823.94,2881.055709,681077,
26,masterBeneficiaryType,2024-11-06T01:00:01.426Z,true,1.18,2749.53,2750.711792,602,
27,projectSummaryProgress,2024-11-06T01:00:01.426Z,true,1453.81,4494.05,5947.858708,223209,
28,sectorsData,2024-11-06T01:00:01.426Z,true,995.06,5065.59,6060.646250000001,140639,
29,globalIndicators,2024-11-06T01:00:01.426Z,true,1341.16,11101.03,12442.193459,369364,
30,masterOrganizationsProgress,2024-11-06T01:00:01.426Z,true,1641.52,4237.56,5879.0795,998359,
31,projectStatusMaster,2024-11-06T01:00:01.426Z,true,1012.38,4103.81,5116.190457999999,401700,
32,masterAllocationSource,2024-11-06T01:00:01.426Z,true,0.25,3948.5,3948.7409159999997,54,
33,masterSectorsVo2,2024-11-06T01:00:01.426Z,true,6.28,3929.59,3935.8631669999995,464,
34,masterGlobalIndicators,2024-11-06T01:00:01.426Z,true,2.45,4100.45,4102.902083,50696,
35,masterEmergencies,2024-11-06T01:00:01.426Z,true,0.24,4078.32,4078.555291,2278,
36,projectSummary,2024-11-06T01:00:01.426Z,true,1112.82,4023,5135.818959,362915,
37,projectSummaryAggregate,2024-11-06T01:00:01.426Z,true,1347.92,13802.85,15150.769208,1011243,
38,HRPSummary,2024-11-06T01:00:01.426Z,true,0.21,4011.48,4011.691042,15933,
39,emergencySummary,2024-11-06T01:00:01.426Z,true,1220.95,4105.63,5326.578209,489189,
1,masterDonors,2024-11-07T01:33:38.826Z,true,0.54,329.06,329.596333,25473,
2,masterFunds,2024-11-07T01:33:38.826Z,true,1.62,297.56,299.179417,110784,
3,masterRegionalFunds,2024-11-07T01:33:38.826Z,true,0.37,305.79,306.156709,1268,
4,masterAllocationTypes,2024-11-07T01:33:38.826Z,true,1.63,293.76,295.39137500000004,242,
5,launchedAllocationsData,2024-11-07T01:33:38.826Z,true,1904.85,5484.04,7388.892,602075,
6,contributionsData,2024-11-07T01:33:38.826Z,true,4.37,304.49,308.85366700000003,83111,
7,allocationFlowData,2024-11-07T01:33:38.826Z,true,0.39,4750.02,4750.416249999999,41547,
8,masterPooledFunds,2024-11-07T01:33:38.826Z,true,0.16,4064.2,4064.3571669999997,1728,
9,masterPartners,2024-11-07T01:33:38.826Z,true,0.22,4738.9,4739.120083,107,
10,masterSubPartners,2024-11-07T01:33:38.826Z,true,0.09,4109.3,4109.383124999999,483,
11,allocationsData,2024-11-07T01:33:38.826Z,true,1104.26,4736.43,5840.690042,126190,
12,contributionsTotalData,2024-11-07T01:33:38.826Z,true,1349.6,4746.81,6096.408083,232339,
13,targetedPersonsData,2024-11-07T01:33:38.826Z,true,1688.88,4757.77,6446.6506660000005,360482,
14,targetedPersonsDetailsData,2024-11-07T01:33:38.826Z,true,3398.12,4750.35,8148.476375,1898520,
15,dataGam,2024-11-07T01:33:38.826Z,true,1.46,6304.64,6306.094584,29116,
16,masterGam,2024-11-07T01:33:38.826Z,true,0.57,4734.82,4735.394375,947,
17,masterOrganizations,2024-11-07T01:33:38.826Z,true,0.38,2880.47,2880.85025,258,
18,masterSectors,2024-11-07T01:33:38.826Z,true,0.41,2877.29,2877.700292,1390,
19,allocationsDataResults,2024-11-07T01:33:38.826Z,true,343.92,4746.62,5090.54,59204,
20,resultsBySector,2024-11-07T01:33:38.826Z,true,67.5,2913.67,2981.175959,857738,
21,resultsByDisability,2024-11-07T01:33:38.826Z,true,104.61,2973.97,3078.577583,734927,
22,resultsByType,2024-11-07T01:33:38.826Z,true,194.73,2983.05,3177.775791,2426573,
23,resultsByBeneficiaryType,2024-11-07T01:33:38.826Z,true,99.65,2920.34,3019.997042,942743,
24,resultsByOrganization,2024-11-07T01:33:38.826Z,true,115.89,3006.58,3122.475958,830457,
25,masterLocations,2024-11-07T01:33:38.826Z,true,76.28,2950.68,3026.957042,681077,
26,masterBeneficiaryType,2024-11-07T01:33:38.826Z,true,0.38,2915.91,2916.2950840000003,602,
27,projectSummaryProgress,2024-11-07T01:33:38.826Z,true,1899.86,4941.52,6841.379875,225838,
28,sectorsData,2024-11-07T01:33:38.826Z,true,1099.11,4985.75,6084.857958,142090,
29,globalIndicators,2024-11-07T01:33:38.826Z,true,1676.12,8293.51,9969.634167,370747,
30,masterOrganizationsProgress,2024-11-07T01:33:38.826Z,true,2470.44,4746.6,7217.035875,998452,
31,projectStatusMaster,2024-11-07T01:33:38.826Z,true,434.19,4734.11,5168.297291999999,401700,
32,masterAllocationSource,2024-11-07T01:33:38.826Z,true,0.85,4729.85,4730.699833000001,54,
33,masterSectorsVo2,2024-11-07T01:33:38.826Z,true,1.11,4729.37,4730.47875,464,
34,masterGlobalIndicators,2024-11-07T01:33:38.826Z,true,0.38,4731.14,4731.514792,50696,
35,masterEmergencies,2024-11-07T01:33:38.826Z,true,0.32,4735.81,4736.129333,2278,
36,projectSummary,2024-11-07T01:33:38.826Z,true,1798.31,4735.89,6534.201292,367308,
37,projectSummaryAggregate,2024-11-07T01:33:38.826Z,true,1696.5,10619.53,12316.030958,1007518,
38,HRPSummary,2024-11-07T01:33:38.826Z,true,0.11,4746.68,4746.791334,15934,
39,emergencySummary,2024-11-07T01:33:38.826Z,true,1362.64,4792.6,6155.2395830000005,491257,
1,masterDonors,2024-11-08T01:00:00.774Z,true,9.73,411.12,420.847292,25473,
2,masterFunds,2024-11-08T01:00:00.774Z,true,8.65,338.9,347.5554169999999,110784,
3,masterRegionalFunds,2024-11-08T01:00:00.774Z,true,13.71,321.69,335.394708,1268,
4,masterAllocationTypes,2024-11-08T01:00:00.774Z,true,1.94,327.93,329.871958,242,
5,launchedAllocationsData,2024-11-08T01:00:00.774Z,true,2876.91,9172.9,12049.808208,602069,
6,contributionsData,2024-11-08T01:00:00.774Z,true,7.41,334.32,341.739583,83101,
7,allocationFlowData,2024-11-08T01:00:00.774Z,true,9.43,5256.42,5265.853625,41547,
8,masterPooledFunds,2024-11-08T01:00:00.774Z,true,0.38,4461.08,4461.45975,1728,
9,masterPartners,2024-11-08T01:00:00.774Z,true,0.38,4454.28,4454.66125,107,
10,masterSubPartners,2024-11-08T01:00:00.774Z,true,0.54,4450.69,4451.2300000000005,483,
11,allocationsData,2024-11-08T01:00:00.774Z,true,784.1,5242.82,6026.916292,126140,
12,contributionsTotalData,2024-11-08T01:00:00.774Z,true,1695.22,5242.7,6937.927292,232311,
13,targetedPersonsData,2024-11-08T01:00:00.774Z,true,1828.46,5885,7713.458792,360889,
14,targetedPersonsDetailsData,2024-11-08T01:00:00.774Z,true,2953.86,5252.41,8206.265166,1899443,
15,dataGam,2024-11-08T01:00:00.774Z,true,1.37,6300.08,6301.444417,29116,
16,masterGam,2024-11-08T01:00:00.774Z,true,2.22,4448.79,4451.002082999999,947,
17,masterOrganizations,2024-11-08T01:00:00.774Z,true,2.3,3275.11,3277.41525,258,
18,masterSectors,2024-11-08T01:00:00.774Z,true,5.43,3270.8,3276.225875,1390,
19,allocationsDataResults,2024-11-08T01:00:00.774Z,true,339.52,4458.5,4798.01775,59192,
20,resultsBySector,2024-11-08T01:00:00.774Z,true,165.5,3317.65,3483.1475410000003,857738,
21,resultsByDisability,2024-11-08T01:00:00.774Z,true,78.16,3301.25,3379.405792,734927,
22,resultsByType,2024-11-08T01:00:00.774Z,true,187.93,3380.56,3568.4950830000002,2426573,
23,resultsByBeneficiaryType,2024-11-08T01:00:00.774Z,true,170.14,3317.41,3487.545542,942743,
24,resultsByOrganization,2024-11-08T01:00:00.774Z,true,116.32,3307.21,3423.535542,830457,
25,masterLocations,2024-11-08T01:00:00.774Z,true,87.56,3357.08,3444.64275,681077,
26,masterBeneficiaryType,2024-11-08T01:00:00.774Z,true,1.4,3278.53,3279.928416,602,
27,projectSummaryProgress,2024-11-08T01:00:00.774Z,true,2139.37,5452.95,7592.322584,227812,
28,sectorsData,2024-11-08T01:00:00.774Z,true,1362.75,5823.59,7186.336959,142819,
29,globalIndicators,2024-11-08T01:00:00.774Z,true,1342.68,8685.59,10028.271083,371212,
30,masterOrganizationsProgress,2024-11-08T01:00:00.774Z,true,3185.63,5234.36,8419.989375,998675,
31,projectStatusMaster,2024-11-08T01:00:00.774Z,true,1018.94,5225.54,6244.476709,401700,
32,masterAllocationSource,2024-11-08T01:00:00.774Z,true,1.99,5239.92,5241.908917,54,
33,masterSectorsVo2,2024-11-08T01:00:00.774Z,true,1.89,5233.69,5235.586167,464,
34,masterGlobalIndicators,2024-11-08T01:00:00.774Z,true,5.02,5235.83,5240.8501670000005,50696,
35,masterEmergencies,2024-11-08T01:00:00.774Z,true,0.35,5239.57,5239.928583,2278,
36,projectSummary,2024-11-08T01:00:00.774Z,true,2518.07,5235.99,7754.050624999999,370993,
37,projectSummaryAggregate,2024-11-08T01:00:00.774Z,true,1356.31,19776.13,21132.443542,1013903,
38,HRPSummary,2024-11-08T01:00:00.774Z,true,3.49,5215.34,5218.836041,15934,
39,emergencySummary,2024-11-08T01:00:00.774Z,true,2372.31,5220.66,7592.960375000001,493079,
1,masterDonors,2024-11-08T05:12:58.994Z,true,0.47,352.76,353.232125,25473,
2,masterFunds,2024-11-08T05:12:58.994Z,true,2.33,305.91,308.233583,110784,
3,masterRegionalFunds,2024-11-08T05:12:58.994Z,true,0.46,317.25,317.701458,1268,
4,masterAllocationTypes,2024-11-08T05:12:58.994Z,true,2.19,299.5,301.69012499999997,242,
5,launchedAllocationsData,2024-11-08T05:12:58.994Z,true,1547.68,8545.96,10093.636084,603495,
6,contributionsData,2024-11-08T05:12:58.994Z,true,4.31,301.55,305.859416,83101,
7,allocationFlowData,2024-11-08T05:12:58.994Z,true,1343.35,5281.04,6624.389792,41685,
8,masterPooledFunds,2024-11-08T05:12:58.994Z,true,0.1,5273.82,5273.920416999999,1728,
9,masterPartners,2024-11-08T05:12:58.994Z,true,0.47,5273.06,5273.535666,107,
10,masterSubPartners,2024-11-08T05:12:58.994Z,true,0.79,5271.88,5272.671792,483,
11,allocationsData,2024-11-08T05:12:58.994Z,true,676.56,5273.22,5949.779667,126288,
12,contributionsTotalData,2024-11-08T05:12:58.994Z,true,1028.12,5272.92,6301.040875000001,232319,
13,targetedPersonsData,2024-11-08T05:12:58.994Z,true,2355.13,6116.48,8471.612041999999,361609,
14,targetedPersonsDetailsData,2024-11-08T05:12:58.994Z,true,2818.07,5286.87,8104.933834,1901662,
15,dataGam,2024-11-08T05:12:58.994Z,true,0.72,5922.38,5923.092708,29207,
16,masterGam,2024-11-08T05:12:58.994Z,true,0.09,5287.51,5287.5971660000005,947,
17,masterOrganizations,2024-11-08T05:12:58.994Z,true,1.56,3274.1,3275.658625,258,
18,masterSectors,2024-11-08T05:12:58.994Z,true,0.59,3264.55,3265.138292,1390,
19,allocationsDataResults,2024-11-08T05:12:58.994Z,true,334.59,5274.48,5609.062417,59252,
20,resultsBySector,2024-11-08T05:12:58.994Z,true,118.71,3300.7,3419.409417,857738,
21,resultsByDisability,2024-11-08T05:12:58.994Z,true,145.97,3316.21,3462.1789169999997,734927,
22,resultsByType,2024-11-08T05:12:58.994Z,true,176.44,3366.94,3543.380667,2426573,
23,resultsByBeneficiaryType,2024-11-08T05:12:58.994Z,true,148.87,3309.05,3457.9197910000003,942743,
24,resultsByOrganization,2024-11-08T05:12:58.994Z,true,68.2,3276.32,3344.5123329999997,830457,
25,masterLocations,2024-11-08T05:12:58.994Z,true,27.08,3272.52,3299.599791,681077,
26,masterBeneficiaryType,2024-11-08T05:12:58.994Z,true,1.01,3271.54,3272.548583,602,
27,projectSummaryProgress,2024-11-08T05:12:58.994Z,true,1694.34,5918.26,7612.600208999999,233163,
28,sectorsData,2024-11-08T05:12:58.994Z,true,689.15,6127.21,6816.361959,147888,
29,globalIndicators,2024-11-08T05:12:58.994Z,true,1342.99,7692.83,9035.825667,372651,
30,masterOrganizationsProgress,2024-11-08T05:12:58.994Z,true,1441.62,5282.42,6724.0425,999147,
31,projectStatusMaster,2024-11-08T05:12:58.994Z,true,683.54,5276.25,5959.7905,401700,
32,masterAllocationSource,2024-11-08T05:12:58.994Z,true,0.18,5265.92,5266.097458,54,
33,masterSectorsVo2,2024-11-08T05:12:58.994Z,true,0.13,5280.95,5281.083667,464,
34,masterGlobalIndicators,2024-11-08T05:12:58.994Z,true,0.4,5276.71,5277.112917,50696,
35,masterEmergencies,2024-11-08T05:12:58.994Z,true,0.31,5284.91,5285.213375,2278,
36,projectSummary,2024-11-08T05:12:58.994Z,true,3080.49,5284.92,8365.409833,380267,
37,projectSummaryAggregate,2024-11-08T05:12:58.994Z,true,1351.1,13568.77,14919.877458,1030871,
38,HRPSummary,2024-11-08T05:12:58.994Z,true,0.33,5273.97,5274.300916,15934,
39,emergencySummary,2024-11-08T05:12:58.994Z,true,1355.56,5270.21,6625.770082999999,496761,
1,masterDonors,2024-11-09T01:00:00.817Z,true,8.59,416.71,425.29408400000005,25473,
2,masterFunds,2024-11-09T01:00:00.817Z,true,9.08,347.85,356.931041,110784,
3,masterRegionalFunds,2024-11-09T01:00:00.817Z,true,19.1,332.26,351.35145900000003,1268,
4,masterAllocationTypes,2024-11-09T01:00:00.817Z,true,1.57,345.56,347.13679099999996,242,
5,launchedAllocationsData,2024-11-09T01:00:00.817Z,true,1463.83,7837.2,9301.0295,603495,
6,contributionsData,2024-11-09T01:00:00.817Z,true,14.56,336.38,350.93812499999996,83149,
7,allocationFlowData,2024-11-09T01:00:00.817Z,true,11.08,4494.59,4505.667709,41685,
8,masterPooledFunds,2024-11-09T01:00:00.817Z,true,1.01,3784.83,3785.8385409999996,1728,
9,masterPartners,2024-11-09T01:00:00.817Z,true,0.55,3767.06,3767.604375,107,
10,masterSubPartners,2024-11-09T01:00:00.817Z,true,2.32,3780.95,3783.269584,483,
11,allocationsData,2024-11-09T01:00:00.817Z,true,1007.34,4205.8,5213.1345,126288,
12,contributionsTotalData,2024-11-09T01:00:00.817Z,true,1375.04,4492.95,5867.985292,232319,
13,targetedPersonsData,2024-11-09T01:00:00.817Z,true,2821.47,4495.33,7316.8005840000005,361609,
14,targetedPersonsDetailsData,2024-11-09T01:00:00.817Z,true,2693.49,4495.81,7189.2975,1901662,
15,dataGam,2024-11-09T01:00:00.817Z,true,2.15,4895.04,4897.19175,29207,
16,masterGam,2024-11-09T01:00:00.817Z,true,0.29,3776.14,3776.435125,947,
17,masterOrganizations,2024-11-09T01:00:00.817Z,true,2.19,2602.81,2604.999167,258,
18,masterSectors,2024-11-09T01:00:00.817Z,true,2.52,2712.46,2714.982875,1390,
19,allocationsDataResults,2024-11-09T01:00:00.817Z,true,339.19,4485.59,4824.771041,59252,
20,resultsBySector,2024-11-09T01:00:00.817Z,true,69.68,2648.17,2717.850917,857738,
21,resultsByDisability,2024-11-09T01:00:00.817Z,true,66.02,2642.27,2708.283542,734927,
22,resultsByType,2024-11-09T01:00:00.817Z,true,167.75,2717.85,2885.593208,2426573,
23,resultsByBeneficiaryType,2024-11-09T01:00:00.817Z,true,132.3,2770.93,2903.229583,942743,
24,resultsByOrganization,2024-11-09T01:00:00.817Z,true,106.82,2709.17,2815.981292,830457,
25,masterLocations,2024-11-09T01:00:00.817Z,true,69,2722.49,2791.488792,681077,
26,masterBeneficiaryType,2024-11-09T01:00:00.817Z,true,1.9,2610.06,2611.961416,602,
27,projectSummaryProgress,2024-11-09T01:00:00.817Z,true,2142.87,4479.52,6622.395417,233163,
28,sectorsData,2024-11-09T01:00:00.817Z,true,771.49,4955.16,5726.658291,147888,
29,globalIndicators,2024-11-09T01:00:00.817Z,true,1334.8,8028.44,9363.242625,372651,
30,masterOrganizationsProgress,2024-11-09T01:00:00.817Z,true,1897.15,4507.4,6404.549208,999147,
31,projectStatusMaster,2024-11-09T01:00:00.817Z,true,1004.52,4467.15,5471.673041,401695,
32,masterAllocationSource,2024-11-09T01:00:00.817Z,true,5.72,4459.32,4465.042166,54,
33,masterSectorsVo2,2024-11-09T01:00:00.817Z,true,3.78,4468.98,4472.757667,464,
34,masterGlobalIndicators,2024-11-09T01:00:00.817Z,true,12.54,4460.56,4473.104583,50696,
35,masterEmergencies,2024-11-09T01:00:00.817Z,true,3.78,4458.84,4462.627917,2278,
36,projectSummary,2024-11-09T01:00:00.817Z,true,1448.31,4464.61,5912.917708,380267,
37,projectSummaryAggregate,2024-11-09T01:00:00.817Z,true,1559.66,13674.84,15234.502125,1030871,
38,HRPSummary,2024-11-09T01:00:00.817Z,true,4.62,4464.48,4469.094875,15934,
39,emergencySummary,2024-11-09T01:00:00.817Z,true,2051.52,4522.88,6574.4052919999995,496761,
1,masterDonors,2024-11-11T01:00:01.028Z,true,19.89,443.79,463.67237500000005,25473,
2,masterFunds,2024-11-11T01:00:01.028Z,true,15.19,351.17,366.35554199999996,110784,
3,masterRegionalFunds,2024-11-11T01:00:01.028Z,true,1.63,358.12,359.75829099999993,1268,
4,masterAllocationTypes,2024-11-11T01:00:01.028Z,true,0.83,353.16,353.98795800000005,242,
5,launchedAllocationsData,2024-11-11T01:00:01.028Z,true,1374.81,8068.12,9442.927417,606384,
6,contributionsData,2024-11-11T01:00:01.028Z,true,13.58,346.38,359.9605,83149,
7,allocationFlowData,2024-11-11T01:00:01.028Z,true,1.35,4577.44,4578.789917,41685,
8,masterPooledFunds,2024-11-11T01:00:01.028Z,true,1.89,4287.36,4289.247291000001,1728,
9,masterPartners,2024-11-11T01:00:01.028Z,true,1.24,4280.34,4281.5734999999995,107,
10,masterSubPartners,2024-11-11T01:00:01.028Z,true,0.38,4279.03,4279.412958999999,483,
11,allocationsData,2024-11-11T01:00:01.028Z,true,1044.02,4283.72,5327.730917,126555,
12,contributionsTotalData,2024-11-11T01:00:01.028Z,true,1797.26,4342.04,6139.292917,232313,
13,targetedPersonsData,2024-11-11T01:00:01.028Z,true,1812.81,4995.08,6807.896957999999,361621,
14,targetedPersonsDetailsData,2024-11-11T01:00:01.028Z,true,2408.6,4930.4,7338.9935,1902197,
15,dataGam,2024-11-11T01:00:01.028Z,true,1,5691.06,5692.052750000001,29207,
16,masterGam,2024-11-11T01:00:01.028Z,true,0.25,4269.85,4270.102333,947,
17,masterOrganizations,2024-11-11T01:00:01.028Z,true,2.27,3051.06,3053.330875,258,
18,masterSectors,2024-11-11T01:00:01.028Z,true,4.11,3046.63,3050.748125,1390,
19,allocationsDataResults,2024-11-11T01:00:01.028Z,true,343.44,4323.44,4666.881459,59371,
20,resultsBySector,2024-11-11T01:00:01.028Z,true,111.38,3105.64,3217.016417,857738,
21,resultsByDisability,2024-11-11T01:00:01.028Z,true,64.28,3077.84,3142.11975,734927,
22,resultsByType,2024-11-11T01:00:01.028Z,true,159.92,3181.7,3341.625333,2426573,
23,resultsByBeneficiaryType,2024-11-11T01:00:01.028Z,true,104.48,3208.71,3313.1886250000002,942743,
24,resultsByOrganization,2024-11-11T01:00:01.028Z,true,99.71,3082.74,3182.452625,830457,
25,masterLocations,2024-11-11T01:00:01.028Z,true,62.75,3107.43,3170.1805,681077,
26,masterBeneficiaryType,2024-11-11T01:00:01.028Z,true,0.78,3063.37,3064.156083,602,
27,projectSummaryProgress,2024-11-11T01:00:01.028Z,true,1223.84,4946.72,6170.560291999999,234373,
28,sectorsData,2024-11-11T01:00:01.028Z,true,694.57,5404.86,6099.431542,148361,
29,globalIndicators,2024-11-11T01:00:01.028Z,true,1378.17,7952.49,9330.658375,373057,
30,masterOrganizationsProgress,2024-11-11T01:00:01.028Z,true,2074.44,4568.4,6642.843458,999865,
31,projectStatusMaster,2024-11-11T01:00:01.028Z,true,685.15,4325.8,5010.942292000001,401692,
32,masterAllocationSource,2024-11-11T01:00:01.028Z,true,0.4,4326.36,4326.766834,54,
33,masterSectorsVo2,2024-11-11T01:00:01.028Z,true,0.33,4261.85,4262.175208000001,464,
34,masterGlobalIndicators,2024-11-11T01:00:01.028Z,true,1.14,4293.42,4294.562084,50696,
35,masterEmergencies,2024-11-11T01:00:01.028Z,true,0.22,4280.82,4281.045333,2278,
36,projectSummary,2024-11-11T01:00:01.028Z,true,1381.91,4497.48,5879.390125,382179,
37,projectSummaryAggregate,2024-11-11T01:00:01.028Z,true,1461.2,14310.25,15771.446582999999,1055570,
38,HRPSummary,2024-11-11T01:00:01.028Z,true,0.24,4357.97,4358.215709,15934,
39,emergencySummary,2024-11-11T01:00:01.028Z,true,2082.57,4388.06,6470.628041,497696,
1,masterDonors,2024-11-12T01:00:01.407Z,true,20.22,427.19,447.40349999999995,25473,
2,masterFunds,2024-11-12T01:00:01.407Z,true,4.42,355.71,360.120833,110784,
3,masterRegionalFunds,2024-11-12T01:00:01.407Z,true,5.39,349.85,355.24170799999996,1268,
4,masterAllocationTypes,2024-11-12T01:00:01.407Z,true,1.31,349.36,350.67325,242,
5,launchedAllocationsData,2024-11-12T01:00:01.407Z,true,1356.51,6148.53,7505.041791000001,606215,
6,contributionsData,2024-11-12T01:00:01.407Z,true,14.03,339.51,353.532,83177,
7,allocationFlowData,2024-11-12T01:00:01.407Z,true,5.21,4487.49,4492.698292,41684,
8,masterPooledFunds,2024-11-12T01:00:01.407Z,true,1.15,4008.76,4009.9170420000005,1728,
9,masterPartners,2024-11-12T01:00:01.407Z,true,2.44,4006.5,4008.94425,107,
10,masterSubPartners,2024-11-12T01:00:01.407Z,true,3.32,4004.13,4007.4489590000003,483,
11,allocationsData,2024-11-12T01:00:01.407Z,true,1022.57,4167.98,5190.554,126621,
12,contributionsTotalData,2024-11-12T01:00:01.407Z,true,2358.45,4475.41,6833.863291,232388,
13,targetedPersonsData,2024-11-12T01:00:01.407Z,true,1890.31,4620.7,6511.012,361622,
14,targetedPersonsDetailsData,2024-11-12T01:00:01.407Z,true,2719.91,4482.09,7201.992958,1902211,
15,dataGam,2024-11-12T01:00:01.407Z,true,1.29,5051.26,5052.551417,29207,
16,masterGam,2024-11-12T01:00:01.407Z,true,9.55,4467.5,4477.056416,947,
17,masterOrganizations,2024-11-12T01:00:01.407Z,true,1.48,2671.43,2672.915125,258,
18,masterSectors,2024-11-12T01:00:01.407Z,true,3.15,2706.57,2709.7154170000003,1390,
19,allocationsDataResults,2024-11-12T01:00:01.407Z,true,339,4155.25,4494.243541,59398,
20,resultsBySector,2024-11-12T01:00:01.407Z,true,141.22,2748.62,2889.846,857738,
21,resultsByDisability,2024-11-12T01:00:01.407Z,true,80.22,2700.93,2781.145584,734927,
22,resultsByType,2024-11-12T01:00:01.407Z,true,184.86,2781.15,2966.0056250000002,2426573,
23,resultsByBeneficiaryType,2024-11-12T01:00:01.407Z,true,135.03,2741.97,2876.999791,942743,
24,resultsByOrganization,2024-11-12T01:00:01.407Z,true,116.88,2710.46,2827.3408339999996,830457,
25,masterLocations,2024-11-12T01:00:01.407Z,true,45.66,2705.71,2751.371541,681077,
26,masterBeneficiaryType,2024-11-12T01:00:01.407Z,true,0.99,2692.19,2693.186875,602,
27,projectSummaryProgress,2024-11-12T01:00:01.407Z,true,2378.35,4505.58,6883.926959,234360,
28,sectorsData,2024-11-12T01:00:01.407Z,true,1105.79,4954.25,6060.039041,148378,
29,globalIndicators,2024-11-12T01:00:01.407Z,true,1118.79,7470.97,8589.759167,373063,
30,masterOrganizationsProgress,2024-11-12T01:00:01.407Z,true,1540.8,4463.71,6004.506875,999920,
31,projectStatusMaster,2024-11-12T01:00:01.407Z,true,668.23,4450.02,5118.2587920000005,401695,
32,masterAllocationSource,2024-11-12T01:00:01.407Z,true,0.49,4478.44,4478.929125000001,54,
33,masterSectorsVo2,2024-11-12T01:00:01.407Z,true,5.95,4453.43,4459.3791249999995,464,
34,masterGlobalIndicators,2024-11-12T01:00:01.407Z,true,6.33,4455.2,4461.533916,50696,
35,masterEmergencies,2024-11-12T01:00:01.407Z,true,4.17,4453.45,4457.621041,2278,
36,projectSummary,2024-11-12T01:00:01.407Z,true,2113.93,4647.27,6761.20375,382179,
37,projectSummaryAggregate,2024-11-12T01:00:01.407Z,true,1350.63,11560.15,12910.7755,1055570,
38,HRPSummary,2024-11-12T01:00:01.407Z,true,0.32,4550.94,4551.265292,15934,
39,emergencySummary,2024-11-12T01:00:01.407Z,true,1368.02,4455.34,5823.3602089999995,497696,
1,masterDonors,2024-11-14T01:00:01.422Z,true,2.01,443.68,445.69025000000005,25473,
2,masterFunds,2024-11-14T01:00:01.422Z,true,11.04,344.81,355.84662499999996,110784,
3,masterRegionalFunds,2024-11-14T01:00:01.422Z,true,3.06,347.64,350.70033299999994,1268,
4,masterAllocationTypes,2024-11-14T01:00:01.422Z,true,1.28,344.25,345.5378329999999,242,
5,launchedAllocationsData,2024-11-14T01:00:01.422Z,true,1388.03,6834.46,8222.486125,609934,
6,contributionsData,2024-11-14T01:00:01.422Z,true,23.25,326.9,350.14195800000005,83233,
7,allocationFlowData,2024-11-14T01:00:01.422Z,true,3.02,4816.5,4819.518959,41686,
8,masterPooledFunds,2024-11-14T01:00:01.422Z,true,0.51,4322.21,4322.721291000001,1728,
9,masterPartners,2024-11-14T01:00:01.422Z,true,5.03,4698.06,4703.090083,107,
10,masterSubPartners,2024-11-14T01:00:01.422Z,true,3.26,4698.12,4701.3787919999995,483,
11,allocationsData,2024-11-14T01:00:01.422Z,true,1053.7,4808.92,5862.626708,126558,
12,contributionsTotalData,2024-11-14T01:00:01.422Z,true,1048.23,4805.63,5853.863416,232617,
13,targetedPersonsData,2024-11-14T01:00:01.422Z,true,2601.17,5063.53,7664.6935,361698,
14,targetedPersonsDetailsData,2024-11-14T01:00:01.422Z,true,2576.6,4848.44,7425.035709,1903175,
15,dataGam,2024-11-14T01:00:01.422Z,true,1.11,5529.85,5530.9585,29207,
16,masterGam,2024-11-14T01:00:01.422Z,true,0.65,4692.32,4692.970042,947,
17,masterOrganizations,2024-11-14T01:00:01.422Z,true,2.48,3135.8,3138.284584,258,
18,masterSectors,2024-11-14T01:00:01.422Z,true,1.74,3147.01,3148.747208,1390,
19,allocationsDataResults,2024-11-14T01:00:01.422Z,true,348.02,4793.41,5141.435458,59374,
20,resultsBySector,2024-11-14T01:00:01.422Z,true,37.28,3754.91,3792.1871250000004,857738,
21,resultsByDisability,2024-11-14T01:00:01.422Z,true,94.35,3173.86,3268.2115830000002,734927,
22,resultsByType,2024-11-14T01:00:01.422Z,true,143.61,3232.15,3375.7608339999997,2426573,
23,resultsByBeneficiaryType,2024-11-14T01:00:01.422Z,true,71.55,3157.83,3229.3833329999998,942743,
24,resultsByOrganization,2024-11-14T01:00:01.422Z,true,109.41,3181.87,3291.285917,830457,
25,masterLocations,2024-11-14T01:00:01.422Z,true,29.24,3147.96,3177.198583,681077,
26,masterBeneficiaryType,2024-11-14T01:00:01.422Z,true,2.06,3151.59,3153.646375,602,
27,projectSummaryProgress,2024-11-14T01:00:01.422Z,true,2022.99,5144.21,7167.19175,236553,
28,sectorsData,2024-11-14T01:00:01.422Z,true,787.41,5536.13,6323.5440419999995,149444,
29,globalIndicators,2024-11-14T01:00:01.422Z,true,1704.53,7722.84,9427.368416,373929,
30,masterOrganizationsProgress,2024-11-14T01:00:01.422Z,true,1718.79,4790.8,6509.585209,1000940,
31,projectStatusMaster,2024-11-14T01:00:01.422Z,true,692.44,4802.7,5495.1465,401700,
32,masterAllocationSource,2024-11-14T01:00:01.422Z,true,1.93,4803.44,4805.3695,54,
33,masterSectorsVo2,2024-11-14T01:00:01.422Z,true,1.58,4799.13,4800.714417,464,
34,masterGlobalIndicators,2024-11-14T01:00:01.422Z,true,1.4,4808.73,4810.136041,50696,
35,masterEmergencies,2024-11-14T01:00:01.422Z,true,0.53,4803.1,4803.634292,2278,
36,projectSummary,2024-11-14T01:00:01.422Z,true,1914.38,4792.61,6706.9905,385834,
37,projectSummaryAggregate,2024-11-14T01:00:01.422Z,true,1482.86,14672.73,16155.590209,1080122,
38,HRPSummary,2024-11-14T01:00:01.422Z,true,0.46,4796.95,4797.4132500000005,15934,
39,emergencySummary,2024-11-14T01:00:01.422Z,true,2066.05,4807.72,6873.766708,498972,
1,masterDonors,2024-11-14T03:41:20.245Z,true,1.09,322,323.09400000000005,25473,
2,masterFunds,2024-11-14T03:41:20.245Z,true,4.93,288.98,293.903458,110784,
3,masterRegionalFunds,2024-11-14T03:41:20.245Z,true,1.49,290.87,292.35229200000003,1268,
4,masterAllocationTypes,2024-11-14T03:41:20.245Z,true,0.43,298.51,298.94849999999997,242,
5,launchedAllocationsData,2024-11-14T03:41:20.245Z,true,2410.42,7493.88,9904.300166,612980,
6,contributionsData,2024-11-14T03:41:20.245Z,true,1.79,319.79,321.58691699999997,83233,
7,allocationFlowData,2024-11-14T03:41:20.245Z,true,1.85,4311.73,4313.581292,41686,
8,masterPooledFunds,2024-11-14T03:41:20.245Z,true,0.35,4157.47,4157.816124999999,1728,
9,masterPartners,2024-11-14T03:41:20.245Z,true,0.41,4066.55,4066.95925,107,
10,masterSubPartners,2024-11-14T03:41:20.245Z,true,1.69,4111.21,4112.90575,483,
11,allocationsData,2024-11-14T03:41:20.245Z,true,678.43,4161.1,4839.522083,126558,
12,contributionsTotalData,2024-11-14T03:41:20.245Z,true,1118.98,4297.64,5416.612834,232617,
13,targetedPersonsData,2024-11-14T03:41:20.245Z,true,2369.61,4924.6,7294.210208,361701,
14,targetedPersonsDetailsData,2024-11-14T03:41:20.245Z,true,2349.82,4496.05,6845.868791999999,1903422,
15,dataGam,2024-11-14T03:41:20.245Z,true,1.35,5411.36,5412.707209,29206,
16,masterGam,2024-11-14T03:41:20.245Z,true,0.61,4109.6,4110.201625,947,
17,masterOrganizations,2024-11-14T03:41:20.245Z,true,1.1,2868.23,2869.3360829999997,258,
18,masterSectors,2024-11-14T03:41:20.245Z,true,0.62,2893,2893.6155000000003,1390,
19,allocationsDataResults,2024-11-14T03:41:20.245Z,true,344.49,4298.49,4642.977166999999,59374,
20,resultsBySector,2024-11-14T03:41:20.245Z,true,129.55,2926.59,3056.137042,857738,
21,resultsByDisability,2024-11-14T03:41:20.245Z,true,124.04,2990.15,3114.184375,734927,
22,resultsByType,2024-11-14T03:41:20.245Z,true,192.39,2977.72,3170.1178330000002,2426573,
23,resultsByBeneficiaryType,2024-11-14T03:41:20.245Z,true,120.19,2924.09,3044.281375,942743,
24,resultsByOrganization,2024-11-14T03:41:20.245Z,true,110.92,2922.76,3033.68175,830457,
25,masterLocations,2024-11-14T03:41:20.245Z,true,16.14,2901.14,2917.278916,681077,
26,masterBeneficiaryType,2024-11-14T03:41:20.245Z,true,1.26,2886.76,2888.017542,602,
27,projectSummaryProgress,2024-11-14T03:41:20.245Z,true,1817.91,4806.23,6624.141375,237237,
28,sectorsData,2024-11-14T03:41:20.245Z,true,778.56,4617.93,5396.495458,149862,
29,globalIndicators,2024-11-14T03:41:20.245Z,true,1185.61,8396.15,9581.758708,374243,
30,masterOrganizationsProgress,2024-11-14T03:41:20.245Z,true,1359.75,4603.41,5963.153584,1001021,
31,projectStatusMaster,2024-11-14T03:41:20.245Z,true,443.96,4302.35,4746.309834000001,401700,
32,masterAllocationSource,2024-11-14T03:41:20.245Z,true,1,4296.2,4297.201667,54,
33,masterSectorsVo2,2024-11-14T03:41:20.245Z,true,1.52,4292.27,4293.791791,464,
34,masterGlobalIndicators,2024-11-14T03:41:20.245Z,true,1.33,4292.85,4294.180958,50696,
35,masterEmergencies,2024-11-14T03:41:20.245Z,true,0.27,4296.5,4296.76375,2278,
36,projectSummary,2024-11-14T03:41:20.245Z,true,2143.47,4347.28,6490.749625,386768,
37,projectSummaryAggregate,2024-11-14T03:41:20.245Z,true,1465.36,15118.6,16583.955124999997,1081910,
38,HRPSummary,2024-11-14T03:41:20.245Z,true,0.3,4447.13,4447.4335,15934,
39,emergencySummary,2024-11-14T03:41:20.245Z,true,1126.39,4298.15,5424.5435,498972,
1,masterDonors,2024-11-15T01:00:00.817Z,true,19.08,405.11,424.19174999999996,25473,
2,masterFunds,2024-11-15T01:00:00.817Z,true,13.76,334.89,348.64175000000006,110784,
3,masterRegionalFunds,2024-11-15T01:00:00.817Z,true,3.33,339.18,342.50637499999993,1268,
4,masterAllocationTypes,2024-11-15T01:00:00.817Z,true,1.41,338.49,339.898542,242,
5,launchedAllocationsData,2024-11-15T01:00:00.817Z,true,1467.49,8189.34,9656.833041,612980,
6,contributionsData,2024-11-15T01:00:00.817Z,true,12.18,329.78,341.966667,83275,
7,allocationFlowData,2024-11-15T01:00:00.817Z,true,1.39,4791.03,4792.423375,41686,
8,masterPooledFunds,2024-11-15T01:00:00.817Z,true,0.44,4544.51,4544.948541,1728,
9,masterPartners,2024-11-15T01:00:00.817Z,true,8.38,4503.57,4511.947083,107,
10,masterSubPartners,2024-11-15T01:00:00.817Z,true,10.28,4500.16,4510.436957999999,483,
11,allocationsData,2024-11-15T01:00:00.817Z,true,1030.53,4538.64,5569.173291,126558,
12,contributionsTotalData,2024-11-15T01:00:00.817Z,true,1113.76,4714.5,5828.258917,232754,
13,targetedPersonsData,2024-11-15T01:00:00.817Z,true,1798.06,5215.97,7014.033541,361706,
14,targetedPersonsDetailsData,2024-11-15T01:00:00.817Z,true,2401.46,4999.64,7401.096792,1903447,
15,dataGam,2024-11-15T01:00:00.817Z,true,1.4,7890.03,7891.421666,29206,
16,masterGam,2024-11-15T01:00:00.817Z,true,4.34,4498.83,4503.167417000001,947,
17,masterOrganizations,2024-11-15T01:00:00.817Z,true,1.29,3330.4,3331.689458,258,
18,masterSectors,2024-11-15T01:00:00.817Z,true,1.65,3317.93,3319.579541,1390,
19,allocationsDataResults,2024-11-15T01:00:00.817Z,true,345,4531.12,4876.122875,59374,
20,resultsBySector,2024-11-15T01:00:00.817Z,true,56.66,3337.79,3394.4464169999997,857738,
21,resultsByDisability,2024-11-15T01:00:00.817Z,true,114.7,3374.66,3489.361375,734927,
22,resultsByType,2024-11-15T01:00:00.817Z,true,147.71,3453.51,3601.2199579999997,2426573,
23,resultsByBeneficiaryType,2024-11-15T01:00:00.817Z,true,106.73,3412.63,3519.361,942743,
24,resultsByOrganization,2024-11-15T01:00:00.817Z,true,92.5,3343.33,3435.828,830457,
25,masterLocations,2024-11-15T01:00:00.817Z,true,57.32,3394.69,3452.01025,681077,
26,masterBeneficiaryType,2024-11-15T01:00:00.817Z,true,2.1,3360.83,3362.932292,602,
27,projectSummaryProgress,2024-11-15T01:00:00.817Z,true,2376.94,5523.31,7900.251,237293,
28,sectorsData,2024-11-15T01:00:00.817Z,true,774.71,7720.02,8494.735792,149895,
29,globalIndicators,2024-11-15T01:00:00.817Z,true,1373.33,8065.75,9439.072584,374250,
30,masterOrganizationsProgress,2024-11-15T01:00:00.817Z,true,1717.12,4857.29,6574.414041999999,1002041,
31,projectStatusMaster,2024-11-15T01:00:00.817Z,true,686.43,4612.75,5299.183459,401693,
32,masterAllocationSource,2024-11-15T01:00:00.817Z,true,0.26,4529.51,4529.7737910000005,54,
33,masterSectorsVo2,2024-11-15T01:00:00.817Z,true,1.52,4514.28,4515.806500000001,464,
34,masterGlobalIndicators,2024-11-15T01:00:00.817Z,true,1.48,4556.96,4558.439958,50696,
35,masterEmergencies,2024-11-15T01:00:00.817Z,true,0.27,4505.51,4505.780416,2278,
36,projectSummary,2024-11-15T01:00:00.817Z,true,1792.58,4583.99,6376.565666,386834,
37,projectSummaryAggregate,2024-11-15T01:00:00.817Z,false,,,,,The operation was aborted.
38,HRPSummary,2024-11-15T01:00:00.817Z,true,0.52,4592.49,4593.007333,15934,
39,emergencySummary,2024-11-15T01:00:00.817Z,true,1359.51,4598.15,5957.662625,499918,
1,masterDonors,2024-11-16T01:00:00.542Z,true,3.64,423.43,427.072167,25473,
2,masterFunds,2024-11-16T01:00:00.542Z,true,16.23,334.47,350.69208299999997,110784,
3,masterRegionalFunds,2024-11-16T01:00:00.542Z,true,22,321.93,343.927209,1268,
4,masterAllocationTypes,2024-11-16T01:00:00.542Z,true,1.63,338.01,339.63587500000006,242,
5,launchedAllocationsData,2024-11-16T01:00:00.542Z,true,1891.19,7929.04,9820.22675,613403,
6,contributionsData,2024-11-16T01:00:00.542Z,true,13.2,330.95,344.14541599999995,83319,
7,allocationFlowData,2024-11-16T01:00:00.542Z,true,9.82,4556.84,4566.667332999999,41686,
8,masterPooledFunds,2024-11-16T01:00:00.542Z,true,2.33,4551.67,4553.998417,1728,
9,masterPartners,2024-11-16T01:00:00.542Z,true,5.02,4548.03,4553.0435,107,
10,masterSubPartners,2024-11-16T01:00:00.542Z,true,4.86,4048.04,4052.8996669999997,483,
11,allocationsData,2024-11-16T01:00:00.542Z,true,1006.4,4549.44,5555.835792,126624,
12,contributionsTotalData,2024-11-16T01:00:00.542Z,true,1339.86,4545.6,5885.464292,232955,
13,targetedPersonsData,2024-11-16T01:00:00.542Z,true,2694.59,4558.66,7253.255792,361711,
14,targetedPersonsDetailsData,2024-11-16T01:00:00.542Z,true,2438.64,4568.19,7006.83825,1903499,
15,dataGam,2024-11-16T01:00:00.542Z,true,1.41,5534.27,5535.682,29206,
16,masterGam,2024-11-16T01:00:00.542Z,true,7,4537.73,4544.724625,947,
17,masterOrganizations,2024-11-16T01:00:00.542Z,true,5.2,2446.32,2451.5190420000004,258,
18,masterSectors,2024-11-16T01:00:00.542Z,true,2.3,2447.4,2449.7015,1390,
19,allocationsDataResults,2024-11-16T01:00:00.542Z,true,333.91,4539.26,4873.165375,59401,
20,resultsBySector,2024-11-16T01:00:00.542Z,true,110.48,2548.86,2659.335666,857738,
21,resultsByDisability,2024-11-16T01:00:00.542Z,true,107.29,2488.31,2595.5984160000003,734927,
22,resultsByType,2024-11-16T01:00:00.542Z,true,168.52,2568.16,2736.68025,2426573,
23,resultsByBeneficiaryType,2024-11-16T01:00:00.542Z,true,77.98,2471.82,2549.797458,942743,
24,resultsByOrganization,2024-11-16T01:00:00.542Z,true,114.39,2510.83,2625.2205,830457,
25,masterLocations,2024-11-16T01:00:00.542Z,true,68.01,2473.69,2541.700375,681077,
26,masterBeneficiaryType,2024-11-16T01:00:00.542Z,true,1.53,2460.37,2461.898458,602,
27,projectSummaryProgress,2024-11-16T01:00:00.542Z,true,1513.76,4546.54,6060.300625000001,237795,
28,sectorsData,2024-11-16T01:00:00.542Z,true,1038.21,5393.47,6431.67875,150564,
29,globalIndicators,2024-11-16T01:00:00.542Z,true,1337.51,7853.32,9190.822334,374645,
30,masterOrganizationsProgress,2024-11-16T01:00:00.542Z,true,2021.03,4535.37,6556.401292,1002254,
31,projectStatusMaster,2024-11-16T01:00:00.542Z,true,803.57,4533.39,5336.967292,401699,
32,masterAllocationSource,2024-11-16T01:00:00.542Z,true,4.43,4531.38,4535.818625,54,
33,masterSectorsVo2,2024-11-16T01:00:00.542Z,true,3.45,4532.83,4536.281416,464,
34,masterGlobalIndicators,2024-11-16T01:00:00.542Z,true,7.18,4532.41,4539.589791,50696,
35,masterEmergencies,2024-11-16T01:00:00.542Z,true,6.32,4525.7,4532.018583,2278,
36,projectSummary,2024-11-16T01:00:00.542Z,true,1752.03,4536.48,6288.512374999999,386833,
37,projectSummaryAggregate,2024-11-16T01:00:00.542Z,true,2744.98,15037.71,17782.694417,1063403,
38,HRPSummary,2024-11-16T01:00:00.542Z,true,2.1,4615,4617.1059159999995,15934,
39,emergencySummary,2024-11-16T01:00:00.542Z,true,1377.4,4530,5907.399417,499947,
1,masterDonors,2024-11-17T01:00:00.726Z,true,30.51,417.59,448.095084,25473,
2,masterFunds,2024-11-17T01:00:00.726Z,true,46.37,326.9,373.276,110784,
3,masterRegionalFunds,2024-11-17T01:00:00.726Z,true,8.2,345.08,353.28325,1268,
4,masterAllocationTypes,2024-11-17T01:00:00.726Z,true,2.25,339.86,342.11712499999993,242,
5,launchedAllocationsData,2024-11-17T01:00:00.726Z,true,1355.58,13523.63,14879.204208,613403,
6,contributionsData,2024-11-17T01:00:00.726Z,true,25,342.62,367.626292,83365,
7,allocationFlowData,2024-11-17T01:00:00.726Z,true,10.55,4759.46,4770.013042,41686,
8,masterPooledFunds,2024-11-17T01:00:00.726Z,true,4.46,4485.81,4490.270917,1728,
9,masterPartners,2024-11-17T01:00:00.726Z,true,2.02,4487.02,4489.036875,107,
10,masterSubPartners,2024-11-17T01:00:00.726Z,true,6.64,4502.22,4508.856791,483,
11,allocationsData,2024-11-17T01:00:00.726Z,true,678.42,4482.4,5160.818708000001,126624,
12,contributionsTotalData,2024-11-17T01:00:00.726Z,true,2121.77,4507.35,6629.12475,232955,
13,targetedPersonsData,2024-11-17T01:00:00.726Z,true,2482.39,4991.08,7473.477417,361777,
14,targetedPersonsDetailsData,2024-11-17T01:00:00.726Z,true,3895.21,4721.04,8616.253,1903705,
15,dataGam,2024-11-17T01:00:00.726Z,true,3.06,5819.66,5822.7185,29206,
16,masterGam,2024-11-17T01:00:00.726Z,true,1.05,4477.91,4478.960625000001,947,
17,masterOrganizations,2024-11-17T01:00:00.726Z,true,1.65,2932.37,2934.013,258,
18,masterSectors,2024-11-17T01:00:00.726Z,true,2.5,2915.14,2917.6472909999998,1390,
19,allocationsDataResults,2024-11-17T01:00:00.726Z,true,343.65,4494.34,4837.9842499999995,59401,
20,resultsBySector,2024-11-17T01:00:00.726Z,true,62.91,2946.17,3009.074792,857738,
21,resultsByDisability,2024-11-17T01:00:00.726Z,true,131.38,2979.32,3110.7065829999997,734927,
22,resultsByType,2024-11-17T01:00:00.726Z,true,177.57,3033.68,3211.246042,2426573,
23,resultsByBeneficiaryType,2024-11-17T01:00:00.726Z,true,123.56,3003.43,3126.996083,942743,
24,resultsByOrganization,2024-11-17T01:00:00.726Z,true,101.69,2955.36,3057.049,830457,
25,masterLocations,2024-11-17T01:00:00.726Z,true,80.33,3015.68,3096.006959,681077,
26,masterBeneficiaryType,2024-11-17T01:00:00.726Z,true,2.5,2996.7,2999.197959,602,
27,projectSummaryProgress,2024-11-17T01:00:00.726Z,true,1697.96,5068.89,6766.849625,238853,
28,sectorsData,2024-11-17T01:00:00.726Z,true,778.96,5776.76,6555.725042,151478,
29,globalIndicators,2024-11-17T01:00:00.726Z,true,1009.36,13113.62,14122.980625,375005,
30,masterOrganizationsProgress,2024-11-17T01:00:00.726Z,true,1702.54,4674.09,6376.629084,1002899,
31,projectStatusMaster,2024-11-17T01:00:00.726Z,true,768.69,4486.46,5255.145333,401698,
32,masterAllocationSource,2024-11-17T01:00:00.726Z,true,3.68,4480.05,4483.732833,54,
33,masterSectorsVo2,2024-11-17T01:00:00.726Z,true,5.28,4477.76,4483.039208,464,
34,masterGlobalIndicators,2024-11-17T01:00:00.726Z,true,2.18,4486.24,4488.420125000001,50696,
35,masterEmergencies,2024-11-17T01:00:00.726Z,true,5.63,4480.4,4486.034208,2278,
36,projectSummary,2024-11-17T01:00:00.726Z,true,1569.4,4573.01,6142.407,387777,
37,projectSummaryAggregate,2024-11-17T01:00:00.726Z,false,,,,,The operation was aborted.
38,HRPSummary,2024-11-17T01:00:00.726Z,true,4.83,4477.9,4482.734208,15934,
39,emergencySummary,2024-11-17T01:00:00.726Z,true,1117.01,4479.81,5596.819667,500334,
1,masterDonors,2024-11-19T01:00:01.041Z,true,15.7,435.69,451.394917,25473,
2,masterFunds,2024-11-19T01:00:01.041Z,true,20.35,349.63,369.98383299999995,110784,
3,masterRegionalFunds,2024-11-19T01:00:01.041Z,true,22.73,333.22,355.951083,1268,
4,masterAllocationTypes,2024-11-19T01:00:01.041Z,true,2.16,349.65,351.814417,242,
5,launchedAllocationsData,2024-11-19T01:00:01.041Z,true,1351.64,9868.2,11219.834916999998,613511,
6,contributionsData,2024-11-19T01:00:01.041Z,true,25.54,338.46,363.99708400000003,83365,
7,allocationFlowData,2024-11-19T01:00:01.041Z,true,2.44,4465.16,4467.600667,41686,
8,masterPooledFunds,2024-11-19T01:00:01.041Z,true,0.33,3955.14,3955.472917,1728,
9,masterPartners,2024-11-19T01:00:01.041Z,true,2.92,4451.02,4453.94025,107,
10,masterSubPartners,2024-11-19T01:00:01.041Z,true,0.55,3898.63,3899.178291,483,
11,allocationsData,2024-11-19T01:00:01.041Z,true,1019.18,4454.83,5474.012375,126624,
12,contributionsTotalData,2024-11-19T01:00:01.041Z,true,1347.79,4450.54,5798.328292,232957,
13,targetedPersonsData,2024-11-19T01:00:01.041Z,true,1663.09,4599.36,6262.455542,361813,
14,targetedPersonsDetailsData,2024-11-19T01:00:01.041Z,true,2725.52,4713.48,7438.993417,1903960,
15,dataGam,2024-11-19T01:00:01.041Z,true,1.77,5181.94,5183.710666,29206,
16,masterGam,2024-11-19T01:00:01.041Z,true,5.2,4444.06,4449.258834,947,
17,masterOrganizations,2024-11-19T01:00:01.041Z,true,2.75,2685.77,2688.5220839999997,258,
18,masterSectors,2024-11-19T01:00:01.041Z,true,1.79,2695.72,2697.507667,1390,
19,allocationsDataResults,2024-11-19T01:00:01.041Z,true,336.11,3962.21,4298.321209,59401,
20,resultsBySector,2024-11-19T01:00:01.041Z,true,143.11,2728.2,2871.312458,857738,
21,resultsByDisability,2024-11-19T01:00:01.041Z,true,82.89,2710.11,2792.997333,734927,
22,resultsByType,2024-11-19T01:00:01.041Z,true,132.74,2841.13,2973.871958,2426573,
23,resultsByBeneficiaryType,2024-11-19T01:00:01.041Z,true,135.35,2714.55,2849.9017919999997,942743,
24,resultsByOrganization,2024-11-19T01:00:01.041Z,true,141.65,2736.01,2877.660208,830457,
25,masterLocations,2024-11-19T01:00:01.041Z,true,90.28,2719.27,2809.549708,681077,
26,masterBeneficiaryType,2024-11-19T01:00:01.041Z,true,1.28,2681.21,2682.4917499999997,602,
27,projectSummaryProgress,2024-11-19T01:00:01.041Z,true,2774.79,4432.44,7207.231,238981,
28,sectorsData,2024-11-19T01:00:01.041Z,true,784.85,6210.39,6995.241417,151754,
29,globalIndicators,2024-11-19T01:00:01.041Z,true,1718.95,7899.12,9618.069834,375039,
30,masterOrganizationsProgress,2024-11-19T01:00:01.041Z,true,4365.04,4426.76,8791.807375,1002943,
31,projectStatusMaster,2024-11-19T01:00:01.041Z,true,996.64,4417.13,5413.773583,401695,
32,masterAllocationSource,2024-11-19T01:00:01.041Z,true,6.34,4411.28,4417.61725,54,
33,masterSectorsVo2,2024-11-19T01:00:01.041Z,true,4.95,4412.13,4417.074875,464,
34,masterGlobalIndicators,2024-11-19T01:00:01.041Z,true,9.18,4418.12,4427.298083,50696,
35,masterEmergencies,2024-11-19T01:00:01.041Z,true,3.94,4418.82,4422.756958,2278,
36,projectSummary,2024-11-19T01:00:01.041Z,true,1328.58,4407.07,5735.6522079999995,387777,
37,projectSummaryAggregate,2024-11-19T01:00:01.041Z,true,1369.76,13793.13,15162.888832999999,1065074,
38,HRPSummary,2024-11-19T01:00:01.041Z,true,2.2,4418.53,4420.728959,15934,
39,emergencySummary,2024-11-19T01:00:01.041Z,true,1783.37,4419.32,6202.6957090000005,500267,
1,masterDonors,2024-11-20T01:00:00.448Z,true,10.15,404.26,414.4052500000001,25473,
2,masterFunds,2024-11-20T01:00:00.448Z,true,10.18,333.75,343.93241599999993,110784,
3,masterRegionalFunds,2024-11-20T01:00:00.448Z,true,14.61,321.43,336.039917,1268,
4,masterAllocationTypes,2024-11-20T01:00:00.448Z,true,1.13,325.82,326.94354200000004,242,
5,launchedAllocationsData,2024-11-20T01:00:00.448Z,true,3307.67,8702.74,12010.40925,613512,
6,contributionsData,2024-11-20T01:00:00.448Z,true,5.42,333.37,338.787291,83365,
7,allocationFlowData,2024-11-20T01:00:00.448Z,true,331.13,6090.74,6421.868125,41688,
8,masterPooledFunds,2024-11-20T01:00:00.448Z,true,0.32,4544.39,4544.7039159999995,1728,
9,masterPartners,2024-11-20T01:00:00.448Z,true,0.44,5547.39,5547.828291,107,
10,masterSubPartners,2024-11-20T01:00:00.448Z,true,0.22,4688.53,4688.747959,483,
11,allocationsData,2024-11-20T01:00:00.448Z,true,1358.29,4686.48,6044.775416,126690,
12,contributionsTotalData,2024-11-20T01:00:00.448Z,true,1663.6,5703.98,7367.58425,232959,
13,targetedPersonsData,2024-11-20T01:00:00.448Z,true,2328.08,6429.96,8758.044582999999,361884,
14,targetedPersonsDetailsData,2024-11-20T01:00:00.448Z,true,2426.48,5113.68,7540.155625,1904743,
15,dataGam,2024-11-20T01:00:00.448Z,true,2.67,6974.12,6976.791333,29206,
16,masterGam,2024-11-20T01:00:00.448Z,true,1.83,4678.62,4680.455417,947,
17,masterOrganizations,2024-11-20T01:00:00.448Z,true,4.5,3435.91,3440.407,258,
18,masterSectors,2024-11-20T01:00:00.448Z,true,1.09,3379.8,3380.895875,1390,
19,allocationsDataResults,2024-11-20T01:00:00.448Z,true,329.92,4527.98,4857.906125,59428,
20,resultsBySector,2024-11-20T01:00:00.448Z,true,87.66,3388.52,3476.1786660000002,857738,
21,resultsByDisability,2024-11-20T01:00:00.448Z,true,94.56,3433.12,3527.687416,734927,
22,resultsByType,2024-11-20T01:00:00.448Z,true,101.56,3967.26,4068.816334,2426573,
23,resultsByBeneficiaryType,2024-11-20T01:00:00.448Z,true,48.95,3369.06,3418.00125,942743,
24,resultsByOrganization,2024-11-20T01:00:00.448Z,true,96.85,3412.78,3509.6304999999998,830457,
25,masterLocations,2024-11-20T01:00:00.448Z,true,41.41,3495.3,3536.703583,681077,
26,masterBeneficiaryType,2024-11-20T01:00:00.448Z,true,1.62,3438.08,3439.707,602,
27,projectSummaryProgress,2024-11-20T01:00:00.448Z,true,1338.14,5150.23,6488.373792,273719,
28,sectorsData,2024-11-20T01:00:00.448Z,true,1019.64,6150.48,7170.12425,152465,
29,globalIndicators,2024-11-20T01:00:00.448Z,true,1319.59,8255.12,9574.713375,375755,
30,masterOrganizationsProgress,2024-11-20T01:00:00.448Z,true,1530.45,4808.2,6338.655583000001,1003063,
31,projectStatusMaster,2024-11-20T01:00:00.448Z,true,668.5,4664.91,5333.408375,401700,
32,masterAllocationSource,2024-11-20T01:00:00.448Z,true,0.29,4467.5,4467.790292,54,
33,masterSectorsVo2,2024-11-20T01:00:00.448Z,true,0.28,4668.12,4668.398416999999,464,
34,masterGlobalIndicators,2024-11-20T01:00:00.448Z,true,1.75,4536.18,4537.926208999999,50696,
35,masterEmergencies,2024-11-20T01:00:00.448Z,true,0.37,4654.96,4655.336542,2278,
36,projectSummary,2024-11-20T01:00:00.448Z,true,1703.79,4668.16,6371.954541,390733,
37,projectSummaryAggregate,2024-11-20T01:00:00.448Z,true,2367.6,24658.97,27026.572292,1071781,
38,HRPSummary,2024-11-20T01:00:00.448Z,true,0.47,4819.86,4820.3379589999995,15934,
39,emergencySummary,2024-11-20T01:00:00.448Z,true,1352.15,4662.01,6014.167625,501615,
1,masterDonors,2024-11-21T01:00:00.973Z,true,7.15,413.11,420.257667,25473,
2,masterFunds,2024-11-21T01:00:00.973Z,true,5.71,344.94,350.65,110784,
3,masterRegionalFunds,2024-11-21T01:00:00.973Z,true,4.23,340.97,345.20041699999996,1268,
4,masterAllocationTypes,2024-11-21T01:00:00.973Z,true,7.71,323.58,331.28925000000004,242,
5,launchedAllocationsData,2024-11-21T01:00:00.973Z,true,1845.12,11986.21,13831.333209,619752,
6,contributionsData,2024-11-21T01:00:00.973Z,true,13.55,331.49,345.038541,83410,
7,allocationFlowData,2024-11-21T01:00:00.973Z,true,1.35,4450.44,4451.788125,41714,
8,masterPooledFunds,2024-11-21T01:00:00.973Z,true,0.27,4278.04,4278.307834,1728,
9,masterPartners,2024-11-21T01:00:00.973Z,true,0.39,4347.06,4347.445084,107,
10,masterSubPartners,2024-11-21T01:00:00.973Z,true,1.75,4294.26,4296.011208,483,
11,allocationsData,2024-11-21T01:00:00.973Z,true,812.5,4333.26,5145.7625,126410,
12,contributionsTotalData,2024-11-21T01:00:00.973Z,true,1794.02,4374.57,6168.580875,232953,
13,targetedPersonsData,2024-11-21T01:00:00.973Z,true,2101.95,5135.99,7237.9410419999995,361969,
14,targetedPersonsDetailsData,2024-11-21T01:00:00.973Z,true,2359.21,4756.05,7115.2555409999995,1905400,
15,dataGam,2024-11-21T01:00:00.973Z,true,2.64,5910.43,5913.069209,29206,
16,masterGam,2024-11-21T01:00:00.973Z,true,0.34,4259.13,4259.472374999999,947,
17,masterOrganizations,2024-11-21T01:00:00.973Z,true,3.99,3000.69,3004.683667,258,
18,masterSectors,2024-11-21T01:00:00.973Z,true,1.43,3002.59,3004.017583,1390,
19,allocationsDataResults,2024-11-21T01:00:00.973Z,true,342.11,4273.44,4615.553708,59345,
20,resultsBySector,2024-11-21T01:00:00.973Z,true,92.97,3026.31,3119.2764159999997,857738,
21,resultsByDisability,2024-11-21T01:00:00.973Z,true,36.53,3233.68,3270.210666,734927,
22,resultsByType,2024-11-21T01:00:00.973Z,true,176.92,3058.11,3235.029459,2426573,
23,resultsByBeneficiaryType,2024-11-21T01:00:00.973Z,true,123.6,3038.57,3162.1737919999996,942743,
24,resultsByOrganization,2024-11-21T01:00:00.973Z,true,94.85,3019.03,3113.877042,830457,
25,masterLocations,2024-11-21T01:00:00.973Z,true,17.62,2989.47,3007.0845830000003,681077,
26,masterBeneficiaryType,2024-11-21T01:00:00.973Z,true,1.41,2964.53,2965.934,602,
27,projectSummaryProgress,2024-11-21T01:00:00.973Z,true,1463.53,4765.13,6228.657709,275904,
28,sectorsData,2024-11-21T01:00:00.973Z,true,1015.76,4942.11,5957.872875,153601,
29,globalIndicators,2024-11-21T01:00:00.973Z,true,1352.32,10682.25,12034.56725,376390,
30,masterOrganizationsProgress,2024-11-21T01:00:00.973Z,true,1552.06,4595.24,6147.303083,1003869,
31,projectStatusMaster,2024-11-21T01:00:00.973Z,true,696.48,4416.45,5112.927792,401699,
32,masterAllocationSource,2024-11-21T01:00:00.973Z,true,0.22,4274.07,4274.282125000001,54,
33,masterSectorsVo2,2024-11-21T01:00:00.973Z,true,1.1,4270.27,4271.371,464,
34,masterGlobalIndicators,2024-11-21T01:00:00.973Z,true,2.73,4317.63,4320.366917,50696,
35,masterEmergencies,2024-11-21T01:00:00.973Z,true,0.44,4269.82,4270.253708,2278,
36,projectSummary,2024-11-21T01:00:00.973Z,true,1734.87,4352.72,6087.588500000001,393552,
37,projectSummaryAggregate,2024-11-21T01:00:00.973Z,true,1352.11,17820.98,19173.083292000003,1076477,
38,HRPSummary,2024-11-21T01:00:00.973Z,true,0.56,4345.76,4346.312666000001,15934,
39,emergencySummary,2024-11-21T01:00:00.973Z,true,1506.54,4304.12,5810.661333999999,502717,
1,masterDonors,2024-11-22T01:00:00.971Z,true,8.73,387.81,396.53520800000007,25473,
2,masterFunds,2024-11-22T01:00:00.971Z,true,8.57,320.42,328.98299999999995,110784,
3,masterRegionalFunds,2024-11-22T01:00:00.971Z,true,13.01,309.56,322.566625,1268,
4,masterAllocationTypes,2024-11-22T01:00:00.971Z,true,1.17,319.12,320.297167,242,
5,launchedAllocationsData,2024-11-22T01:00:00.971Z,true,1356.01,11988.42,13344.429167,626441,
6,contributionsData,2024-11-22T01:00:00.971Z,true,4.81,319.87,324.67854100000005,83492,
7,allocationFlowData,2024-11-22T01:00:00.971Z,true,1.68,4401.41,4403.092124999999,41714,
8,masterPooledFunds,2024-11-22T01:00:00.971Z,true,0.6,4165.79,4166.389834,1728,
9,masterPartners,2024-11-22T01:00:00.971Z,true,1.96,4163.42,4165.374833,107,
10,masterSubPartners,2024-11-22T01:00:00.971Z,true,0.32,4173.22,4173.546834,483,
11,allocationsData,2024-11-22T01:00:00.971Z,true,782.79,4168.01,4950.7993750000005,126410,
12,contributionsTotalData,2024-11-22T01:00:00.971Z,true,1365.6,4275.99,5641.586042,233228,
13,targetedPersonsData,2024-11-22T01:00:00.971Z,true,1357.08,4890.71,6247.789416,362048,
14,targetedPersonsDetailsData,2024-11-22T01:00:00.971Z,true,2467.3,4623.28,7090.574541,1906629,
15,dataGam,2024-11-22T01:00:00.971Z,true,1.38,5412.39,5413.764042,29209,
16,masterGam,2024-11-22T01:00:00.971Z,true,0.32,4158.18,4158.500583,947,
17,masterOrganizations,2024-11-22T01:00:00.971Z,true,2.71,2958.92,2961.628584,258,
18,masterSectors,2024-11-22T01:00:00.971Z,true,1.09,2959.64,2960.7362080000003,1390,
19,allocationsDataResults,2024-11-22T01:00:00.971Z,true,341.6,4182.64,4524.23325,59345,
20,resultsBySector,2024-11-22T01:00:00.971Z,true,131.24,3004.32,3135.56025,857738,
21,resultsByDisability,2024-11-22T01:00:00.971Z,true,107.68,3100.3,3207.97825,734927,
22,resultsByType,2024-11-22T01:00:00.971Z,true,192.41,3070.04,3262.4489580000004,2426573,
23,resultsByBeneficiaryType,2024-11-22T01:00:00.971Z,true,85.14,2995.5,3080.639333,942743,
24,resultsByOrganization,2024-11-22T01:00:00.971Z,true,124.68,3002.18,3126.863458,830457,
25,masterLocations,2024-11-22T01:00:00.971Z,true,97.9,3048.5,3146.400875,681077,
26,masterBeneficiaryType,2024-11-22T01:00:00.971Z,true,0.7,2955.04,2955.7383339999997,602,
27,projectSummaryProgress,2024-11-22T01:00:00.971Z,true,2590.05,5234.61,7824.662458,278930,
28,sectorsData,2024-11-22T01:00:00.971Z,true,1393.38,5309.5,6702.884583,154887,
29,globalIndicators,2024-11-22T01:00:00.971Z,true,1363.62,7776.03,9139.647500000001,379109,
30,masterOrganizationsProgress,2024-11-22T01:00:00.971Z,true,1805.12,4475.42,6280.54475,1004229,
31,projectStatusMaster,2024-11-22T01:00:00.971Z,true,676.51,4317.38,4993.895791,401700,
32,masterAllocationSource,2024-11-22T01:00:00.971Z,true,1.43,4147.87,4149.300458,54,
33,masterSectorsVo2,2024-11-22T01:00:00.971Z,true,0.24,4199.39,4199.633707999999,464,
34,masterGlobalIndicators,2024-11-22T01:00:00.971Z,true,1.3,4252.56,4253.868042,50696,
35,masterEmergencies,2024-11-22T01:00:00.971Z,true,0.2,4233.44,4233.648542,2278,
36,projectSummary,2024-11-22T01:00:00.971Z,true,1448.87,4628.9,6077.767166,398394,
37,projectSummaryAggregate,2024-11-22T01:00:00.971Z,false,,,,,The operation was aborted.
38,HRPSummary,2024-11-22T01:00:00.971Z,true,0.35,4256.73,4257.075834,15934,
39,emergencySummary,2024-11-22T01:00:00.971Z,true,1447.18,4315.54,5762.72425,505295,
1,masterDonors,2024-11-23T01:00:00.710Z,true,4.37,420.4,424.777333,25473,
2,masterFunds,2024-11-23T01:00:00.710Z,true,4.06,347.84,351.903625,110784,
3,masterRegionalFunds,2024-11-23T01:00:00.710Z,true,7.23,339.43,346.668166,1268,
4,masterAllocationTypes,2024-11-23T01:00:00.710Z,true,1.41,339.19,340.59324999999995,242,
5,launchedAllocationsData,2024-11-23T01:00:00.710Z,true,1552.57,8862.24,10414.809458,628919,
6,contributionsData,2024-11-23T01:00:00.710Z,true,21.24,324.04,345.28558400000003,83490,
7,allocationFlowData,2024-11-23T01:00:00.710Z,true,4.12,5133.66,5137.7715419999995,41714,
8,masterPooledFunds,2024-11-23T01:00:00.710Z,true,0.47,3918.67,3919.1367920000002,1728,
9,masterPartners,2024-11-23T01:00:00.710Z,true,4.01,5119.05,5123.06775,107,
10,masterSubPartners,2024-11-23T01:00:00.710Z,true,7.14,5111.33,5118.476042,483,
11,allocationsData,2024-11-23T01:00:00.710Z,true,782.46,5114.03,5896.485125,126344,
12,contributionsTotalData,2024-11-23T01:00:00.710Z,true,1334.5,5115.63,6450.129625,233217,
13,targetedPersonsData,2024-11-23T01:00:00.710Z,true,2351.04,5117.09,7468.127875,362224,
14,targetedPersonsDetailsData,2024-11-23T01:00:00.710Z,true,2435.79,5120.68,7556.4679160000005,1908786,
15,dataGam,2024-11-23T01:00:00.710Z,true,1.46,5377.41,5378.874292,29210,
16,masterGam,2024-11-23T01:00:00.710Z,true,4.37,5106.38,5110.746959,947,
17,masterOrganizations,2024-11-23T01:00:00.710Z,true,2.67,2733.44,2736.1090830000003,258,
18,masterSectors,2024-11-23T01:00:00.710Z,true,1.38,2736.58,2737.9636250000003,1390,
19,allocationsDataResults,2024-11-23T01:00:00.710Z,true,333.95,3962.22,4296.162791000001,59318,
20,resultsBySector,2024-11-23T01:00:00.710Z,true,123.57,2808.9,2932.4733340000002,857738,
21,resultsByDisability,2024-11-23T01:00:00.710Z,true,83.58,2768.49,2852.0770420000003,734927,
22,resultsByType,2024-11-23T01:00:00.710Z,true,144.24,2879.22,3023.455,2426573,
23,resultsByBeneficiaryType,2024-11-23T01:00:00.710Z,true,93.34,2763.28,2856.6141669999997,942743,
24,resultsByOrganization,2024-11-23T01:00:00.710Z,true,124.63,2811.46,2936.0895,830457,
25,masterLocations,2024-11-23T01:00:00.710Z,true,32.85,2755.51,2788.366709,681077,
26,masterBeneficiaryType,2024-11-23T01:00:00.710Z,true,1.23,2748.86,2750.0935,602,
27,projectSummaryProgress,2024-11-23T01:00:00.710Z,true,2229.76,5100.19,7329.955334,284874,
28,sectorsData,2024-11-23T01:00:00.710Z,true,1012.18,6714.2,7726.379,156520,
29,globalIndicators,2024-11-23T01:00:00.710Z,true,1019.86,7931.32,8951.177041,380743,
30,masterOrganizationsProgress,2024-11-23T01:00:00.710Z,true,1604.43,5109.31,6713.737583,1004461,
31,projectStatusMaster,2024-11-23T01:00:00.710Z,true,1021.68,5097.11,6118.789124999999,401699,
32,masterAllocationSource,2024-11-23T01:00:00.710Z,true,5.63,5088.97,5094.595875,54,
33,masterSectorsVo2,2024-11-23T01:00:00.710Z,true,0.43,5100.04,5100.472708,464,
34,masterGlobalIndicators,2024-11-23T01:00:00.710Z,true,2.42,5097.82,5100.235959,50696,
35,masterEmergencies,2024-11-23T01:00:00.710Z,true,1.94,5100.97,5102.917416,2278,
36,projectSummary,2024-11-23T01:00:00.710Z,true,2135.48,5095.44,7230.921541,407997,
37,projectSummaryAggregate,2024-11-23T01:00:00.710Z,true,1344.34,15009.94,16354.275167,1099646,
38,HRPSummary,2024-11-23T01:00:00.710Z,true,1.16,5099.35,5100.510209,15934,
39,emergencySummary,2024-11-23T01:00:00.710Z,true,2042.6,5102.97,7145.570125,509433,
1,masterDonors,2024-11-24T01:00:01.413Z,true,8.97,417.29,426.254625,25473,
2,masterFunds,2024-11-24T01:00:01.413Z,true,5.11,346.98,352.08354199999997,110784,
3,masterRegionalFunds,2024-11-24T01:00:01.413Z,true,10.99,335.11,346.10024999999996,1268,
4,masterAllocationTypes,2024-11-24T01:00:01.413Z,true,9.02,321.47,330.49154200000004,242,
5,launchedAllocationsData,2024-11-24T01:00:01.413Z,true,1510.8,11313.01,12823.813375,629889,
6,contributionsData,2024-11-24T01:00:01.413Z,true,9.45,335.99,345.44237499999997,83490,
7,allocationFlowData,2024-11-24T01:00:01.413Z,true,1.62,4703.52,4705.141708,41714,
8,masterPooledFunds,2024-11-24T01:00:01.413Z,true,0.33,4598.14,4598.466042,1728,
9,masterPartners,2024-11-24T01:00:01.413Z,true,0.38,4612.73,4613.111167,107,
10,masterSubPartners,2024-11-24T01:00:01.413Z,true,0.49,4547.36,4547.858125,483,
11,allocationsData,2024-11-24T01:00:01.413Z,true,684.39,4727.94,5412.332334,126319,
12,contributionsTotalData,2024-11-24T01:00:01.413Z,true,1799.48,4753.74,6553.211291,233211,
13,targetedPersonsData,2024-11-24T01:00:01.413Z,true,2162.32,6215.07,8377.388832999999,362304,
14,targetedPersonsDetailsData,2024-11-24T01:00:01.413Z,true,4747.63,5073.24,9820.869666999999,1909323,
15,dataGam,2024-11-24T01:00:01.413Z,true,1.35,5924.55,5925.906667,29213,
16,masterGam,2024-11-24T01:00:01.413Z,true,2.24,4659.31,4661.548334,947,
17,masterOrganizations,2024-11-24T01:00:01.413Z,true,1.45,3270.51,3271.9610000000002,258,
18,masterSectors,2024-11-24T01:00:01.413Z,true,0.85,3276.64,3277.491083,1390,
19,allocationsDataResults,2024-11-24T01:00:01.413Z,true,338.38,4632.99,4971.365624999999,59300,
20,resultsBySector,2024-11-24T01:00:01.413Z,true,132.32,3529.66,3661.9799160000002,857738,
21,resultsByDisability,2024-11-24T01:00:01.413Z,true,44.59,3312.09,3356.676042,734927,
22,resultsByType,2024-11-24T01:00:01.413Z,true,313.23,3507.26,3820.4878340000005,2426573,
23,resultsByBeneficiaryType,2024-11-24T01:00:01.413Z,true,85.57,3331.11,3416.679416,942743,
24,resultsByOrganization,2024-11-24T01:00:01.413Z,true,84.15,3346.25,3430.3982499999997,830457,
25,masterLocations,2024-11-24T01:00:01.413Z,true,72.28,3379.99,3452.274334,681077,
26,masterBeneficiaryType,2024-11-24T01:00:01.413Z,true,0.68,3277.3,3277.98375,602,
27,projectSummaryProgress,2024-11-24T01:00:01.413Z,true,2361.38,5227.42,7588.807583,286586,
28,sectorsData,2024-11-24T01:00:01.413Z,true,685.29,5853.45,6538.748208,156974,
29,globalIndicators,2024-11-24T01:00:01.413Z,true,2377.51,14313.53,16691.048834,381452,
30,masterOrganizationsProgress,2024-11-24T01:00:01.413Z,true,2024.53,5874.7,7899.2294999999995,1004459,
31,projectStatusMaster,2024-11-24T01:00:01.413Z,true,1021.39,4720.32,5741.709,401696,
32,masterAllocationSource,2024-11-24T01:00:01.413Z,true,0.71,4693.82,4694.53025,54,
33,masterSectorsVo2,2024-11-24T01:00:01.413Z,true,0.39,4650.51,4650.890792,464,
34,masterGlobalIndicators,2024-11-24T01:00:01.413Z,true,1.68,4645.34,4647.022209000001,50696,
35,masterEmergencies,2024-11-24T01:00:01.413Z,true,2.18,4675.47,4677.6519579999995,2278,
36,projectSummary,2024-11-24T01:00:01.413Z,true,1570.58,4809.84,6380.423416,410538,
37,projectSummaryAggregate,2024-11-24T01:00:01.413Z,true,1551.19,17495.07,19046.262833,1104383,
38,HRPSummary,2024-11-24T01:00:01.413Z,true,0.38,4778.79,4779.169375,15934,
39,emergencySummary,2024-11-24T01:00:01.413Z,true,1358.64,4764.19,6122.828167,510818,
1,masterDonors,2024-11-25T01:00:01.206Z,true,2.26,474.82,477.08504200000004,25473,
2,masterFunds,2024-11-25T01:00:01.206Z,true,22.38,323.94,346.32120900000007,110784,
3,masterRegionalFunds,2024-11-25T01:00:01.206Z,true,3.45,337.83,341.274125,1268,
4,masterAllocationTypes,2024-11-25T01:00:01.206Z,true,1.57,333.82,335.38108299999993,242,
5,launchedAllocationsData,2024-11-25T01:00:01.206Z,true,1440.53,6780.56,8221.091291,629889,
6,contributionsData,2024-11-25T01:00:01.206Z,true,13,327.58,340.57570899999996,83490,
7,allocationFlowData,2024-11-25T01:00:01.206Z,true,6.44,4123.52,4129.958957999999,41714,
8,masterPooledFunds,2024-11-25T01:00:01.206Z,true,0.2,3712.22,3712.425792,1728,
9,masterPartners,2024-11-25T01:00:01.206Z,true,0.25,3715.66,3715.901917,107,
10,masterSubPartners,2024-11-25T01:00:01.206Z,true,0.32,3708.5,3708.817625,483,
11,allocationsData,2024-11-25T01:00:01.206Z,true,769.39,4042.82,4812.212958,126317,
12,contributionsTotalData,2024-11-25T01:00:01.206Z,true,1109.15,4114.04,5223.185875,233211,
13,targetedPersonsData,2024-11-25T01:00:01.206Z,true,3029.14,4466.32,7495.456583,362305,
14,targetedPersonsDetailsData,2024-11-25T01:00:01.206Z,true,2653.39,4197.15,6850.534917,1909328,
15,dataGam,2024-11-25T01:00:01.206Z,true,0.88,5012.27,5013.1549589999995,29213,
16,masterGam,2024-11-25T01:00:01.206Z,true,0.91,3706.18,3707.093333,947,
17,masterOrganizations,2024-11-25T01:00:01.206Z,true,1.32,2602.21,2603.528125,258,
18,masterSectors,2024-11-25T01:00:01.206Z,true,2.5,2559.37,2561.8765000000003,1390,
19,allocationsDataResults,2024-11-25T01:00:01.206Z,true,337.06,4112.88,4449.934666,59298,
20,resultsBySector,2024-11-25T01:00:01.206Z,true,118.1,2657.51,2775.612625,857738,
21,resultsByDisability,2024-11-25T01:00:01.206Z,true,130.97,2697.58,2828.551292,734927,
22,resultsByType,2024-11-25T01:00:01.206Z,true,205.04,2678.89,2883.9252500000002,2426573,
23,resultsByBeneficiaryType,2024-11-25T01:00:01.206Z,true,79.78,2617.09,2696.878167,942743,
24,resultsByOrganization,2024-11-25T01:00:01.206Z,true,128.36,2681.03,2809.391417,830457,
25,masterLocations,2024-11-25T01:00:01.206Z,true,76.94,2623.95,2700.8826249999997,681077,
26,masterBeneficiaryType,2024-11-25T01:00:01.206Z,true,1.69,2589.89,2591.580875,602,
27,projectSummaryProgress,2024-11-25T01:00:01.206Z,true,1793.69,4391.93,6185.614458,286586,
28,sectorsData,2024-11-25T01:00:01.206Z,true,1336.89,5214.58,6551.465459,156983,
29,globalIndicators,2024-11-25T01:00:01.206Z,true,1110.62,7536.13,8646.749833,381452,
30,masterOrganizationsProgress,2024-11-25T01:00:01.206Z,true,1536.38,4136.27,5672.644958999999,1004479,
31,projectStatusMaster,2024-11-25T01:00:01.206Z,true,341.96,4098.21,4440.173334,401700,
32,masterAllocationSource,2024-11-25T01:00:01.206Z,true,1.73,4103.3,4105.029375,54,
33,masterSectorsVo2,2024-11-25T01:00:01.206Z,true,0.41,4100.9,4101.3123749999995,464,
34,masterGlobalIndicators,2024-11-25T01:00:01.206Z,true,1.82,4102.64,4104.457041,50696,
35,masterEmergencies,2024-11-25T01:00:01.206Z,true,1.24,4098.82,4100.0620420000005,2278,
36,projectSummary,2024-11-25T01:00:01.206Z,true,2101.04,4102.21,6203.248750000001,410538,
37,projectSummaryAggregate,2024-11-25T01:00:01.206Z,true,1660.01,14423.38,16083.385333999999,1104383,
38,HRPSummary,2024-11-25T01:00:01.206Z,true,0.23,4141.22,4141.453916,15934,
39,emergencySummary,2024-11-25T01:00:01.206Z,true,2449.85,4101.75,6551.604584000001,510812,
1,masterDonors,2024-11-26T01:00:00.849Z,true,2.52,397.4,399.91762500000004,25473,
2,masterFunds,2024-11-26T01:00:00.849Z,true,9.16,330.55,339.709333,110784,
3,masterRegionalFunds,2024-11-26T01:00:00.849Z,true,2.79,332.18,334.968542,1268,
4,masterAllocationTypes,2024-11-26T01:00:00.849Z,true,0.93,329.25,330.18275000000006,242,
5,launchedAllocationsData,2024-11-26T01:00:00.849Z,true,1363.2,11096.53,12459.730875,634142,
6,contributionsData,2024-11-26T01:00:00.849Z,true,20.17,314.17,334.34208299999995,83511,
7,allocationFlowData,2024-11-26T01:00:00.849Z,true,1.88,3802.4,3804.284,41714,
8,masterPooledFunds,2024-11-26T01:00:00.849Z,true,2.31,3588.63,3590.940458,1728,
9,masterPartners,2024-11-26T01:00:00.849Z,true,3.18,3586.65,3589.836792,107,
10,masterSubPartners,2024-11-26T01:00:00.849Z,true,1.58,3586.69,3588.268875,483,
11,allocationsData,2024-11-26T01:00:00.849Z,true,1354.77,3599.98,4954.7435829999995,126319,
12,contributionsTotalData,2024-11-26T01:00:00.849Z,true,1341.99,3693.85,5035.841334,233296,
13,targetedPersonsData,2024-11-26T01:00:00.849Z,true,1441.83,4292.57,5734.402249999999,362319,
14,targetedPersonsDetailsData,2024-11-26T01:00:00.849Z,true,2465.88,4158.63,6624.510166,1909399,
15,dataGam,2024-11-26T01:00:00.849Z,true,1.08,4823.1,4824.1729159999995,29213,
16,masterGam,2024-11-26T01:00:00.849Z,true,0.37,4314.41,4314.776458,947,
17,masterOrganizations,2024-11-26T01:00:00.849Z,true,1.16,2297.52,2298.674292,258,
18,masterSectors,2024-11-26T01:00:00.849Z,true,1.14,2324.82,2325.9597919999997,1390,
19,allocationsDataResults,2024-11-26T01:00:00.849Z,true,338.01,4322.65,4660.654167,59300,
20,resultsBySector,2024-11-26T01:00:00.849Z,true,142.29,2358.59,2500.877125,857738,
21,resultsByDisability,2024-11-26T01:00:00.849Z,true,111.96,2329.49,2441.455334,734927,
22,resultsByType,2024-11-26T01:00:00.849Z,true,204.37,2384.19,2588.559375,2426573,
23,resultsByBeneficiaryType,2024-11-26T01:00:00.849Z,true,123.6,2326.12,2449.7146249999996,942743,
24,resultsByOrganization,2024-11-26T01:00:00.849Z,true,136.88,2372.41,2509.29,830457,
25,masterLocations,2024-11-26T01:00:00.849Z,true,36.2,2321.99,2358.193042,681077,
26,masterBeneficiaryType,2024-11-26T01:00:00.849Z,true,3.86,2314.04,2317.8959579999996,602,
27,projectSummaryProgress,2024-11-26T01:00:00.849Z,true,2038.54,4663,6701.536416999999,286654,
28,sectorsData,2024-11-26T01:00:00.849Z,true,785.21,4722.23,5507.4372920000005,157029,
29,globalIndicators,2024-11-26T01:00:00.849Z,true,2130.24,7357.45,9487.696417000001,381453,
30,masterOrganizationsProgress,2024-11-26T01:00:00.849Z,true,5862.54,4850.05,10712.595542000001,1004518,
31,projectStatusMaster,2024-11-26T01:00:00.849Z,true,684.95,3636.68,4321.622916,401700,
32,masterAllocationSource,2024-11-26T01:00:00.849Z,true,0.41,3568.37,3568.7806250000003,54,
33,masterSectorsVo2,2024-11-26T01:00:00.849Z,true,0.86,3559.94,3560.7977499999997,464,
34,masterGlobalIndicators,2024-11-26T01:00:00.849Z,true,2.6,3564.96,3567.566625,50696,
35,masterEmergencies,2024-11-26T01:00:00.849Z,true,0.57,3636.01,3636.578208,2278,
36,projectSummary,2024-11-26T01:00:00.849Z,true,1789.31,3609.74,5399.044333,410534,
37,projectSummaryAggregate,2024-11-26T01:00:00.849Z,true,1355.53,14034.93,15390.460625000002,1104383,
38,HRPSummary,2024-11-26T01:00:00.849Z,true,0.33,3771.11,3771.436583,15934,
39,emergencySummary,2024-11-26T01:00:00.849Z,true,2004.28,3629.71,5633.985000000001,510785,
1,masterDonors,2024-11-29T01:00:00.541Z,true,2.7,412.72,415.428084,25473,
2,masterFunds,2024-11-29T01:00:00.541Z,true,14.15,336.63,350.78279100000003,110784,
3,masterRegionalFunds,2024-11-29T01:00:00.541Z,true,19.18,326.19,345.37229099999996,1268,
4,masterAllocationTypes,2024-11-29T01:00:00.541Z,true,1.18,336.06,337.24166599999995,242,
5,launchedAllocationsData,2024-11-29T01:00:00.541Z,true,1346.3,8137.79,9484.093917,639009,
6,contributionsData,2024-11-29T01:00:00.541Z,true,10.03,335.56,345.592333,83624,
7,allocationFlowData,2024-11-29T01:00:00.541Z,true,1.71,4802.94,4804.64375,41820,
8,masterPooledFunds,2024-11-29T01:00:00.541Z,true,0.44,4547.83,4548.276625,1728,
9,masterPartners,2024-11-29T01:00:00.541Z,true,0.47,4379.7,4380.169083999999,107,
10,masterSubPartners,2024-11-29T01:00:00.541Z,true,0.32,4405.08,4405.397834,483,
11,allocationsData,2024-11-29T01:00:00.541Z,true,671.36,4472.22,5143.580709000001,126305,
12,contributionsTotalData,2024-11-29T01:00:00.541Z,true,1005,4536.17,5541.165542,233670,
13,targetedPersonsData,2024-11-29T01:00:00.541Z,true,1355.23,5186.9,6542.132958,362858,
14,targetedPersonsDetailsData,2024-11-29T01:00:00.541Z,true,2661.88,4910.46,7572.337917000001,1910702,
15,dataGam,2024-11-29T01:00:00.541Z,true,0.71,7254.96,7255.668917,29301,
16,masterGam,2024-11-29T01:00:00.541Z,true,0.42,4391.11,4391.533917,947,
17,masterOrganizations,2024-11-29T01:00:00.541Z,true,1.61,3235.89,3237.50225,258,
18,masterSectors,2024-11-29T01:00:00.541Z,true,1.32,3241.19,3242.505625,1390,
19,allocationsDataResults,2024-11-29T01:00:00.541Z,true,338.17,4490.91,4829.072459,59296,
20,resultsBySector,2024-11-29T01:00:00.541Z,true,85.37,3249.15,3334.521667,857738,
21,resultsByDisability,2024-11-29T01:00:00.541Z,true,99.55,3250.73,3350.27875,734927,
22,resultsByType,2024-11-29T01:00:00.541Z,true,139.98,3371.65,3511.625375,2426573,
23,resultsByBeneficiaryType,2024-11-29T01:00:00.541Z,true,125.76,3293.78,3419.539792,942743,
24,resultsByOrganization,2024-11-29T01:00:00.541Z,true,118.2,3299.73,3417.929208,830457,
25,masterLocations,2024-11-29T01:00:00.541Z,true,55.42,3248.17,3303.588708,681077,
26,masterBeneficiaryType,2024-11-29T01:00:00.541Z,true,0.99,3239.52,3240.512917,602,
27,projectSummaryProgress,2024-11-29T01:00:00.541Z,true,2560.37,5240.86,7801.235292,290566,
28,sectorsData,2024-11-29T01:00:00.541Z,true,675.6,5698.1,6373.697333,159181,
29,globalIndicators,2024-11-29T01:00:00.541Z,true,1339.64,8454.36,9793.997334,383421,
30,masterOrganizationsProgress,2024-11-29T01:00:00.541Z,true,1651.21,5148.06,6799.264958,1004680,
31,projectStatusMaster,2024-11-29T01:00:00.541Z,true,668.99,4632.64,5301.627125,401700,
32,masterAllocationSource,2024-11-29T01:00:00.541Z,true,0.3,4467.26,4467.5565,54,
33,masterSectorsVo2,2024-11-29T01:00:00.541Z,true,0.19,4475.24,4475.435083,464,
34,masterGlobalIndicators,2024-11-29T01:00:00.541Z,true,1.35,4615.22,4616.568916,50696,
35,masterEmergencies,2024-11-29T01:00:00.541Z,true,0.2,4542.32,4542.519834,2278,
36,projectSummary,2024-11-29T01:00:00.541Z,true,1661.83,4468.13,6129.963000000001,415624,
37,projectSummaryAggregate,2024-11-29T01:00:00.541Z,true,1545.79,16345.37,17891.158125,1112268,
38,HRPSummary,2024-11-29T01:00:00.541Z,true,0.38,4525.95,4526.331875,15934,
39,emergencySummary,2024-11-29T01:00:00.541Z,true,1111.01,4661.1,5772.109125,513003,
1,masterDonors,2024-12-02T01:00:01.200Z,true,7.89,408.08,415.96408400000007,25473,
2,masterFunds,2024-12-02T01:00:01.200Z,true,4.66,344.62,349.28383399999996,110784,
3,masterRegionalFunds,2024-12-02T01:00:01.200Z,true,9.77,334.65,344.42525,1268,
4,masterAllocationTypes,2024-12-02T01:00:01.200Z,true,7.93,322.1,330.029667,242,
5,launchedAllocationsData,2024-12-02T01:00:01.200Z,true,1359.19,10631.84,11991.0315,639018,
6,contributionsData,2024-12-02T01:00:01.200Z,true,8.6,335.06,343.65999999999997,83631,
7,allocationFlowData,2024-12-02T01:00:01.200Z,true,8.85,4735.87,4744.713708,41821,
8,masterPooledFunds,2024-12-02T01:00:01.200Z,true,1.45,4726.77,4728.227792000001,1728,
9,masterPartners,2024-12-02T01:00:01.200Z,true,3.03,4724.2,4727.234458,107,
10,masterSubPartners,2024-12-02T01:00:01.200Z,true,10.33,4729.74,4740.071334,483,
11,allocationsData,2024-12-02T01:00:01.200Z,true,670.87,4736.04,5406.905916,126414,
12,contributionsTotalData,2024-12-02T01:00:01.200Z,true,1451.83,4724.9,6176.730042,233687,
13,targetedPersonsData,2024-12-02T01:00:01.200Z,true,1996.1,4860.31,6856.409125,362872,
14,targetedPersonsDetailsData,2024-12-02T01:00:01.200Z,true,3165.15,4949.61,8114.754334,1910876,
15,dataGam,2024-12-02T01:00:01.200Z,true,1.67,5735.27,5736.939625,29302,
16,masterGam,2024-12-02T01:00:01.200Z,true,5.08,4713.97,4719.051875,947,
17,masterOrganizations,2024-12-02T01:00:01.200Z,true,5.11,2299.23,2304.3433330000003,258,
18,masterSectors,2024-12-02T01:00:01.200Z,true,2.12,2301.39,2303.5042080000003,1390,
19,allocationsDataResults,2024-12-02T01:00:01.200Z,true,330.76,4718.47,5049.232959,59324,
20,resultsBySector,2024-12-02T01:00:01.200Z,true,112.92,2328.83,2441.748291,857738,
21,resultsByDisability,2024-12-02T01:00:01.200Z,true,106.95,2330.52,2437.469458,734927,
22,resultsByType,2024-12-02T01:00:01.200Z,true,155.71,2430.9,2586.604792,2426573,
23,resultsByBeneficiaryType,2024-12-02T01:00:01.200Z,true,108.38,2352.23,2460.6103749999997,942743,
24,resultsByOrganization,2024-12-02T01:00:01.200Z,true,95.91,2431.8,2527.708042,830457,
25,masterLocations,2024-12-02T01:00:01.200Z,true,28.06,2317.85,2345.9069999999997,681077,
26,masterBeneficiaryType,2024-12-02T01:00:01.200Z,true,1.09,2301.04,2302.13375,602,
27,projectSummaryProgress,2024-12-02T01:00:01.200Z,true,1687.3,6874.26,8561.554333,293149,
28,sectorsData,2024-12-02T01:00:01.200Z,true,2123.96,6131.35,8255.306792,161596,
29,globalIndicators,2024-12-02T01:00:01.200Z,true,1362.02,9166.65,10528.6705,384013,
30,masterOrganizationsProgress,2024-12-02T01:00:01.200Z,true,1707.67,5805.71,7513.380375,1006771,
31,projectStatusMaster,2024-12-02T01:00:01.200Z,true,1011.71,4786.49,5798.192584,401699,
32,masterAllocationSource,2024-12-02T01:00:01.200Z,true,5.22,4715.86,4721.077917,54,
33,masterSectorsVo2,2024-12-02T01:00:01.200Z,true,6.51,4713.94,4720.451792000001,464,
34,masterGlobalIndicators,2024-12-02T01:00:01.200Z,true,2,4717.78,4719.772875000001,50696,
35,masterEmergencies,2024-12-02T01:00:01.200Z,true,2.68,4715.75,4718.424208,2278,
36,projectSummary,2024-12-02T01:00:01.200Z,true,3167.1,4747.26,7914.354625,415904,
37,projectSummaryAggregate,2024-12-02T01:00:01.200Z,true,1462.58,22682.27,24144.8545,1112414,
38,HRPSummary,2024-12-02T01:00:01.200Z,true,8.64,4706.78,4715.423083,15934,
39,emergencySummary,2024-12-02T01:00:01.200Z,true,2462.18,4713.06,7175.240834,513306,
1,masterDonors,2024-12-03T01:00:01.270Z,true,19.71,391.55,411.25637499999993,25473,
2,masterFunds,2024-12-03T01:00:01.270Z,true,12.43,328.96,341.39116700000005,110784,
3,masterRegionalFunds,2024-12-03T01:00:01.270Z,true,7.48,326.65,334.12495800000005,1268,
4,masterAllocationTypes,2024-12-03T01:00:01.270Z,true,1.33,330.74,332.065792,242,
5,launchedAllocationsData,2024-12-03T01:00:01.270Z,true,1706.39,8436.2,10142.588583,639026,
6,contributionsData,2024-12-03T01:00:01.270Z,true,10.37,323.61,333.975916,83656,
7,allocationFlowData,2024-12-03T01:00:01.270Z,true,1.91,4803.69,4805.599667,41821,
8,masterPooledFunds,2024-12-03T01:00:01.270Z,true,0.59,4510.73,4511.313458,1728,
9,masterPartners,2024-12-03T01:00:01.270Z,true,0.29,4442.34,4442.626875,107,
10,masterSubPartners,2024-12-03T01:00:01.270Z,true,0.46,4439.05,4439.514167,483,
11,allocationsData,2024-12-03T01:00:01.270Z,true,670.97,4528.43,5199.403583,126418,
12,contributionsTotalData,2024-12-03T01:00:01.270Z,true,2022.03,4644.57,6666.603290999999,233784,
13,targetedPersonsData,2024-12-03T01:00:01.270Z,true,1794.36,5712.27,7506.629459,362886,
14,targetedPersonsDetailsData,2024-12-03T01:00:01.270Z,true,2361.42,5248.26,7609.679666999999,1911075,
15,dataGam,2024-12-03T01:00:01.270Z,true,1.46,6195.12,6196.585583,29302,
16,masterGam,2024-12-03T01:00:01.270Z,true,0.31,4511.06,4511.377291000001,947,
17,masterOrganizations,2024-12-03T01:00:01.270Z,true,1.4,3278.69,3280.0885,258,
18,masterSectors,2024-12-03T01:00:01.270Z,true,5.42,3270.9,3276.3242499999997,1390,
19,allocationsDataResults,2024-12-03T01:00:01.270Z,true,336.9,4571.7,4908.600334,59326,
20,resultsBySector,2024-12-03T01:00:01.270Z,true,55.45,3295.63,3351.078917,857738,
21,resultsByDisability,2024-12-03T01:00:01.270Z,true,132.63,3316.76,3449.391042,734927,
22,resultsByType,2024-12-03T01:00:01.270Z,true,171.19,3390.34,3561.533708,2426573,
23,resultsByBeneficiaryType,2024-12-03T01:00:01.270Z,true,128.18,3350.23,3478.416125,942743,
24,resultsByOrganization,2024-12-03T01:00:01.270Z,true,135.32,3310.84,3446.159709,830457,
25,masterLocations,2024-12-03T01:00:01.270Z,true,72.94,3307.82,3380.764125,681077,
26,masterBeneficiaryType,2024-12-03T01:00:01.270Z,true,2.17,3267.42,3269.5845,602,
27,projectSummaryProgress,2024-12-03T01:00:01.270Z,true,2124.62,5303.35,7427.970333,293764,
28,sectorsData,2024-12-03T01:00:01.270Z,true,1345.85,5980.66,7326.503707999999,162289,
29,globalIndicators,2024-12-03T01:00:01.270Z,true,1455.48,9643.84,11099.316208,384127,
30,masterOrganizationsProgress,2024-12-03T01:00:01.270Z,true,1364,5213.58,6577.576375000001,1007991,
31,projectStatusMaster,2024-12-03T01:00:01.270Z,true,672.6,4557.24,5229.844916,401698,
32,masterAllocationSource,2024-12-03T01:00:01.270Z,true,2.2,4558.63,4560.8303750000005,54,
33,masterSectorsVo2,2024-12-03T01:00:01.270Z,true,1.23,4559.25,4560.475083,464,
34,masterGlobalIndicators,2024-12-03T01:00:01.270Z,true,1.32,4459.75,4461.079041,50696,
35,masterEmergencies,2024-12-03T01:00:01.270Z,true,0.45,4451.42,4451.871292,2278,
36,projectSummary,2024-12-03T01:00:01.270Z,true,2809.33,4624.48,7433.803917,415909,
37,projectSummaryAggregate,2024-12-03T01:00:01.270Z,true,1350.11,15687.28,17037.393292,1112416,
38,HRPSummary,2024-12-03T01:00:01.270Z,true,0.35,4695.56,4695.911542,15934,
39,emergencySummary,2024-12-03T01:00:01.270Z,true,1787.85,4688.26,6476.104833,513295,
1,masterDonors,2024-12-04T01:00:01.370Z,true,2.2,413.35,415.54733400000003,25473,
2,masterFunds,2024-12-04T01:00:01.370Z,true,9.96,335.33,345.28704200000004,110784,
3,masterRegionalFunds,2024-12-04T01:00:01.370Z,true,4.73,335.67,340.39225,1268,
4,masterAllocationTypes,2024-12-04T01:00:01.370Z,true,8.24,315.06,323.29558399999996,242,
5,launchedAllocationsData,2024-12-04T01:00:01.370Z,true,1359.78,7979.12,9338.897667000001,639165,
6,contributionsData,2024-12-04T01:00:01.370Z,true,16.23,323.91,340.1385,83753,
7,allocationFlowData,2024-12-04T01:00:01.370Z,true,1347.97,3928.26,5276.2275,41823,
8,masterPooledFunds,2024-12-04T01:00:01.370Z,true,2.42,3098.11,3100.5257079999997,1728,
9,masterPartners,2024-12-04T01:00:01.370Z,true,0.44,3048.38,3048.8240410000003,107,
10,masterSubPartners,2024-12-04T01:00:01.370Z,true,0.51,2895.27,2895.78125,483,
11,allocationsData,2024-12-04T01:00:01.370Z,true,686.58,3105.4,3791.9889169999997,126486,
12,contributionsTotalData,2024-12-04T01:00:01.370Z,true,1351.98,3145.34,4497.324457999999,233966,
13,targetedPersonsData,2024-12-04T01:00:01.370Z,true,2138.48,3861.67,6000.141334,363089,
14,targetedPersonsDetailsData,2024-12-04T01:00:01.370Z,true,2392.72,3525.39,5918.109084000001,1912038,
15,dataGam,2024-12-04T01:00:01.370Z,true,1.41,4176.61,4178.020542,29305,
16,masterGam,2024-12-04T01:00:01.370Z,true,0.36,3059.4,3059.7580420000004,947,
17,masterOrganizations,2024-12-04T01:00:01.370Z,true,2.18,1747.84,1750.015167,258,
18,masterSectors,2024-12-04T01:00:01.370Z,true,5.24,1743.58,1748.8205000000003,1390,
19,allocationsDataResults,2024-12-04T01:00:01.370Z,true,341.88,3099.21,3441.083291,59355,
20,resultsBySector,2024-12-04T01:00:01.370Z,true,75.24,1778.15,1853.3906249999998,857738,
21,resultsByDisability,2024-12-04T01:00:01.370Z,true,101.39,1797.65,1899.0465,734927,
22,resultsByType,2024-12-04T01:00:01.370Z,true,230.18,1846.35,2076.5275840000004,2426573,
23,resultsByBeneficiaryType,2024-12-04T01:00:01.370Z,true,150.44,1856.96,2007.3938339999997,942743,
24,resultsByOrganization,2024-12-04T01:00:01.370Z,true,145.14,1802.46,1947.599917,830457,
25,masterLocations,2024-12-04T01:00:01.370Z,true,27.26,1770.01,1797.273792,681077,
26,masterBeneficiaryType,2024-12-04T01:00:01.370Z,true,1.53,1743.44,1744.971208,602,
27,projectSummaryProgress,2024-12-04T01:00:01.370Z,true,1568.34,3618.73,5187.069667000001,296293,
28,sectorsData,2024-12-04T01:00:01.370Z,true,1106.07,3985.54,5091.617917,163782,
29,globalIndicators,2024-12-04T01:00:01.370Z,true,1126.13,6471.5,7597.6258339999995,386882,
30,masterOrganizationsProgress,2024-12-04T01:00:01.370Z,true,1693.88,3597.57,5291.44725,1008864,
31,projectStatusMaster,2024-12-04T01:00:01.370Z,true,775.41,3091.93,3867.343166,401630,
32,masterAllocationSource,2024-12-04T01:00:01.370Z,true,3.17,3071.8,3074.9743750000002,54,
33,masterSectorsVo2,2024-12-04T01:00:01.370Z,true,3.78,3072.6,3076.377333,464,
34,masterGlobalIndicators,2024-12-04T01:00:01.370Z,true,1.11,3075.01,3076.124917,50696,
35,masterEmergencies,2024-12-04T01:00:01.370Z,true,0.32,3095.31,3095.63325,2278,
36,projectSummary,2024-12-04T01:00:01.370Z,true,4179.37,3139.15,7318.5209159999995,419391,
37,projectSummaryAggregate,2024-12-04T01:00:01.370Z,false,,,,,The operation was aborted.
38,HRPSummary,2024-12-04T01:00:01.370Z,true,0.37,3270.13,3270.503875,15934,
39,emergencySummary,2024-12-04T01:00:01.370Z,true,1354.38,3238.87,4593.249791,514685,
1,masterDonors,2024-12-05T01:00:00.718Z,true,5.31,421.56,426.862541,25473,
2,masterFunds,2024-12-05T01:00:00.718Z,true,12,342.4,354.40375000000006,110784,
3,masterRegionalFunds,2024-12-05T01:00:00.718Z,true,5.77,343.72,349.48695799999996,1268,
4,masterAllocationTypes,2024-12-05T01:00:00.718Z,true,7.12,329.35,336.472041,242,
5,launchedAllocationsData,2024-12-05T01:00:00.718Z,true,1355.53,17245.65,18601.186959000002,639212,
6,contributionsData,2024-12-05T01:00:00.718Z,true,6.47,341.96,348.43216700000005,83847,
7,allocationFlowData,2024-12-05T01:00:00.718Z,true,2.24,4768.94,4771.180917000001,41824,
8,masterPooledFunds,2024-12-05T01:00:00.718Z,true,0.48,4555.17,4555.646917,1728,
9,masterPartners,2024-12-05T01:00:00.718Z,true,0.2,4562.35,4562.544916999999,107,
10,masterSubPartners,2024-12-05T01:00:00.718Z,true,0.24,4570.35,4570.580875000001,483,
11,allocationsData,2024-12-05T01:00:00.718Z,true,782.13,4561.75,5343.874125,127035,
12,contributionsTotalData,2024-12-05T01:00:00.718Z,true,1355.38,4834.08,6189.462416,234277,
13,targetedPersonsData,2024-12-05T01:00:00.718Z,true,2350.64,5613.69,7964.327458000001,363991,
14,targetedPersonsDetailsData,2024-12-05T01:00:00.718Z,true,2360.39,4907.38,7267.771083,1914389,
15,dataGam,2024-12-05T01:00:00.718Z,true,1.35,5986.42,5987.772417,29350,
16,masterGam,2024-12-05T01:00:00.718Z,true,1.96,4584.27,4586.23525,947,
17,masterOrganizations,2024-12-05T01:00:00.718Z,true,5.4,3256.79,3262.190917,258,
18,masterSectors,2024-12-05T01:00:00.718Z,true,2.18,3258.93,3261.113042,1390,
19,allocationsDataResults,2024-12-05T01:00:00.718Z,true,341.71,4582.02,4923.729042,59608,
20,resultsBySector,2024-12-05T01:00:00.718Z,true,100.62,3428.5,3529.118333,857738,
21,resultsByDisability,2024-12-05T01:00:00.718Z,true,79.35,3301.46,3380.8128749999996,734927,
22,resultsByType,2024-12-05T01:00:00.718Z,true,140.61,3361.56,3502.162917,2426573,
23,resultsByBeneficiaryType,2024-12-05T01:00:00.718Z,true,65.04,3326.46,3391.502125,942743,
24,resultsByOrganization,2024-12-05T01:00:00.718Z,true,39.13,3520.62,3559.753708,830457,
25,masterLocations,2024-12-05T01:00:00.718Z,true,42.14,3300.68,3342.812083,681077,
26,masterBeneficiaryType,2024-12-05T01:00:00.718Z,true,1.62,3272.8,3274.4163329999997,602,
27,projectSummaryProgress,2024-12-05T01:00:00.718Z,true,3741.53,5264.86,9006.388583,302908,
28,sectorsData,2024-12-05T01:00:00.718Z,true,1011.22,5953.06,6964.288875,168854,
29,globalIndicators,2024-12-05T01:00:00.718Z,true,3049.43,14416.89,17466.322333999997,389391,
30,masterOrganizationsProgress,2024-12-05T01:00:00.718Z,true,1689,4840.44,6529.439583,1008905,
31,projectStatusMaster,2024-12-05T01:00:00.718Z,true,1018.02,4695.47,5713.48725,401690,
32,masterAllocationSource,2024-12-05T01:00:00.718Z,true,0.3,4610.17,4610.465375,54,
33,masterSectorsVo2,2024-12-05T01:00:00.718Z,true,0.19,4534.07,4534.261292,464,
34,masterGlobalIndicators,2024-12-05T01:00:00.718Z,true,1.1,4742,4743.091666,50696,
35,masterEmergencies,2024-12-05T01:00:00.718Z,true,0.36,4661.76,4662.124416,2278,
36,projectSummary,2024-12-05T01:00:00.718Z,true,2227.89,4593.73,6821.617916,429454,
37,projectSummaryAggregate,2024-12-05T01:00:00.718Z,true,1560.85,22168.04,23728.886333,1150488,
38,HRPSummary,2024-12-05T01:00:00.718Z,true,0.22,4813.4,4813.622334,15934,
39,emergencySummary,2024-12-05T01:00:00.718Z,true,1456.01,4696.83,6152.840125,520999,
1,masterDonors,2024-12-06T01:00:01.343Z,true,9.88,433.92,443.802333,25473,
2,masterFunds,2024-12-06T01:00:01.343Z,true,7.95,368.74,376.6960409999999,110784,
3,masterRegionalFunds,2024-12-06T01:00:01.343Z,true,6.47,365.48,371.95233299999995,1268,
4,masterAllocationTypes,2024-12-06T01:00:01.343Z,true,7.12,351.75,358.87275,242,
5,launchedAllocationsData,2024-12-06T01:00:01.343Z,true,1375.19,9655.61,11030.80325,639221,
6,contributionsData,2024-12-06T01:00:01.343Z,true,6.83,364.08,370.90954100000005,83858,
7,allocationFlowData,2024-12-06T01:00:01.343Z,true,1.62,4294.85,4296.471125,41828,
8,masterPooledFunds,2024-12-06T01:00:01.343Z,true,0.61,3967.12,3967.7302919999997,1728,
9,masterPartners,2024-12-06T01:00:01.343Z,true,1.99,3964.74,3966.7296659999997,107,
10,masterSubPartners,2024-12-06T01:00:01.343Z,true,0.69,4022.76,4023.451417,483,
11,allocationsData,2024-12-06T01:00:01.343Z,true,1356.57,3970.62,5327.190792,126971,
12,contributionsTotalData,2024-12-06T01:00:01.343Z,true,1119.41,4080.78,5200.189541,234256,
13,targetedPersonsData,2024-12-06T01:00:01.343Z,true,1375.61,4822.6,6198.200958,364237,
14,targetedPersonsDetailsData,2024-12-06T01:00:01.343Z,true,2493.81,4519.39,7013.19525,1915461,
15,dataGam,2024-12-06T01:00:01.343Z,true,1.56,5572.9,5574.459416000001,29387,
16,masterGam,2024-12-06T01:00:01.343Z,true,0.17,4056.47,4056.631209,947,
17,masterOrganizations,2024-12-06T01:00:01.343Z,true,1.51,2796.43,2797.944833,258,
18,masterSectors,2024-12-06T01:00:01.343Z,true,2.19,2785.72,2787.9035,1390,
19,allocationsDataResults,2024-12-06T01:00:01.343Z,true,345.34,4037.7,4383.036792,59581,
20,resultsBySector,2024-12-06T01:00:01.343Z,true,115.18,2832.76,2947.939333,857738,
21,resultsByDisability,2024-12-06T01:00:01.343Z,true,49.18,2813.21,2862.390541,734927,
22,resultsByType,2024-12-06T01:00:01.343Z,true,180.38,2896.94,3077.317375,2426573,
23,resultsByBeneficiaryType,2024-12-06T01:00:01.343Z,true,119.9,2840.5,2960.3972909999998,942743,
24,resultsByOrganization,2024-12-06T01:00:01.343Z,true,135.51,2851.86,2987.371084,830457,
25,masterLocations,2024-12-06T01:00:01.343Z,true,47.33,2976.98,3024.302042,681077,
26,masterBeneficiaryType,2024-12-06T01:00:01.343Z,true,2.81,2939.01,2941.8164580000002,602,
27,projectSummaryProgress,2024-12-06T01:00:01.343Z,true,1999.89,4785.38,6785.266209,305913,
28,sectorsData,2024-12-06T01:00:01.343Z,true,1030.69,5517.07,6547.75225,170365,
29,globalIndicators,2024-12-06T01:00:01.343Z,true,1480.7,8134.03,9614.734290999999,391536,
30,masterOrganizationsProgress,2024-12-06T01:00:01.343Z,true,1460,4330.19,5790.188875,1008907,
31,projectStatusMaster,2024-12-06T01:00:01.343Z,true,685.04,4060.52,4745.5557499999995,401698,
32,masterAllocationSource,2024-12-06T01:00:01.343Z,true,0.3,4008.28,4008.579125,54,
33,masterSectorsVo2,2024-12-06T01:00:01.343Z,true,0.32,4100.63,4100.950208,464,
34,masterGlobalIndicators,2024-12-06T01:00:01.343Z,true,1.3,4056.55,4057.8446670000003,50696,
35,masterEmergencies,2024-12-06T01:00:01.343Z,true,0.36,4039.33,4039.688542,2278,
36,projectSummary,2024-12-06T01:00:01.343Z,true,1483.28,4126.15,5609.437583,434000,
37,projectSummaryAggregate,2024-12-06T01:00:01.343Z,true,1356.39,17734.22,19090.619124999997,1155226,
38,HRPSummary,2024-12-06T01:00:01.343Z,true,0.43,4246.02,4246.453541,15934,
39,emergencySummary,2024-12-06T01:00:01.343Z,true,1852.9,4126.51,5979.413833,524082,
1,masterDonors,2024-12-07T01:00:01.433Z,true,12,417.01,429.01345900000007,25473,
2,masterFunds,2024-12-07T01:00:01.433Z,true,5.07,354.84,359.905083,110784,
3,masterRegionalFunds,2024-12-07T01:00:01.433Z,true,3.61,351.61,355.22691699999996,1268,
4,masterAllocationTypes,2024-12-07T01:00:01.433Z,true,8.58,330.71,339.289,242,
5,launchedAllocationsData,2024-12-07T01:00:01.433Z,true,1361.44,8981.57,10343.010583,639412,
6,contributionsData,2024-12-07T01:00:01.433Z,true,11.07,343.5,354.5745,83926,
7,allocationFlowData,2024-12-07T01:00:01.433Z,true,1.21,4146.82,4148.027292000001,41828,
8,masterPooledFunds,2024-12-07T01:00:01.433Z,true,2.68,3620.37,3623.052541,1728,
9,masterPartners,2024-12-07T01:00:01.433Z,true,1.52,3660.78,3662.298292,107,
10,masterSubPartners,2024-12-07T01:00:01.433Z,true,0.48,3613.13,3613.611292,483,
11,allocationsData,2024-12-07T01:00:01.433Z,true,440.25,3629.87,4070.117666,127169,
12,contributionsTotalData,2024-12-07T01:00:01.433Z,true,1013.09,3840.2,4853.286333,234484,
13,targetedPersonsData,2024-12-07T01:00:01.433Z,true,3549.54,4513.9,8063.439542000001,364244,
14,targetedPersonsDetailsData,2024-12-07T01:00:01.433Z,true,3872.74,4991.02,8863.763332999999,1915999,
15,dataGam,2024-12-07T01:00:01.433Z,true,1.42,5006.81,5008.234208,29386,
16,masterGam,2024-12-07T01:00:01.433Z,true,0.24,3644.77,3645.009708,947,
17,masterOrganizations,2024-12-07T01:00:01.433Z,true,1.67,2351.8,2353.469875,258,
18,masterSectors,2024-12-07T01:00:01.433Z,true,2.57,2339.26,2341.8242920000002,1390,
19,allocationsDataResults,2024-12-07T01:00:01.433Z,true,345.32,3664.51,4009.8245420000003,59662,
20,resultsBySector,2024-12-07T01:00:01.433Z,true,118.72,2363.42,2482.1343749999996,857738,
21,resultsByDisability,2024-12-07T01:00:01.433Z,true,111.78,2433.05,2544.8293329999997,734927,
22,resultsByType,2024-12-07T01:00:01.433Z,true,147.86,2475.19,2623.054875,2426573,
23,resultsByBeneficiaryType,2024-12-07T01:00:01.433Z,true,144.77,2376,2520.768,942743,
24,resultsByOrganization,2024-12-07T01:00:01.433Z,true,115.51,2363.47,2478.977541,830457,
25,masterLocations,2024-12-07T01:00:01.433Z,true,109.85,2369.17,2479.016958,681077,
26,masterBeneficiaryType,2024-12-07T01:00:01.433Z,true,1.29,2350.15,2351.437291,602,
27,projectSummaryProgress,2024-12-07T01:00:01.433Z,true,1466.07,4304.61,5770.686207999999,307501,
28,sectorsData,2024-12-07T01:00:01.433Z,true,1031.52,5019.21,6050.733292,171453,
29,globalIndicators,2024-12-07T01:00:01.433Z,true,1456.69,7933.17,9389.858041,392629,
30,masterOrganizationsProgress,2024-12-07T01:00:01.433Z,true,1513.23,4354.79,5868.020542,1009328,
31,projectStatusMaster,2024-12-07T01:00:01.433Z,true,677.18,3680.94,4358.121375,401699,
32,masterAllocationSource,2024-12-07T01:00:01.433Z,true,0.26,3641.22,3641.4875,54,
33,masterSectorsVo2,2024-12-07T01:00:01.433Z,true,0.39,3635.51,3635.903875,464,
34,masterGlobalIndicators,2024-12-07T01:00:01.433Z,true,0.97,3615.11,3616.078166,50696,
35,masterEmergencies,2024-12-07T01:00:01.433Z,true,0.81,3593.62,3594.432291,2278,
36,projectSummary,2024-12-07T01:00:01.433Z,true,1457.23,3858.19,5315.421458000001,435999,
37,projectSummaryAggregate,2024-12-07T01:00:01.433Z,true,1349.71,11460.75,12810.461208,1168881,
38,HRPSummary,2024-12-07T01:00:01.433Z,true,0.45,3777.75,3778.199417,15934,
39,emergencySummary,2024-12-07T01:00:01.433Z,true,1464.11,3666.28,5130.387375,525030,
1,masterDonors,2024-12-13T01:00:00.983Z,true,2.14,418.52,420.66400000000004,25932,
2,masterFunds,2024-12-13T01:00:00.983Z,true,6.61,342.15,348.75616699999995,110784,
3,masterRegionalFunds,2024-12-13T01:00:00.983Z,true,14.34,328.18,342.51924999999994,1473,
4,masterAllocationTypes,2024-12-13T01:00:00.983Z,true,1.44,332.75,334.18716600000005,242,
5,launchedAllocationsData,2024-12-13T01:00:00.983Z,true,1347.98,7874.77,9222.75175,639547,
6,contributionsData,2024-12-13T01:00:00.983Z,true,10.45,332.65,343.101208,69169,
7,allocationFlowData,2024-12-13T01:00:00.983Z,true,1.73,4131.72,4133.456625,41856,
8,masterPooledFunds,2024-12-13T01:00:00.983Z,true,2.74,3854.87,3857.6078330000005,1795,
9,masterPartners,2024-12-13T01:00:00.983Z,true,4.2,3852.35,3856.5544170000003,107,
10,masterSubPartners,2024-12-13T01:00:00.983Z,true,1.4,3853.81,3855.2050830000003,483,
11,allocationsData,2024-12-13T01:00:00.983Z,true,772.18,3945.78,4717.961625,127264,
12,contributionsTotalData,2024-12-13T01:00:00.983Z,true,1356.69,4061.99,5418.684417,235101,
13,targetedPersonsData,2024-12-13T01:00:00.983Z,true,1692.61,4713.83,6406.44375,364906,
14,targetedPersonsDetailsData,2024-12-13T01:00:00.983Z,true,2383.55,4444.33,6827.876,1918559,
15,dataGam,2024-12-13T01:00:00.983Z,true,1.45,5377.8,5379.2514169999995,29389,
16,masterGam,2024-12-13T01:00:00.983Z,true,4.07,4052.05,4056.121709,947,
17,masterOrganizations,2024-12-13T01:00:00.983Z,true,2.41,2652.58,2654.988708,258,
18,masterSectors,2024-12-13T01:00:00.983Z,true,1.56,2657.77,2659.3367089999997,1390,
19,allocationsDataResults,2024-12-13T01:00:00.983Z,true,337.71,3934.2,4271.91375,59703,
20,resultsBySector,2024-12-13T01:00:00.983Z,true,122.2,2741.81,2864.01625,857738,
21,resultsByDisability,2024-12-13T01:00:00.983Z,true,97.25,2700.85,2798.100333,734927,
22,resultsByType,2024-12-13T01:00:00.983Z,true,174.75,2784.84,2959.588334,2426573,
23,resultsByBeneficiaryType,2024-12-13T01:00:00.983Z,true,94.74,2694.28,2789.020292,942743,
24,resultsByOrganization,2024-12-13T01:00:00.983Z,true,98.65,2802.51,2901.159208,830457,
25,masterLocations,2024-12-13T01:00:00.983Z,true,57.64,2701.24,2758.8834589999997,681077,
26,masterBeneficiaryType,2024-12-13T01:00:00.983Z,true,2.2,2703.11,2705.3147919999997,602,
27,projectSummaryProgress,2024-12-13T01:00:00.983Z,true,2443.16,5466.2,7909.356334,314654,
28,sectorsData,2024-12-13T01:00:00.983Z,true,685.08,7203.41,7888.499042,175323,
29,globalIndicators,2024-12-13T01:00:00.983Z,true,1159.08,8215.73,9374.807458,399666,
30,masterOrganizationsProgress,2024-12-13T01:00:00.983Z,true,2147.62,4384.03,6531.647833,1013019,
31,projectStatusMaster,2024-12-13T01:00:00.983Z,true,674.77,4063.19,4737.962874999999,413715,
32,masterAllocationSource,2024-12-13T01:00:00.983Z,true,2.04,4037.43,4039.4632919999995,54,
33,masterSectorsVo2,2024-12-13T01:00:00.983Z,true,0.77,4038.13,4038.8967500000003,464,
34,masterGlobalIndicators,2024-12-13T01:00:00.983Z,true,1.03,4042.98,4044.005042,50696,
35,masterEmergencies,2024-12-13T01:00:00.983Z,true,0.27,4041.33,4041.5982910000002,2278,
36,projectSummary,2024-12-13T01:00:00.983Z,true,3014.38,4039.56,7053.944041,445802,
37,projectSummaryAggregate,2024-12-13T01:00:00.983Z,true,1345.65,15724.39,17070.041875000003,1188165,
38,HRPSummary,2024-12-13T01:00:00.983Z,true,0.26,4339.49,4339.753,15934,
39,emergencySummary,2024-12-13T01:00:00.983Z,true,2361.74,4089.37,6451.111290999999,530692,
1,masterDonors,2024-12-14T01:00:01.180Z,true,2.33,404.71,407.03645900000004,25932,
2,masterFunds,2024-12-14T01:00:01.180Z,true,7.9,330.2,338.098917,110784,
3,masterRegionalFunds,2024-12-14T01:00:01.180Z,true,11.87,322.23,334.10429199999993,1473,
4,masterAllocationTypes,2024-12-14T01:00:01.180Z,true,1.08,328.96,330.04408300000006,242,
5,launchedAllocationsData,2024-12-14T01:00:01.180Z,true,1578.07,6605.29,8183.361124999999,639549,
6,contributionsData,2024-12-14T01:00:01.180Z,true,3.96,333.65,337.60787500000004,84605,
7,allocationFlowData,2024-12-14T01:00:01.180Z,true,1.58,3773.99,3775.573375,41855,
8,masterPooledFunds,2024-12-14T01:00:01.180Z,true,0.35,3472.75,3473.10675,1795,
9,masterPartners,2024-12-14T01:00:01.180Z,true,0.25,3529.93,3530.186416,107,
10,masterSubPartners,2024-12-14T01:00:01.180Z,true,3.09,3549.76,3552.847792,483,
11,allocationsData,2024-12-14T01:00:01.180Z,true,1384.42,3566.37,4950.789625,127194,
12,contributionsTotalData,2024-12-14T01:00:01.180Z,true,1700.58,3580.34,5280.923957999999,235280,
13,targetedPersonsData,2024-12-14T01:00:01.180Z,true,1676.07,4208.99,5885.0659590000005,365022,
14,targetedPersonsDetailsData,2024-12-14T01:00:01.180Z,true,2364.21,3978.56,6342.76375,1919259,
15,dataGam,2024-12-14T01:00:01.180Z,true,1.37,4881.4,4882.767167,29390,
16,masterGam,2024-12-14T01:00:01.180Z,true,2.99,3558.5,3561.491708,947,
17,masterOrganizations,2024-12-14T01:00:01.180Z,true,2.43,2200.16,2202.597125,258,
18,masterSectors,2024-12-14T01:00:01.180Z,true,1.64,2225.73,2227.362334,1390,
19,allocationsDataResults,2024-12-14T01:00:01.180Z,true,340.22,3543.11,3883.337709,59674,
20,resultsBySector,2024-12-14T01:00:01.180Z,true,94.76,2235.02,2329.784167,857738,
21,resultsByDisability,2024-12-14T01:00:01.180Z,true,140.96,2255.57,2396.5230420000003,734927,
22,resultsByType,2024-12-14T01:00:01.180Z,true,191.12,2306.54,2497.655584,2426573,
23,resultsByBeneficiaryType,2024-12-14T01:00:01.180Z,true,138.09,2288.05,2426.134417,942743,
24,resultsByOrganization,2024-12-14T01:00:01.180Z,true,101.76,2234.53,2336.28575,830457,
25,masterLocations,2024-12-14T01:00:01.180Z,true,81.56,2283.22,2364.78525,681077,
26,masterBeneficiaryType,2024-12-14T01:00:01.180Z,true,4.25,2214.7,2218.948083,602,
27,projectSummaryProgress,2024-12-14T01:00:01.180Z,true,2390.36,4024.92,6415.2840830000005,316765,
28,sectorsData,2024-12-14T01:00:01.180Z,true,1723.74,4838.9,6562.6419160000005,176439,
29,globalIndicators,2024-12-14T01:00:01.180Z,true,1915.61,7195.04,9110.648791,401232,
30,masterOrganizationsProgress,2024-12-14T01:00:01.180Z,true,1460.26,3700.48,5160.741958,1013066,
31,projectStatusMaster,2024-12-14T01:00:01.180Z,true,1032.14,3545.72,4577.856167,413591,
32,masterAllocationSource,2024-12-14T01:00:01.180Z,true,0.28,5019.17,5019.446958,54,
33,masterSectorsVo2,2024-12-14T01:00:01.180Z,true,0.79,3527.52,3528.3125,464,
34,masterGlobalIndicators,2024-12-14T01:00:01.180Z,true,1.58,3492.34,3493.9165000000003,50696,
35,masterEmergencies,2024-12-14T01:00:01.180Z,true,0.49,3429.63,3430.123792,2278,
36,projectSummary,2024-12-14T01:00:01.180Z,true,3550.33,3587.03,7137.3615,448993,
37,projectSummaryAggregate,2024-12-14T01:00:01.180Z,true,1231.58,11062.31,12293.892583,1192270,
38,HRPSummary,2024-12-14T01:00:01.180Z,true,0.42,3637.83,3638.2497080000003,15934,
39,emergencySummary,2024-12-14T01:00:01.180Z,true,1803.59,3526.64,5330.228667,533528,
1,masterDonors,2024-12-16T01:00:00.651Z,true,6.97,189.98,196.955375,25932,
2,masterFunds,2024-12-16T01:00:00.651Z,true,18.06,104.33,122.392042,110784,
3,masterRegionalFunds,2024-12-16T01:00:00.651Z,true,7.45,109.98,117.427166,1473,
4,masterAllocationTypes,2024-12-16T01:00:00.651Z,true,0.97,114.69,115.65291599999995,242,
5,launchedAllocationsData,2024-12-16T01:00:00.651Z,true,1535.35,6681.07,8216.419375,639545,
6,contributionsData,2024-12-16T01:00:00.651Z,true,8.29,108.26,116.55070799999999,84626,
7,allocationFlowData,2024-12-16T01:00:00.651Z,true,1.73,3735.95,3737.6875,41855,
8,masterPooledFunds,2024-12-16T01:00:00.651Z,true,0.2,3296.72,3296.9210000000003,1795,
9,masterPartners,2024-12-16T01:00:00.651Z,true,0.22,3284,3284.21525,107,
10,masterSubPartners,2024-12-16T01:00:00.651Z,true,0.13,3299.86,3299.994542,483,
11,allocationsData,2024-12-16T01:00:00.651Z,true,772.47,3306.68,4079.157709,127194,
12,contributionsTotalData,2024-12-16T01:00:00.651Z,true,1346.71,3425.24,4771.946416000001,235288,
13,targetedPersonsData,2024-12-16T01:00:00.651Z,true,2556.6,3984.05,6540.646834,365033,
14,targetedPersonsDetailsData,2024-12-16T01:00:00.651Z,true,2343.39,3882.94,6226.333041,1919320,
15,dataGam,2024-12-16T01:00:00.651Z,true,1.06,8236.29,8237.358417,29390,
16,masterGam,2024-12-16T01:00:00.651Z,true,0.19,3289.72,3289.902375,947,
17,masterOrganizations,2024-12-16T01:00:00.651Z,true,3.95,2157.37,2161.3258339999998,258,
18,masterSectors,2024-12-16T01:00:00.651Z,true,2.54,2110.42,2112.961125,1390,
19,allocationsDataResults,2024-12-16T01:00:00.651Z,true,337.54,3306.57,3644.113125,59674,
20,resultsBySector,2024-12-16T01:00:00.651Z,true,129.94,2230.15,2360.096167,857738,
21,resultsByDisability,2024-12-16T01:00:00.651Z,true,118.44,2155.5,2273.9435829999998,734927,
22,resultsByType,2024-12-16T01:00:00.651Z,true,175.85,2229.74,2405.5935,2426573,
23,resultsByBeneficiaryType,2024-12-16T01:00:00.651Z,true,126.2,2152.13,2278.331417,942743,
24,resultsByOrganization,2024-12-16T01:00:00.651Z,true,78.79,2137.69,2216.482291,830457,
25,masterLocations,2024-12-16T01:00:00.651Z,true,82.65,2170.34,2252.992291,681077,
26,masterBeneficiaryType,2024-12-16T01:00:00.651Z,true,0.95,2110.16,2111.116542,602,
27,projectSummaryProgress,2024-12-16T01:00:00.651Z,true,2578.12,3925.96,6504.075,317128,
28,sectorsData,2024-12-16T01:00:00.651Z,true,1340.07,8615.51,9955.581875,176683,
29,globalIndicators,2024-12-16T01:00:00.651Z,true,1692.71,7494.82,9187.527,401359,
30,masterOrganizationsProgress,2024-12-16T01:00:00.651Z,true,1893.64,3618.8,5512.4410419999995,1013159,
31,projectStatusMaster,2024-12-16T01:00:00.651Z,true,688.1,3383.75,4071.84525,413877,
32,masterAllocationSource,2024-12-16T01:00:00.651Z,true,0.21,3287.53,3287.740084,54,
33,masterSectorsVo2,2024-12-16T01:00:00.651Z,true,0.28,3326.95,3327.2315,464,
34,masterGlobalIndicators,2024-12-16T01:00:00.651Z,true,0.96,3304.29,3305.2528340000003,50696,
35,masterEmergencies,2024-12-16T01:00:00.651Z,true,0.28,3336.93,3337.20975,2278,
36,projectSummary,2024-12-16T01:00:00.651Z,true,2141.64,3370.33,5511.9673330000005,449010,
37,projectSummaryAggregate,2024-12-16T01:00:00.651Z,false,,,,,The operation was aborted.
38,HRPSummary,2024-12-16T01:00:00.651Z,true,0.37,3413.2,3413.56975,15934,
39,emergencySummary,2024-12-16T01:00:00.651Z,true,1806.01,3387,5193.002917,533442,
1,masterDonors,2024-12-17T01:00:00.804Z,true,6.82,423.39,430.202292,25932,
2,masterFunds,2024-12-17T01:00:00.804Z,true,7.28,336.32,343.605,110784,
3,masterRegionalFunds,2024-12-17T01:00:00.804Z,true,7.35,331.2,338.548625,1473,
4,masterAllocationTypes,2024-12-17T01:00:00.804Z,true,1.85,334.37,336.21849999999995,242,
5,launchedAllocationsData,2024-12-17T01:00:00.804Z,true,1697.98,6677.04,8375.0155,642501,
6,contributionsData,2024-12-17T01:00:00.804Z,true,21.16,317.02,338.180792,84666,
7,allocationFlowData,2024-12-17T01:00:00.804Z,true,339.13,5692.32,6031.445458,41855,
8,masterPooledFunds,2024-12-17T01:00:00.804Z,true,1.6,5520.76,5522.3585410000005,1795,
9,masterPartners,2024-12-17T01:00:00.804Z,true,0.3,3775.66,3775.9581670000002,107,
10,masterSubPartners,2024-12-17T01:00:00.804Z,true,1.5,5520.96,5522.461125,483,
11,allocationsData,2024-12-17T01:00:00.804Z,true,1441.31,5520.69,6961.997625,127264,
12,contributionsTotalData,2024-12-17T01:00:00.804Z,true,1676.53,5517.58,7194.104041,235441,
13,targetedPersonsData,2024-12-17T01:00:00.804Z,true,2468,5591.57,8059.5711249999995,365038,
14,targetedPersonsDetailsData,2024-12-17T01:00:00.804Z,true,5074.91,5519.14,10594.046709,1919378,
15,dataGam,2024-12-17T01:00:00.804Z,true,1.4,5924.35,5925.7429999999995,29390,
16,masterGam,2024-12-17T01:00:00.804Z,true,0.21,3757.74,3757.959,947,
17,masterOrganizations,2024-12-17T01:00:00.804Z,true,2.35,2568.83,2571.180083,258,
18,masterSectors,2024-12-17T01:00:00.804Z,true,4.35,2605.29,2609.643125,1390,
19,allocationsDataResults,2024-12-17T01:00:00.804Z,true,342.34,3745.63,4087.9715000000006,59703,
20,resultsBySector,2024-12-17T01:00:00.804Z,true,98.45,2607.78,2706.227,857738,
21,resultsByDisability,2024-12-17T01:00:00.804Z,true,107.79,2619.53,2727.320916,734927,
22,resultsByType,2024-12-17T01:00:00.804Z,true,94.37,3040.23,3134.603625,2426573,
23,resultsByBeneficiaryType,2024-12-17T01:00:00.804Z,true,94.22,2664.89,2759.115792,942743,
24,resultsByOrganization,2024-12-17T01:00:00.804Z,true,48.25,2589.49,2637.7415,830457,
25,masterLocations,2024-12-17T01:00:00.804Z,true,71.17,2651.21,2722.377917,681077,
26,masterBeneficiaryType,2024-12-17T01:00:00.804Z,true,1.1,2583.51,2584.612667,602,
27,projectSummaryProgress,2024-12-17T01:00:00.804Z,true,2403.18,4428.49,6831.67125,317499,
28,sectorsData,2024-12-17T01:00:00.804Z,true,1012.03,5884.87,6896.89875,177050,
29,globalIndicators,2024-12-17T01:00:00.804Z,true,1677.96,8285.36,9963.319042000001,401372,
30,masterOrganizationsProgress,2024-12-17T01:00:00.804Z,true,1561.82,4146.84,5708.667083,1013215,
31,projectStatusMaster,2024-12-17T01:00:00.804Z,true,784.09,3895.97,4680.0632080000005,413748,
32,masterAllocationSource,2024-12-17T01:00:00.804Z,true,0.34,3770.65,3770.98925,54,
33,masterSectorsVo2,2024-12-17T01:00:00.804Z,true,0.42,3744.21,3744.629458,464,
34,masterGlobalIndicators,2024-12-17T01:00:00.804Z,true,1.23,3769.86,3771.087208,50696,
35,masterEmergencies,2024-12-17T01:00:00.804Z,true,0.38,3737.21,3737.5867089999997,2278,
36,projectSummary,2024-12-17T01:00:00.804Z,true,1926.12,3846.02,5772.139708,449033,
37,projectSummaryAggregate,2024-12-17T01:00:00.804Z,true,1459.42,11767.34,13226.762708,1193174,
38,HRPSummary,2024-12-17T01:00:00.804Z,true,0.28,3847.52,3847.8,15934,
39,emergencySummary,2024-12-17T01:00:00.804Z,true,1768.27,3798.16,5566.42925,533411,
1,masterDonors,2024-12-19T01:00:00.800Z,true,4.21,412.11,416.318958,25932,
2,masterFunds,2024-12-19T01:00:00.800Z,true,19.66,330,349.66162499999996,110784,
3,masterRegionalFunds,2024-12-19T01:00:00.800Z,true,4.45,340.25,344.701167,1473,
4,masterAllocationTypes,2024-12-19T01:00:00.800Z,true,1.13,340.97,342.10404200000005,242,
5,launchedAllocationsData,2024-12-19T01:00:00.800Z,true,1560.2,7447.75,9007.948584,644173,
6,contributionsData,2024-12-19T01:00:00.800Z,true,11.06,332.82,343.87608400000005,84839,
7,allocationFlowData,2024-12-19T01:00:00.800Z,true,2.09,4098.69,4100.783125,41854,
8,masterPooledFunds,2024-12-19T01:00:00.800Z,true,0.47,3780.09,3780.5634170000003,1795,
9,masterPartners,2024-12-19T01:00:00.800Z,true,0.38,3925.58,3925.9620409999998,107,
10,masterSubPartners,2024-12-19T01:00:00.800Z,true,0.51,3726.22,3726.729417,483,
11,allocationsData,2024-12-19T01:00:00.800Z,true,1121.63,3890.07,5011.697625,127343,
12,contributionsTotalData,2024-12-19T01:00:00.800Z,true,1835.61,4084.66,5920.270042,235945,
13,targetedPersonsData,2024-12-19T01:00:00.800Z,true,1790.19,4518.25,6308.4315,365121,
14,targetedPersonsDetailsData,2024-12-19T01:00:00.800Z,true,2387.8,4311.75,6699.55225,1920243,
15,dataGam,2024-12-19T01:00:00.800Z,true,2.6,5167.78,5170.375,29391,
16,masterGam,2024-12-19T01:00:00.800Z,true,0.39,3877.47,3877.859166,947,
17,masterOrganizations,2024-12-19T01:00:00.800Z,true,4.62,2575.5,2580.125417,258,
18,masterSectors,2024-12-19T01:00:00.800Z,true,8.17,2570.65,2578.822791,1390,
19,allocationsDataResults,2024-12-19T01:00:00.800Z,true,341.09,3921.79,4262.876666,59762,
20,resultsBySector,2024-12-19T01:00:00.800Z,true,97.75,2582.76,2680.5085,857738,
21,resultsByDisability,2024-12-19T01:00:00.800Z,true,63.86,2578.17,2642.0349579999997,734927,
22,resultsByType,2024-12-19T01:00:00.800Z,true,161.12,2680.04,2841.158667,2426573,
23,resultsByBeneficiaryType,2024-12-19T01:00:00.800Z,true,126.83,2610.93,2737.757958,942743,
24,resultsByOrganization,2024-12-19T01:00:00.800Z,true,122.67,2636.03,2758.699875,830457,
25,masterLocations,2024-12-19T01:00:00.800Z,true,79.37,2610.44,2689.807375,681077,
26,masterBeneficiaryType,2024-12-19T01:00:00.800Z,true,3.57,2569.82,2573.382833,602,
27,projectSummaryProgress,2024-12-19T01:00:00.800Z,true,2226.46,6006.04,8232.502625,319912,
28,sectorsData,2024-12-19T01:00:00.800Z,true,1127.38,5155.99,6283.371833,178658,
29,globalIndicators,2024-12-19T01:00:00.800Z,true,1349.35,7883.33,9232.685292,402479,
30,masterOrganizationsProgress,2024-12-19T01:00:00.800Z,true,1710.76,4075.05,5785.807709000001,1013492,
31,projectStatusMaster,2024-12-19T01:00:00.800Z,true,684.39,3843.72,4528.115125,413668,
32,masterAllocationSource,2024-12-19T01:00:00.800Z,true,0.35,3928.09,3928.4375420000006,54,
33,masterSectorsVo2,2024-12-19T01:00:00.800Z,true,2.01,3946.4,3948.4165409999996,464,
34,masterGlobalIndicators,2024-12-19T01:00:00.800Z,true,2.07,3754.83,3756.9023750000006,50696,
35,masterEmergencies,2024-12-19T01:00:00.800Z,true,0.35,3770.64,3770.986208,2278,
36,projectSummary,2024-12-19T01:00:00.800Z,true,1459.73,3945.47,5405.198625,452052,
37,projectSummaryAggregate,2024-12-19T01:00:00.800Z,true,1343.17,14363.45,15706.615875000001,1203632,
38,HRPSummary,2024-12-19T01:00:00.800Z,true,0.39,3994.03,3994.4149999999995,15934,
39,emergencySummary,2024-12-19T01:00:00.800Z,true,1697.42,3836.24,5533.654292,534972,
1,masterDonors,2024-12-20T01:00:00.495Z,true,3.41,413.77,417.17470800000007,25932,
2,masterFunds,2024-12-20T01:00:00.495Z,true,7.32,341.14,348.461833,110784,
3,masterRegionalFunds,2024-12-20T01:00:00.495Z,true,1.22,342.21,343.437292,1473,
4,masterAllocationTypes,2024-12-20T01:00:00.495Z,true,8.78,318.68,327.45533300000005,242,
5,launchedAllocationsData,2024-12-20T01:00:00.495Z,true,1451.87,6393.74,7845.611375,644025,
6,contributionsData,2024-12-20T01:00:00.495Z,true,12.98,329.87,342.85058300000003,84907,
7,allocationFlowData,2024-12-20T01:00:00.495Z,true,1.91,3848.06,3849.9660839999997,41855,
8,masterPooledFunds,2024-12-20T01:00:00.495Z,true,1.61,3545.78,3547.39075,1795,
9,masterPartners,2024-12-20T01:00:00.495Z,true,0.31,3624.99,3625.300625,107,
10,masterSubPartners,2024-12-20T01:00:00.495Z,true,0.43,3544.62,3545.0510409999997,483,
11,allocationsData,2024-12-20T01:00:00.495Z,true,672.2,3585.48,4257.674958,127209,
12,contributionsTotalData,2024-12-20T01:00:00.495Z,true,1354.28,3688.23,5042.506917000001,236114,
13,targetedPersonsData,2024-12-20T01:00:00.495Z,true,2022.53,4331.62,6354.149042,365130,
14,targetedPersonsDetailsData,2024-12-20T01:00:00.495Z,true,2893.63,4096.51,6990.135667,1921105,
15,dataGam,2024-12-20T01:00:00.495Z,true,0.96,4960.66,4961.6146659999995,29436,
16,masterGam,2024-12-20T01:00:00.495Z,true,0.45,3577.87,3578.32225,947,
17,masterOrganizations,2024-12-20T01:00:00.495Z,true,2.48,2263.5,2265.9817909999997,258,
18,masterSectors,2024-12-20T01:00:00.495Z,true,1.79,2314.15,2315.941625,1390,
19,allocationsDataResults,2024-12-20T01:00:00.495Z,true,339.33,3598.46,3937.7868750000002,59707,
20,resultsBySector,2024-12-20T01:00:00.495Z,true,110.67,2370.15,2480.8212919999996,857738,
21,resultsByDisability,2024-12-20T01:00:00.495Z,true,112.48,2306.46,2418.944,734927,
22,resultsByType,2024-12-20T01:00:00.495Z,true,145.69,2409.78,2555.467542,2426573,
23,resultsByBeneficiaryType,2024-12-20T01:00:00.495Z,true,109.68,2317.71,2427.3895,942743,
24,resultsByOrganization,2024-12-20T01:00:00.495Z,true,84.69,2301.52,2386.2102919999998,830457,
25,masterLocations,2024-12-20T01:00:00.495Z,true,22.39,2282.01,2304.402708,681077,
26,masterBeneficiaryType,2024-12-20T01:00:00.495Z,true,1.52,2275.27,2276.790291,602,
27,projectSummaryProgress,2024-12-20T01:00:00.495Z,true,2119.89,4195.36,6315.252708,322541,
28,sectorsData,2024-12-20T01:00:00.495Z,true,1115.92,3903.62,5019.543084,179684,
29,globalIndicators,2024-12-20T01:00:00.495Z,true,1671.49,7375.98,9047.477334,403556,
30,masterOrganizationsProgress,2024-12-20T01:00:00.495Z,true,2103.69,3771.17,5874.864041999999,1014483,
31,projectStatusMaster,2024-12-20T01:00:00.495Z,true,666.5,3634.77,4301.2675,413652,
32,masterAllocationSource,2024-12-20T01:00:00.495Z,true,1.53,3587.66,3589.190959,54,
33,masterSectorsVo2,2024-12-20T01:00:00.495Z,true,0.77,3655.96,3656.732625,464,
34,masterGlobalIndicators,2024-12-20T01:00:00.495Z,true,2.07,3449.5,3451.5696669999998,50696,
35,masterEmergencies,2024-12-20T01:00:00.495Z,true,0.35,3469.62,3469.971292,2278,
36,projectSummary,2024-12-20T01:00:00.495Z,true,2373.32,3700.5,6073.823334000001,456111,
37,projectSummaryAggregate,2024-12-20T01:00:00.495Z,true,1347.08,16784.79,18131.867375,1212404,
38,HRPSummary,2024-12-20T01:00:00.495Z,true,1.97,3650.65,3652.62675,15934,
39,emergencySummary,2024-12-20T01:00:00.495Z,true,1371.8,3557.09,4928.884375,537015,
1,masterDonors,2024-12-23T01:00:00.691Z,true,4.05,387.41,391.455084,25932,
2,masterFunds,2024-12-23T01:00:00.691Z,true,3.14,335.3,338.444833,110784,
3,masterRegionalFunds,2024-12-23T01:00:00.691Z,true,1.48,321.68,323.16116600000004,1473,
4,masterAllocationTypes,2024-12-23T01:00:00.691Z,true,4.96,311.11,316.069125,242,
5,launchedAllocationsData,2024-12-23T01:00:00.691Z,true,1724.59,7021.55,8746.137375,648811,
6,contributionsData,2024-12-23T01:00:00.691Z,true,4.6,333.69,338.2948339999999,84890,
7,allocationFlowData,2024-12-23T01:00:00.691Z,true,1.15,4266.73,4267.872042,41855,
8,masterPooledFunds,2024-12-23T01:00:00.691Z,true,0.22,3873.77,3873.989375,1795,
9,masterPartners,2024-12-23T01:00:00.691Z,true,0.37,3846.18,3846.5485419999995,107,
10,masterSubPartners,2024-12-23T01:00:00.691Z,true,0.29,3847.56,3847.847333,483,
11,allocationsData,2024-12-23T01:00:00.691Z,true,691.66,3891.97,4583.62725,127205,
12,contributionsTotalData,2024-12-23T01:00:00.691Z,true,1485.67,4042.62,5528.2939590000005,236039,
13,targetedPersonsData,2024-12-23T01:00:00.691Z,true,1703.2,4771.31,6474.510042000001,365152,
14,targetedPersonsDetailsData,2024-12-23T01:00:00.691Z,true,6493.81,4386.65,10880.461084,1921754,
15,dataGam,2024-12-23T01:00:00.691Z,true,1.6,5247.41,5249.007041,29446,
16,masterGam,2024-12-23T01:00:00.691Z,true,1.13,3836.96,3838.0959589999998,947,
17,masterOrganizations,2024-12-23T01:00:00.691Z,true,3.21,2650.68,2653.8895829999997,258,
18,masterSectors,2024-12-23T01:00:00.691Z,true,9.62,2643.08,2652.703458,1390,
19,allocationsDataResults,2024-12-23T01:00:00.691Z,true,344.2,4033.81,4378.012292,59705,
20,resultsBySector,2024-12-23T01:00:00.691Z,true,118.71,2667.01,2785.718583,857738,
21,resultsByDisability,2024-12-23T01:00:00.691Z,true,123.99,2689.15,2813.136959,734927,
22,resultsByType,2024-12-23T01:00:00.691Z,true,100.59,2809.85,2910.439625,2426573,
23,resultsByBeneficiaryType,2024-12-23T01:00:00.691Z,true,89.34,2654.89,2744.226875,942743,
24,resultsByOrganization,2024-12-23T01:00:00.691Z,true,118.53,2673.48,2792.015416,830457,
25,masterLocations,2024-12-23T01:00:00.691Z,true,30.12,2640.87,2670.990125,681077,
26,masterBeneficiaryType,2024-12-23T01:00:00.691Z,true,10.31,2649.74,2660.055375,602,
27,projectSummaryProgress,2024-12-23T01:00:00.691Z,true,2172.23,4477.89,6650.119,324763,
28,sectorsData,2024-12-23T01:00:00.691Z,true,2053.81,4268.14,6321.941709,180417,
29,globalIndicators,2024-12-23T01:00:00.691Z,true,1487.47,7839.36,9326.831041,404060,
30,masterOrganizationsProgress,2024-12-23T01:00:00.691Z,true,1573.13,4474.18,6047.311334,1016444,
31,projectStatusMaster,2024-12-23T01:00:00.691Z,true,695.78,4029.03,4724.807875,413625,
32,masterAllocationSource,2024-12-23T01:00:00.691Z,true,0.16,3847.17,3847.324834,54,
33,masterSectorsVo2,2024-12-23T01:00:00.691Z,true,0.17,4029.17,4029.3446249999997,464,
34,masterGlobalIndicators,2024-12-23T01:00:00.691Z,true,1.1,4055.19,4056.2942500000004,50696,
35,masterEmergencies,2024-12-23T01:00:00.691Z,true,0.2,4026.58,4026.777458,2278,
36,projectSummary,2024-12-23T01:00:00.691Z,true,2747.9,4145.49,6893.395208,458102,
37,projectSummaryAggregate,2024-12-23T01:00:00.691Z,false,,,,,The operation was aborted.
38,HRPSummary,2024-12-23T01:00:00.691Z,true,0.21,4021.32,4021.5331250000004,15934,
39,emergencySummary,2024-12-23T01:00:00.691Z,true,1575.09,4246.19,5821.281375,537858,
1,masterDonors,2024-12-24T01:00:01.036Z,true,3.89,454.58,458.46887499999997,25932,
2,masterFunds,2024-12-24T01:00:01.036Z,true,13.71,379.25,392.9587920000001,110784,
3,masterRegionalFunds,2024-12-24T01:00:01.036Z,true,6.78,380.13,386.904,1473,
4,masterAllocationTypes,2024-12-24T01:00:01.036Z,true,4.51,368.95,373.46766600000007,242,
5,launchedAllocationsData,2024-12-24T01:00:01.036Z,true,1225.15,10521.49,11746.633916,648811,
6,contributionsData,2024-12-24T01:00:01.036Z,true,9.96,377.64,387.606458,84879,
7,allocationFlowData,2024-12-24T01:00:01.036Z,true,4.86,5434.74,5439.595208000001,41855,
8,masterPooledFunds,2024-12-24T01:00:01.036Z,true,0.54,5360.71,5361.252833,1795,
9,masterPartners,2024-12-24T01:00:01.036Z,true,0.32,4533.24,4533.5594169999995,107,
10,masterSubPartners,2024-12-24T01:00:01.036Z,true,0.47,4888.14,4888.61475,483,
11,allocationsData,2024-12-24T01:00:01.036Z,true,672.78,5128.08,5800.858666,127205,
12,contributionsTotalData,2024-12-24T01:00:01.036Z,true,1813.55,5436.92,7250.4715,236010,
13,targetedPersonsData,2024-12-24T01:00:01.036Z,true,2446.43,5443.05,7889.478874999999,365152,
14,targetedPersonsDetailsData,2024-12-24T01:00:01.036Z,true,2974.87,5431.65,8406.517959,1921754,
15,dataGam,2024-12-24T01:00:01.036Z,true,0.74,5844.44,5845.182125,29446,
16,masterGam,2024-12-24T01:00:01.036Z,true,0.48,4553.89,4554.363416,947,
17,masterOrganizations,2024-12-24T01:00:01.036Z,true,1.62,3349.02,3350.640584,258,
18,masterSectors,2024-12-24T01:00:01.036Z,true,2.47,3337.7,3340.172709,1390,
19,allocationsDataResults,2024-12-24T01:00:01.036Z,true,335.63,5130.69,5466.3215,59705,
20,resultsBySector,2024-12-24T01:00:01.036Z,true,82.87,3368.63,3451.502625,857738,
21,resultsByDisability,2024-12-24T01:00:01.036Z,true,106.12,3377.75,3483.8671670000003,734927,
22,resultsByType,2024-12-24T01:00:01.036Z,true,193.33,3443.29,3636.621875,2426573,
23,resultsByBeneficiaryType,2024-12-24T01:00:01.036Z,true,153.01,3401.05,3554.063542,942743,
24,resultsByOrganization,2024-12-24T01:00:01.036Z,true,144.3,3402.67,3546.975167,830457,
25,masterLocations,2024-12-24T01:00:01.036Z,true,95.63,3405.01,3500.6415,681077,
26,masterBeneficiaryType,2024-12-24T01:00:01.036Z,true,1.3,3345.59,3346.887459,602,
27,projectSummaryProgress,2024-12-24T01:00:01.036Z,true,2376.95,5416.03,7792.98225,324885,
28,sectorsData,2024-12-24T01:00:01.036Z,true,1002.35,6509.63,7511.9869579999995,180475,
29,globalIndicators,2024-12-24T01:00:01.036Z,true,1342.16,8550.39,9892.549167000001,404103,
30,masterOrganizationsProgress,2024-12-24T01:00:01.036Z,true,1353.19,5405.11,6758.292625,1016444,
31,projectStatusMaster,2024-12-24T01:00:01.036Z,true,782.11,5424.11,6206.216792,413670,
32,masterAllocationSource,2024-12-24T01:00:01.036Z,true,0.57,5404.81,5405.3763340000005,54,
33,masterSectorsVo2,2024-12-24T01:00:01.036Z,true,2.61,5415.4,5418.012041,464,
34,masterGlobalIndicators,2024-12-24T01:00:01.036Z,true,7.14,5410.56,5417.697166,50696,
35,masterEmergencies,2024-12-24T01:00:01.036Z,true,0.6,5415.98,5416.585083,2278,
36,projectSummary,2024-12-24T01:00:01.036Z,true,1690.63,5549.31,7239.941290999999,458107,
37,projectSummaryAggregate,2024-12-24T01:00:01.036Z,true,1359.7,15959.14,17318.83775,1219300,
38,HRPSummary,2024-12-24T01:00:01.036Z,true,2.9,5408.85,5411.747375,15934,
39,emergencySummary,2024-12-24T01:00:01.036Z,true,2478.89,5414.8,7893.688791,537852,
1,masterDonors,2024-12-25T01:00:01Z,true,9.9,567.37,577.264625,25932,
2,masterFunds,2024-12-25T01:00:01Z,true,20.37,483.63,504.001667,110784,
3,masterRegionalFunds,2024-12-25T01:00:01Z,true,5.95,491.56,497.51783400000005,1473,
4,masterAllocationTypes,2024-12-25T01:00:01Z,true,1.96,493.34,495.30179100000004,242,
5,launchedAllocationsData,2024-12-25T01:00:01Z,true,1862.63,7965.77,9828.398125,648838,
6,contributionsData,2024-12-25T01:00:01Z,true,14.45,493.77,508.2244170000001,84899,
7,allocationFlowData,2024-12-25T01:00:01Z,true,1.94,5301.91,5303.850917,41855,
8,masterPooledFunds,2024-12-25T01:00:01Z,true,0.24,4894.52,4894.755291,1795,
9,masterPartners,2024-12-25T01:00:01Z,true,2.75,4881.03,4883.784333,107,
10,masterSubPartners,2024-12-25T01:00:01Z,true,4.69,4877.33,4882.018042,483,
11,allocationsData,2024-12-25T01:00:01Z,true,791.57,5717.71,6509.280124999999,127190,
12,contributionsTotalData,2024-12-25T01:00:01Z,true,1721.42,4964.77,6686.186666,235967,
13,targetedPersonsData,2024-12-25T01:00:01Z,true,2563.35,5658.75,8222.101584,365984,
14,targetedPersonsDetailsData,2024-12-25T01:00:01Z,true,13534.03,6515.07,20049.092125,1923465,
15,dataGam,2024-12-25T01:00:01Z,true,1.16,6140.13,6141.292125,29448,
16,masterGam,2024-12-25T01:00:01Z,true,0.55,4873.82,4874.370417,947,
17,masterOrganizations,2024-12-25T01:00:01Z,true,1.73,4047.44,4049.1676669999997,258,
18,masterSectors,2024-12-25T01:00:01Z,true,6.4,3836.13,3842.5278749999998,1390,
19,allocationsDataResults,2024-12-25T01:00:01Z,true,439.84,4886.87,5326.71425,59714,
20,resultsBySector,2024-12-25T01:00:01Z,true,1254.05,3838.61,5092.655041,857738,
21,resultsByDisability,2024-12-25T01:00:01Z,true,1046.43,3841.66,4888.091542,734927,
22,resultsByType,2024-12-25T01:00:01Z,true,2120.46,3893.36,6013.822625,2426573,
23,resultsByBeneficiaryType,2024-12-25T01:00:01Z,true,1706.73,3852.62,5559.3465830000005,942743,
24,resultsByOrganization,2024-12-25T01:00:01Z,true,862.82,3912.79,4775.615083,830457,
25,masterLocations,2024-12-25T01:00:01Z,true,888.95,3730.32,4619.272875,681077,
26,masterBeneficiaryType,2024-12-25T01:00:01Z,true,2.8,3566.64,3569.443292,602,
27,projectSummaryProgress,2024-12-25T01:00:01Z,true,3915.04,5606.43,9521.471375000001,330186,
28,sectorsData,2024-12-25T01:00:01Z,true,1215.31,6559.79,7775.104957999999,182991,
29,globalIndicators,2024-12-25T01:00:01Z,true,2381.69,10010.76,12392.455417,405804,
30,masterOrganizationsProgress,2024-12-25T01:00:01Z,true,5073.8,5395.41,10469.214041000001,1018321,
31,projectStatusMaster,2024-12-25T01:00:01Z,true,1228.94,5024,6252.943542,413697,
32,masterAllocationSource,2024-12-25T01:00:01Z,true,0.51,6211.07,6211.575833,54,
33,masterSectorsVo2,2024-12-25T01:00:01Z,true,0.38,7763.18,7763.554959000001,464,
34,masterGlobalIndicators,2024-12-25T01:00:01Z,true,1.23,6876.42,6877.647167,50696,
35,masterEmergencies,2024-12-25T01:00:01Z,true,0.21,4869.65,4869.859958,2278,
36,projectSummary,2024-12-25T01:00:01Z,true,3234.48,4989.12,8223.59875,465145,
37,projectSummaryAggregate,2024-12-25T01:00:01Z,true,1927.06,15871.36,17798.414999999997,1252656,
38,HRPSummary,2024-12-25T01:00:01Z,true,0.45,4983.92,4984.366625000001,15934,
39,emergencySummary,2024-12-25T01:00:01Z,true,2536.29,4961.61,7497.900542,540968,
1,masterDonors,2024-12-27T01:00:00.921Z,true,7.12,403.48,410.60183300000006,25932,
2,masterFunds,2024-12-27T01:00:00.921Z,true,3.55,342.08,345.63687500000003,110784,
3,masterRegionalFunds,2024-12-27T01:00:00.921Z,true,7.91,325.69,333.60579200000006,1473,
4,masterAllocationTypes,2024-12-27T01:00:00.921Z,true,0.68,333.07,333.74600000000004,242,
5,launchedAllocationsData,2024-12-27T01:00:00.921Z,true,1350.88,9117.76,10468.646417,648668,
6,contributionsData,2024-12-27T01:00:00.921Z,true,7.59,331.67,339.265375,84912,
7,allocationFlowData,2024-12-27T01:00:00.921Z,true,2.18,5334.94,5337.127125,41855,
8,masterPooledFunds,2024-12-27T01:00:00.921Z,true,0.32,4785.86,4786.179625,1795,
9,masterPartners,2024-12-27T01:00:00.921Z,true,0.61,4772.77,4773.386291999999,107,
10,masterSubPartners,2024-12-27T01:00:00.921Z,true,0.33,4762.75,4763.0734999999995,483,
11,allocationsData,2024-12-27T01:00:00.921Z,true,685.31,4907.74,5593.046791,127230,
12,contributionsTotalData,2024-12-27T01:00:00.921Z,true,1459.91,4918.12,6378.023709,235967,
13,targetedPersonsData,2024-12-27T01:00:00.921Z,true,1366.56,5602.81,6969.378875,366298,
14,targetedPersonsDetailsData,2024-12-27T01:00:00.921Z,true,2374.82,5277.17,7651.988791000001,1923756,
15,dataGam,2024-12-27T01:00:00.921Z,true,1.58,6109.29,6110.866875,29447,
16,masterGam,2024-12-27T01:00:00.921Z,true,0.47,4749.8,4750.274084000001,947,
17,masterOrganizations,2024-12-27T01:00:00.921Z,true,1.66,3585.34,3587.003458,258,
18,masterSectors,2024-12-27T01:00:00.921Z,true,2.55,3571.23,3573.782417,1390,
19,allocationsDataResults,2024-12-27T01:00:00.921Z,true,336.61,4791.8,5128.417208,59747,
20,resultsBySector,2024-12-27T01:00:00.921Z,true,93.31,3610.83,3704.141458,857738,
21,resultsByDisability,2024-12-27T01:00:00.921Z,true,81.63,3599.12,3680.752583,734927,
22,resultsByType,2024-12-27T01:00:00.921Z,true,168.59,3694.99,3863.580875,2426573,
23,resultsByBeneficiaryType,2024-12-27T01:00:00.921Z,true,127.14,3655.15,3782.289667,942743,
24,resultsByOrganization,2024-12-27T01:00:00.921Z,true,125.91,3652.46,3778.3705,830457,
25,masterLocations,2024-12-27T01:00:00.921Z,true,38.93,3607.45,3646.38025,681077,
26,masterBeneficiaryType,2024-12-27T01:00:00.921Z,true,2.47,3599.45,3601.928,602,
27,projectSummaryProgress,2024-12-27T01:00:00.921Z,true,1687.81,5724.9,7412.705292,331269,
28,sectorsData,2024-12-27T01:00:00.921Z,true,1025.56,5298.16,6323.724084,184138,
29,globalIndicators,2024-12-27T01:00:00.921Z,true,1348.38,9976.1,11324.485375,405849,
30,masterOrganizationsProgress,2024-12-27T01:00:00.921Z,true,1552.87,5127.73,6680.601125,1018412,
31,projectStatusMaster,2024-12-27T01:00:00.921Z,true,1011.8,4922.33,5934.128625,413761,
32,masterAllocationSource,2024-12-27T01:00:00.921Z,true,4.49,4885.77,4890.257042,54,
33,masterSectorsVo2,2024-12-27T01:00:00.921Z,true,1.72,4775.78,4777.494500000001,464,
34,masterGlobalIndicators,2024-12-27T01:00:00.921Z,true,1.66,4909.63,4911.287917,50696,
35,masterEmergencies,2024-12-27T01:00:00.921Z,true,5.7,4882.18,4887.875791,2278,
36,projectSummary,2024-12-27T01:00:00.921Z,true,2329.74,4886.49,7216.231,466068,
37,projectSummaryAggregate,2024-12-27T01:00:00.921Z,true,1346.88,15872.03,17218.912,1256078,
38,HRPSummary,2024-12-27T01:00:00.921Z,true,3.12,4882.57,4885.6925,15934,
39,emergencySummary,2024-12-27T01:00:00.921Z,true,1687.49,4886.7,6574.194125,541392,
1,masterDonors,2024-12-28T01:00:00.586Z,true,1.85,415.49,417.34725000000003,25932,
2,masterFunds,2024-12-28T01:00:00.586Z,true,3.58,333.24,336.819167,110784,
3,masterRegionalFunds,2024-12-28T01:00:00.586Z,true,12.04,317.65,329.68470799999994,1473,
4,masterAllocationTypes,2024-12-28T01:00:00.586Z,true,1.92,321.54,323.462667,242,
5,launchedAllocationsData,2024-12-28T01:00:00.586Z,true,1323.17,5369.4,6692.565125,648672,
6,contributionsData,2024-12-28T01:00:00.586Z,true,10.02,322.73,332.75633300000004,84912,
7,allocationFlowData,2024-12-28T01:00:00.586Z,true,2.12,3777.95,3780.0724580000006,41855,
8,masterPooledFunds,2024-12-28T01:00:00.586Z,true,0.28,3764.7,3764.9845,1795,
9,masterPartners,2024-12-28T01:00:00.586Z,true,1.73,3504.35,3506.082167,107,
10,masterSubPartners,2024-12-28T01:00:00.586Z,true,0.36,3767.42,3767.7783340000005,483,
11,allocationsData,2024-12-28T01:00:00.586Z,true,677.65,3758.63,4436.285875,127546,
12,contributionsTotalData,2024-12-28T01:00:00.586Z,true,2038.55,3762.71,5801.268334,235967,
13,targetedPersonsData,2024-12-28T01:00:00.586Z,true,2554.81,4174.9,6729.709417,366305,
14,targetedPersonsDetailsData,2024-12-28T01:00:00.586Z,true,2396.24,4012.02,6408.2646669999995,1924285,
15,dataGam,2024-12-28T01:00:00.586Z,true,1.1,4890.82,4891.915917,29447,
16,masterGam,2024-12-28T01:00:00.586Z,true,3.08,3492.22,3495.299667,947,
17,masterOrganizations,2024-12-28T01:00:00.586Z,true,2.55,2289.12,2291.668167,258,
18,masterSectors,2024-12-28T01:00:00.586Z,true,1.6,2297.59,2299.1885840000004,1390,
19,allocationsDataResults,2024-12-28T01:00:00.586Z,true,338.86,3490.31,3829.1711670000004,59896,
20,resultsBySector,2024-12-28T01:00:00.586Z,true,127.28,2367.48,2494.7672079999998,857738,
21,resultsByDisability,2024-12-28T01:00:00.586Z,true,79.9,2314.45,2394.3527090000002,734927,
22,resultsByType,2024-12-28T01:00:00.586Z,true,206.86,2371.62,2578.474791,2426573,
23,resultsByBeneficiaryType,2024-12-28T01:00:00.586Z,true,124.59,2323.1,2447.693459,942743,
24,resultsByOrganization,2024-12-28T01:00:00.586Z,true,125.81,2393.16,2518.974792,830457,
25,masterLocations,2024-12-28T01:00:00.586Z,true,41.64,2313.84,2355.484875,681077,
26,masterBeneficiaryType,2024-12-28T01:00:00.586Z,true,1.23,2291.5,2292.72675,602,
27,projectSummaryProgress,2024-12-28T01:00:00.586Z,true,2371,4888.24,7259.238916,332975,
28,sectorsData,2024-12-28T01:00:00.586Z,true,1121.54,4081.75,5203.289125,185159,
29,globalIndicators,2024-12-28T01:00:00.586Z,true,1889.13,7685.7,9574.824333999999,406547,
30,masterOrganizationsProgress,2024-12-28T01:00:00.586Z,true,1790.48,3894.68,5685.155457999999,1018429,
31,projectStatusMaster,2024-12-28T01:00:00.586Z,true,335.81,4090.24,4426.0549169999995,413741,
32,masterAllocationSource,2024-12-28T01:00:00.586Z,true,0.19,3597.89,3598.082084,54,
33,masterSectorsVo2,2024-12-28T01:00:00.586Z,true,0.45,3579.67,3580.114125,464,
34,masterGlobalIndicators,2024-12-28T01:00:00.586Z,true,0.93,3742.14,3743.0765840000004,50696,
35,masterEmergencies,2024-12-28T01:00:00.586Z,true,0.22,3747.55,3747.7718749999995,2278,
36,projectSummary,2024-12-28T01:00:00.586Z,true,2444.14,3732.9,6177.041542,467988,
37,projectSummaryAggregate,2024-12-28T01:00:00.586Z,true,1222.7,14403.87,15626.570625,1262577,
38,HRPSummary,2024-12-28T01:00:00.586Z,true,1.2,3734.93,3736.136459,15934,
39,emergencySummary,2024-12-28T01:00:00.586Z,true,1447.87,3736.1,5183.969625,542169,
1,masterDonors,2024-12-29T01:00:00.973Z,true,5.63,400.32,405.957708,25932,
2,masterFunds,2024-12-29T01:00:00.973Z,true,11.74,328.04,339.78241599999996,110784,
3,masterRegionalFunds,2024-12-29T01:00:00.973Z,true,5.95,328.96,334.91262499999993,1473,
4,masterAllocationTypes,2024-12-29T01:00:00.973Z,true,7.17,314.73,321.898292,242,
5,launchedAllocationsData,2024-12-29T01:00:00.973Z,true,1361.72,10192.62,11554.336208,652271,
6,contributionsData,2024-12-29T01:00:00.973Z,true,6.77,328.26,335.02204199999994,84912,
7,allocationFlowData,2024-12-29T01:00:00.973Z,true,6.46,5037.36,5043.815375,41856,
8,masterPooledFunds,2024-12-29T01:00:00.973Z,true,4.38,5037.95,5042.328750000001,1795,
9,masterPartners,2024-12-29T01:00:00.973Z,true,2.46,5033.61,5036.073708,107,
10,masterSubPartners,2024-12-29T01:00:00.973Z,true,3.26,5031.27,5034.526125,483,
11,allocationsData,2024-12-29T01:00:00.973Z,true,1011.82,5028.99,6040.809834000001,127544,
12,contributionsTotalData,2024-12-29T01:00:00.973Z,true,1021.63,5024.45,6046.074583,235965,
13,targetedPersonsData,2024-12-29T01:00:00.973Z,true,2357.57,5080.73,7438.294709,366313,
14,targetedPersonsDetailsData,2024-12-29T01:00:00.973Z,true,2781.47,5034.39,7815.857917,1924479,
15,dataGam,2024-12-29T01:00:00.973Z,true,0.71,6380.08,6380.7955,29447,
16,masterGam,2024-12-29T01:00:00.973Z,true,2.95,5022.38,5025.332958,947,
17,masterOrganizations,2024-12-29T01:00:00.973Z,true,0.85,2560.43,2561.272834,258,
18,masterSectors,2024-12-29T01:00:00.973Z,true,1.46,2546.61,2548.0707079999997,1390,
19,allocationsDataResults,2024-12-29T01:00:00.973Z,true,341.62,5029.57,5371.193958,59895,
20,resultsBySector,2024-12-29T01:00:00.973Z,true,101.8,2592.58,2694.377917,857738,
21,resultsByDisability,2024-12-29T01:00:00.973Z,true,53.54,2583.19,2636.7325,734927,
22,resultsByType,2024-12-29T01:00:00.973Z,true,201.24,2646.92,2848.1584169999996,2426573,
23,resultsByBeneficiaryType,2024-12-29T01:00:00.973Z,true,126.59,2621.34,2747.932083,942743,
24,resultsByOrganization,2024-12-29T01:00:00.973Z,true,121.18,2668.63,2789.81475,830457,
25,masterLocations,2024-12-29T01:00:00.973Z,true,110.58,2628.25,2738.836,681077,
26,masterBeneficiaryType,2024-12-29T01:00:00.973Z,true,5.06,2659.76,2664.81375,602,
27,projectSummaryProgress,2024-12-29T01:00:00.973Z,true,2141.84,5024.34,7166.182417,333628,
28,sectorsData,2024-12-29T01:00:00.973Z,true,1013.06,6344.32,7357.378291,185497,
29,globalIndicators,2024-12-29T01:00:00.973Z,true,1347.68,8969.69,10317.367666,406834,
30,masterOrganizationsProgress,2024-12-29T01:00:00.973Z,true,1474.36,5027.47,6501.8305,1018467,
31,projectStatusMaster,2024-12-29T01:00:00.973Z,true,676.11,5004.55,5680.660042,413774,
32,masterAllocationSource,2024-12-29T01:00:00.973Z,true,0.35,5027.48,5027.826292,54,
33,masterSectorsVo2,2024-12-29T01:00:00.973Z,true,1.09,5025.74,5026.823917000001,464,
34,masterGlobalIndicators,2024-12-29T01:00:00.973Z,true,3.35,5014.76,5018.108459,50696,
35,masterEmergencies,2024-12-29T01:00:00.973Z,true,2.64,5013.2,5015.840125,2278,
36,projectSummary,2024-12-29T01:00:00.973Z,true,3385.45,5011.49,8396.94325,468480,
37,projectSummaryAggregate,2024-12-29T01:00:00.973Z,true,1459.89,9690.82,11150.709583,1263639,
38,HRPSummary,2024-12-29T01:00:00.973Z,true,0.26,5159.42,5159.683542,15934,
39,emergencySummary,2024-12-29T01:00:00.973Z,true,3821.4,5016.95,8838.347208000001,542303,
1,masterDonors,2024-12-30T01:00:01.114Z,true,5.28,412.84,418.12470800000006,25932,
2,masterFunds,2024-12-30T01:00:01.114Z,true,9.09,342.92,352.00995800000004,110784,
3,masterRegionalFunds,2024-12-30T01:00:01.114Z,true,3.23,343.97,347.19975,1473,
4,masterAllocationTypes,2024-12-30T01:00:01.114Z,true,1.08,343.71,344.790291,242,
5,launchedAllocationsData,2024-12-30T01:00:01.114Z,true,1514.93,7740.42,9255.357334,652270,
6,contributionsData,2024-12-30T01:00:01.114Z,true,18.48,327.92,346.400083,84912,
7,allocationFlowData,2024-12-30T01:00:01.114Z,true,1.93,4205.22,4207.1557920000005,41856,
8,masterPooledFunds,2024-12-30T01:00:01.114Z,true,0.45,4144.28,4144.723875000001,1795,
9,masterPartners,2024-12-30T01:00:01.114Z,true,0.46,3809.86,3810.3272500000003,107,
10,masterSubPartners,2024-12-30T01:00:01.114Z,true,0.31,3844.88,3845.194,483,
11,allocationsData,2024-12-30T01:00:01.114Z,true,1093.53,3849.19,4942.716582999999,127544,
12,contributionsTotalData,2024-12-30T01:00:01.114Z,true,986.69,3966.56,4953.2503750000005,235965,
13,targetedPersonsData,2024-12-30T01:00:01.114Z,true,1322.95,4914.56,6237.506458,366314,
14,targetedPersonsDetailsData,2024-12-30T01:00:01.114Z,true,2328.36,4384.59,6712.941541,1924510,
15,dataGam,2024-12-30T01:00:01.114Z,true,1.38,5248.58,5249.953875,29447,
16,masterGam,2024-12-30T01:00:01.114Z,true,0.35,3879.84,3880.194333,947,
17,masterOrganizations,2024-12-30T01:00:01.114Z,true,2.44,2684.75,2687.1922910000003,258,
18,masterSectors,2024-12-30T01:00:01.114Z,true,1.44,2702.82,2704.2577499999998,1390,
19,allocationsDataResults,2024-12-30T01:00:01.114Z,true,335.48,3948.41,4283.893917,59895,
20,resultsBySector,2024-12-30T01:00:01.114Z,true,99.57,2734.48,2834.047334,857738,
21,resultsByDisability,2024-12-30T01:00:01.114Z,true,143.04,2755.96,2899.00475,734927,
22,resultsByType,2024-12-30T01:00:01.114Z,true,150.95,2837.73,2988.684,2426573,
23,resultsByBeneficiaryType,2024-12-30T01:00:01.114Z,true,144.53,2750.62,2895.1477080000004,942743,
24,resultsByOrganization,2024-12-30T01:00:01.114Z,true,113.75,2740.7,2854.449083,830457,
25,masterLocations,2024-12-30T01:00:01.114Z,true,42.84,2718.81,2761.6515,681077,
26,masterBeneficiaryType,2024-12-30T01:00:01.114Z,true,1.64,2682.64,2684.278542,602,
27,projectSummaryProgress,2024-12-30T01:00:01.114Z,true,2304.82,4452.39,6757.217208,333805,
28,sectorsData,2024-12-30T01:00:01.114Z,true,1320.93,5388.02,6708.948375,185622,
29,globalIndicators,2024-12-30T01:00:01.114Z,true,1325.69,8216.05,9541.742708,406873,
30,masterOrganizationsProgress,2024-12-30T01:00:01.114Z,true,1670,4615.17,6285.166375,1018479,
31,projectStatusMaster,2024-12-30T01:00:01.114Z,true,658.23,3938.27,4596.499917,413698,
32,masterAllocationSource,2024-12-30T01:00:01.114Z,true,0.32,3874.94,3875.2669589999996,54,
33,masterSectorsVo2,2024-12-30T01:00:01.114Z,true,0.29,3885.37,3885.6584580000003,464,
34,masterGlobalIndicators,2024-12-30T01:00:01.114Z,true,1.87,3828.53,3830.398708,50696,
35,masterEmergencies,2024-12-30T01:00:01.114Z,true,3.28,3932.17,3935.450875,2278,
36,projectSummary,2024-12-30T01:00:01.114Z,true,2968.36,3982.01,6950.369042,468480,
37,projectSummaryAggregate,2024-12-30T01:00:01.114Z,true,1514.97,14255.85,15770.817916,1263639,
38,HRPSummary,2024-12-30T01:00:01.114Z,true,1.84,4055.53,4057.3630410000005,15934,
39,emergencySummary,2024-12-30T01:00:01.114Z,true,1534.07,3979.25,5513.322417,542304,
1,masterDonors,2024-12-31T01:00:01.046Z,true,17.4,409.27,426.661542,25932,
2,masterFunds,2024-12-31T01:00:01.046Z,true,6.75,348.7,355.453708,110784,
3,masterRegionalFunds,2024-12-31T01:00:01.046Z,true,4.24,343.53,347.771959,1473,
4,masterAllocationTypes,2024-12-31T01:00:01.046Z,true,1.49,338.85,340.34375000000006,242,
5,launchedAllocationsData,2024-12-31T01:00:01.046Z,true,1549.54,12222.12,13771.655708,652039,
6,contributionsData,2024-12-31T01:00:01.046Z,true,5.22,343.64,348.85854200000006,84918,
7,allocationFlowData,2024-12-31T01:00:01.046Z,true,1.63,4059.31,4060.944291,41856,
8,masterPooledFunds,2024-12-31T01:00:01.046Z,true,1.21,3769.66,3770.875083,1795,
9,masterPartners,2024-12-31T01:00:01.046Z,true,0.25,3779.75,3779.9982910000003,107,
10,masterSubPartners,2024-12-31T01:00:01.046Z,true,0.38,3767.43,3767.8156249999997,483,
11,allocationsData,2024-12-31T01:00:01.046Z,true,773.3,3777.48,4550.779834,127544,
12,contributionsTotalData,2024-12-31T01:00:01.046Z,true,2358.96,3895,6253.960833,235977,
13,targetedPersonsData,2024-12-31T01:00:01.046Z,true,1806.05,4518.72,6324.773792,366327,
14,targetedPersonsDetailsData,2024-12-31T01:00:01.046Z,true,2666.41,4251.74,6918.149459,1924596,
15,dataGam,2024-12-31T01:00:01.046Z,true,1.34,4934.85,4936.191292,29447,
16,masterGam,2024-12-31T01:00:01.046Z,true,0.92,3774.4,3775.325416,947,
17,masterOrganizations,2024-12-31T01:00:01.046Z,true,4.76,2568.88,2573.640833,258,
18,masterSectors,2024-12-31T01:00:01.046Z,true,0.89,2632.61,2633.4935840000003,1390,
19,allocationsDataResults,2024-12-31T01:00:01.046Z,true,345.96,3771.26,4117.225042,59895,
20,resultsBySector,2024-12-31T01:00:01.046Z,true,38.24,2814.67,2852.9098750000003,857738,
21,resultsByDisability,2024-12-31T01:00:01.046Z,true,91.77,2610.25,2702.016291,734927,
22,resultsByType,2024-12-31T01:00:01.046Z,true,132.9,2678.55,2811.446667,2426573,
23,resultsByBeneficiaryType,2024-12-31T01:00:01.046Z,true,100.97,2629.96,2730.9234579999998,942743,
24,resultsByOrganization,2024-12-31T01:00:01.046Z,true,67.34,2596.79,2664.135208,830457,
25,masterLocations,2024-12-31T01:00:01.046Z,true,16.86,2584.86,2601.720833,681077,
26,masterBeneficiaryType,2024-12-31T01:00:01.046Z,true,2.97,2561.36,2564.330167,602,
27,projectSummaryProgress,2024-12-31T01:00:01.046Z,true,4442.54,4582.77,9025.306583,334171,
28,sectorsData,2024-12-31T01:00:01.046Z,true,1450.21,5193.86,6644.072292,185831,
29,globalIndicators,2024-12-31T01:00:01.046Z,true,2151.81,7805.3,9957.109625,406936,
30,masterOrganizationsProgress,2024-12-31T01:00:01.046Z,true,1703.92,4114.97,5818.882292,1018761,
31,projectStatusMaster,2024-12-31T01:00:01.046Z,true,1023.81,3945.34,4969.1542500000005,413662,
32,masterAllocationSource,2024-12-31T01:00:01.046Z,true,0.16,3748.18,3748.34675,54,
33,masterSectorsVo2,2024-12-31T01:00:01.046Z,true,1.86,3755.59,3757.4444160000003,464,
34,masterGlobalIndicators,2024-12-31T01:00:01.046Z,true,1.19,3819.89,3821.077,50696,
35,masterEmergencies,2024-12-31T01:00:01.046Z,true,0.16,3823.31,3823.47175,2278,
36,projectSummary,2024-12-31T01:00:01.046Z,true,2494.68,3831.58,6326.266667,468480,
37,projectSummaryAggregate,2024-12-31T01:00:01.046Z,true,1686.89,16228.69,17915.581040999998,1263835,
38,HRPSummary,2024-12-31T01:00:01.046Z,true,0.37,3837.19,3837.5600839999997,15934,
39,emergencySummary,2024-12-31T01:00:01.046Z,true,1459.84,3883.59,5343.432959,542304,
1,masterDonors,2025-01-01T01:00:01.018Z,true,4.7,404.42,409.123125,25932,
2,masterFunds,2025-01-01T01:00:01.018Z,true,18.07,320.03,338.093667,110784,
3,masterRegionalFunds,2025-01-01T01:00:01.018Z,true,6.23,327.56,333.78579199999996,1473,
4,masterAllocationTypes,2025-01-01T01:00:01.018Z,true,1.16,330.76,331.92154099999993,242,
5,launchedAllocationsData,2025-01-01T01:00:01.018Z,true,1547.11,6793.67,8340.780125,652540,
6,contributionsData,2025-01-01T01:00:01.018Z,true,4.17,339.36,343.533583,84943,
7,allocationFlowData,2025-01-01T01:00:01.018Z,true,1.9,4188.21,4190.114291,41856,
8,masterPooledFunds,2025-01-01T01:00:01.018Z,true,2.88,4019.01,4021.8815830000003,1795,
9,masterPartners,2025-01-01T01:00:01.018Z,true,9.27,4011.37,4020.6402500000004,107,
10,masterSubPartners,2025-01-01T01:00:01.018Z,true,7.77,4011.29,4019.0681669999994,483,
11,allocationsData,2025-01-01T01:00:01.018Z,true,686.6,4016.58,4703.184333,127496,
12,contributionsTotalData,2025-01-01T01:00:01.018Z,true,1016.73,4386.63,5403.353334,236101,
13,targetedPersonsData,2025-01-01T01:00:01.018Z,true,2357.52,4586.47,6943.995833,366716,
14,targetedPersonsDetailsData,2025-01-01T01:00:01.018Z,true,8921.35,4385.35,13306.7035,1926270,
15,dataGam,2025-01-01T01:00:01.018Z,true,1.17,5129.37,5130.536333,29447,
16,masterGam,2025-01-01T01:00:01.018Z,true,6.52,4004.93,4011.458458,947,
17,masterOrganizations,2025-01-01T01:00:01.018Z,true,10.29,2635.01,2645.3038340000003,258,
18,masterSectors,2025-01-01T01:00:01.018Z,true,8.45,2642.8,2651.248666,1390,
19,allocationsDataResults,2025-01-01T01:00:01.018Z,true,332.05,4012.63,4344.677084,59883,
20,resultsBySector,2025-01-01T01:00:01.018Z,true,66.27,2675.98,2742.259375,857738,
21,resultsByDisability,2025-01-01T01:00:01.018Z,true,50.47,2865.35,2915.811792,734927,
22,resultsByType,2025-01-01T01:00:01.018Z,true,133.82,2734.3,2868.1229580000004,2426573,
23,resultsByBeneficiaryType,2025-01-01T01:00:01.018Z,true,65.43,2870.67,2936.0989999999997,942743,
24,resultsByOrganization,2025-01-01T01:00:01.018Z,true,70.13,2736.1,2806.2346660000003,830457,
25,masterLocations,2025-01-01T01:00:01.018Z,true,37.54,2680.44,2717.9835,681077,
26,masterBeneficiaryType,2025-01-01T01:00:01.018Z,true,1.51,2659.38,2660.892834,602,
27,projectSummaryProgress,2025-01-01T01:00:01.018Z,true,2.88,4003.56,4006.439458,665,
28,sectorsData,2025-01-01T01:00:01.018Z,true,4.77,4000.85,4005.617292,259,
29,globalIndicators,2025-01-01T01:00:01.018Z,true,1341.08,8286.27,9627.3425,409628,
30,masterOrganizationsProgress,2025-01-01T01:00:01.018Z,true,1701.35,4318.06,6019.414,1019067,
31,projectStatusMaster,2025-01-01T01:00:01.018Z,true,333.5,3998.32,4331.827042,413642,
32,masterAllocationSource,2025-01-01T01:00:01.018Z,true,4.92,3990.75,3995.678958,54,
33,masterSectorsVo2,2025-01-01T01:00:01.018Z,true,1.93,3999.13,4001.0552909999997,464,
34,masterGlobalIndicators,2025-01-01T01:00:01.018Z,true,6.48,3834.16,3840.6448330000003,50696,
35,masterEmergencies,2025-01-01T01:00:01.018Z,true,3.18,3832.08,3835.2665829999996,2278,
36,projectSummary,2025-01-01T01:00:01.018Z,true,5.72,3992.3,3998.0178749999995,183,
37,projectSummaryAggregate,2025-01-01T01:00:01.018Z,true,0.37,4267.19,4267.561874999999,381,
38,HRPSummary,2025-01-01T01:00:01.018Z,true,0.29,4016.73,4017.0123339999996,15934,
39,emergencySummary,2025-01-01T01:00:01.018Z,true,1783.94,4065.14,5849.079459,546248,
1,masterDonors,2025-01-02T01:00:00.692Z,true,11.75,436.79,448.54783299999997,25932,
2,masterFunds,2025-01-02T01:00:00.692Z,true,10.86,366.69,377.54937499999994,110784,
3,masterRegionalFunds,2025-01-02T01:00:00.692Z,true,4.24,367.4,371.63375,1473,
4,masterAllocationTypes,2025-01-02T01:00:00.692Z,true,8.69,347.93,356.62149999999997,242,
5,launchedAllocationsData,2025-01-02T01:00:00.692Z,true,1366.09,7454.84,8820.928292,652527,
6,contributionsData,2025-01-02T01:00:00.692Z,true,6.06,365.96,372.01820899999996,84943,
7,allocationFlowData,2025-01-02T01:00:00.692Z,true,1.54,4775.67,4777.2026670000005,41856,
8,masterPooledFunds,2025-01-02T01:00:00.692Z,true,1,4597.19,4598.1810829999995,1795,
9,masterPartners,2025-01-02T01:00:00.692Z,true,0.32,4475.92,4476.230458,107,
10,masterSubPartners,2025-01-02T01:00:00.692Z,true,0.37,4513.6,4513.9730420000005,483,
11,allocationsData,2025-01-02T01:00:00.692Z,true,674.99,4613.77,5288.757958,127356,
12,contributionsTotalData,2025-01-02T01:00:00.692Z,true,1351.23,4644.23,5995.455833,236107,
13,targetedPersonsData,2025-01-02T01:00:00.692Z,true,3013.63,5157.63,8171.2645,366929,
14,targetedPersonsDetailsData,2025-01-02T01:00:00.692Z,true,2350.98,4915.97,7266.947625,1927057,
15,dataGam,2025-01-02T01:00:00.692Z,true,0.97,5758.75,5759.719875,29448,
16,masterGam,2025-01-02T01:00:00.692Z,true,0.49,4500.4,4500.897459,947,
17,masterOrganizations,2025-01-02T01:00:00.692Z,true,1.55,3252.93,3254.481542,258,
18,masterSectors,2025-01-02T01:00:00.692Z,true,3.05,3243.57,3246.6158330000003,1390,
19,allocationsDataResults,2025-01-02T01:00:00.692Z,true,340.18,4594.66,4934.8388749999995,59825,
20,resultsBySector,2025-01-02T01:00:00.692Z,true,85.4,3301.23,3386.632292,857738,
21,resultsByDisability,2025-01-02T01:00:00.692Z,true,77.03,3409.35,3486.377875,734927,
22,resultsByType,2025-01-02T01:00:00.692Z,true,174.45,3364.3,3538.745083,2426573,
23,resultsByBeneficiaryType,2025-01-02T01:00:00.692Z,true,92.28,3299.54,3391.8195830000004,942743,
24,resultsByOrganization,2025-01-02T01:00:00.692Z,true,110.51,3301.11,3411.625958,830457,
25,masterLocations,2025-01-02T01:00:00.692Z,true,48.27,3269.64,3317.9085,681077,
26,masterBeneficiaryType,2025-01-02T01:00:00.692Z,true,1.19,3256.01,3257.1992920000002,602,
27,projectSummaryProgress,2025-01-02T01:00:00.692Z,true,0.19,4624.75,4624.936624999999,665,
28,sectorsData,2025-01-02T01:00:00.692Z,true,0.21,4947.68,4947.889875000001,259,
29,globalIndicators,2025-01-02T01:00:00.692Z,true,1347.74,9224.58,10572.326874999999,411218,
30,masterOrganizationsProgress,2025-01-02T01:00:00.692Z,true,4925.58,5223.47,10149.051584,1019104,
31,projectStatusMaster,2025-01-02T01:00:00.692Z,true,680.64,4615.03,5295.67,413768,
32,masterAllocationSource,2025-01-02T01:00:00.692Z,true,0.36,4577.49,4577.851500000001,54,
33,masterSectorsVo2,2025-01-02T01:00:00.692Z,true,1.83,4566.44,4568.2696670000005,464,
34,masterGlobalIndicators,2025-01-02T01:00:00.692Z,true,9.05,4523.4,4532.457708,50696,
35,masterEmergencies,2025-01-02T01:00:00.692Z,true,0.17,4452.59,4452.763583,2278,
36,projectSummary,2025-01-02T01:00:00.692Z,true,0.33,4577.75,4578.078708999999,183,
37,projectSummaryAggregate,2025-01-02T01:00:00.692Z,true,0.28,4565.42,4565.699375,381,
38,HRPSummary,2025-01-02T01:00:00.692Z,true,0.2,4601.68,4601.886167000001,15934,
39,emergencySummary,2025-01-02T01:00:00.692Z,true,2110.79,4514.96,6625.746833,547398,
1,masterDonors,2025-01-03T01:00:01.192Z,true,1.46,452.81,454.26712499999996,25932,
2,masterFunds,2025-01-03T01:00:01.192Z,true,5.02,372.74,377.753417,110784,
3,masterRegionalFunds,2025-01-03T01:00:01.192Z,true,10.17,311.17,321.34820799999994,1473,
4,masterAllocationTypes,2025-01-03T01:00:01.192Z,true,0.52,321.02,321.53641700000003,242,
5,launchedAllocationsData,2025-01-03T01:00:01.192Z,true,1622.12,7954.95,9577.073125,652527,
6,contributionsData,2025-01-03T01:00:01.192Z,true,57.32,313.37,370.69062499999995,84943,
7,allocationFlowData,2025-01-03T01:00:01.192Z,true,5.21,4227.99,4233.194665999999,41856,
8,masterPooledFunds,2025-01-03T01:00:01.192Z,true,7.81,4214.86,4222.671458000001,1795,
9,masterPartners,2025-01-03T01:00:01.192Z,true,6.03,4215.64,4221.669333,107,
10,masterSubPartners,2025-01-03T01:00:01.192Z,true,0.64,4228.34,4228.986,483,
11,allocationsData,2025-01-03T01:00:01.192Z,true,1003.94,3993.75,4997.68875,127356,
12,contributionsTotalData,2025-01-03T01:00:01.192Z,true,2032.03,4213.7,6245.733583,236101,
13,targetedPersonsData,2025-01-03T01:00:01.192Z,true,1783.93,5464.6,7248.527166,366936,
14,targetedPersonsDetailsData,2025-01-03T01:00:01.192Z,true,2747.63,4534.67,7282.300458,1927112,
15,dataGam,2025-01-03T01:00:01.192Z,true,1.14,5157.12,5158.253166,29448,
16,masterGam,2025-01-03T01:00:01.192Z,true,3.69,4209.45,4213.141250000001,947,
17,masterOrganizations,2025-01-03T01:00:01.192Z,true,0.87,2627.03,2627.89675,258,
18,masterSectors,2025-01-03T01:00:01.192Z,true,1.22,2615.4,2616.6230419999997,1390,
19,allocationsDataResults,2025-01-03T01:00:01.192Z,true,336.63,4198.81,4535.438292000001,59825,
20,resultsBySector,2025-01-03T01:00:01.192Z,true,138.47,2655.63,2794.0997079999997,857738,
21,resultsByDisability,2025-01-03T01:00:01.192Z,true,129.4,2651.18,2780.581958,734927,
22,resultsByType,2025-01-03T01:00:01.192Z,true,136.48,2747.66,2884.140084,2426573,
23,resultsByBeneficiaryType,2025-01-03T01:00:01.192Z,true,110.35,2640.46,2750.815125,942743,
24,resultsByOrganization,2025-01-03T01:00:01.192Z,true,80.74,2635.69,2716.4227499999997,830457,
25,masterLocations,2025-01-03T01:00:01.192Z,true,17.25,2606.4,2623.648792,681077,
26,masterBeneficiaryType,2025-01-03T01:00:01.192Z,true,2.98,2606.67,2609.646458,602,
27,projectSummaryProgress,2025-01-03T01:00:01.192Z,true,2.62,4200.65,4203.265708,665,
28,sectorsData,2025-01-03T01:00:01.192Z,true,0.37,4641.82,4642.187709,259,
29,globalIndicators,2025-01-03T01:00:01.192Z,true,1668.14,8458.47,10126.616791999999,411256,
30,masterOrganizationsProgress,2025-01-03T01:00:01.192Z,true,1442.68,4401.1,5843.788208,1019312,
31,projectStatusMaster,2025-01-03T01:00:01.192Z,true,676.73,4261.16,4937.898209,413612,
32,masterAllocationSource,2025-01-03T01:00:01.192Z,true,0.5,4070.55,4071.04875,54,
33,masterSectorsVo2,2025-01-03T01:00:01.192Z,true,3.19,4202.52,4205.7119999999995,464,
34,masterGlobalIndicators,2025-01-03T01:00:01.192Z,true,9.46,4195.8,4205.267541,50696,
35,masterEmergencies,2025-01-03T01:00:01.192Z,true,5.09,4198.9,4203.998874999999,2278,
36,projectSummary,2025-01-03T01:00:01.192Z,true,5.94,4197.38,4203.321792,183,
37,projectSummaryAggregate,2025-01-03T01:00:01.192Z,true,0.19,4206.38,4206.569958,381,
38,HRPSummary,2025-01-03T01:00:01.192Z,true,2,4200.02,4202.016792,15934,
39,emergencySummary,2025-01-03T01:00:01.192Z,true,1667.16,4193.64,5860.8038750000005,547398,
1,masterDonors,2025-01-04T01:00:01.476Z,true,8.23,458.39,466.62079199999994,25932,
2,masterFunds,2025-01-04T01:00:01.476Z,true,11.77,333.36,345.12925,110784,
3,masterRegionalFunds,2025-01-04T01:00:01.476Z,true,2.47,326.37,328.84016599999995,1473,
4,masterAllocationTypes,2025-01-04T01:00:01.476Z,true,5.18,310.78,315.95825,242,
5,launchedAllocationsData,2025-01-04T01:00:01.476Z,true,1698.4,6480.76,8179.160417000001,652629,
6,contributionsData,2025-01-04T01:00:01.476Z,true,22.23,315.53,337.7555,84943,
7,allocationFlowData,2025-01-04T01:00:01.476Z,true,7.54,4278.69,4286.231458,41856,
8,masterPooledFunds,2025-01-04T01:00:01.476Z,true,18.66,4259.44,4278.107416,1795,
9,masterPartners,2025-01-04T01:00:01.476Z,true,1.72,4254.98,4256.699875,107,
10,masterSubPartners,2025-01-04T01:00:01.476Z,true,10.98,4264.89,4275.870208,483,
11,allocationsData,2025-01-04T01:00:01.476Z,true,1061.01,4256.94,5317.952666,127350,
12,contributionsTotalData,2025-01-04T01:00:01.476Z,true,1393.79,4266.25,5660.044541,236099,
13,targetedPersonsData,2025-01-04T01:00:01.476Z,true,1408.83,4608.42,6017.251875,366976,
14,targetedPersonsDetailsData,2025-01-04T01:00:01.476Z,true,2429.18,4437.55,6866.728292,1928187,
15,dataGam,2025-01-04T01:00:01.476Z,true,1.53,5889.65,5891.182124999999,29449,
16,masterGam,2025-01-04T01:00:01.476Z,true,0.8,4247.61,4248.414083,947,
17,masterOrganizations,2025-01-04T01:00:01.476Z,true,1.6,2600.52,2602.121875,258,
18,masterSectors,2025-01-04T01:00:01.476Z,true,0.81,2602.01,2602.818,1390,
19,allocationsDataResults,2025-01-04T01:00:01.476Z,true,331.31,4257.27,4588.582583,59822,
20,resultsBySector,2025-01-04T01:00:01.476Z,true,71.36,2644.94,2716.298209,857738,
21,resultsByDisability,2025-01-04T01:00:01.476Z,true,135.07,2729.17,2864.2378750000003,734927,
22,resultsByType,2025-01-04T01:00:01.476Z,true,168.66,2708.76,2877.419458,2426573,
23,resultsByBeneficiaryType,2025-01-04T01:00:01.476Z,true,119.27,2777.18,2896.4537920000002,942743,
24,resultsByOrganization,2025-01-04T01:00:01.476Z,true,43.41,2626.29,2669.70225,830457,
25,masterLocations,2025-01-04T01:00:01.476Z,true,50.37,2710.85,2761.2177500000003,681077,
26,masterBeneficiaryType,2025-01-04T01:00:01.476Z,true,3.36,2704.42,2707.785417,602,
27,projectSummaryProgress,2025-01-04T01:00:01.476Z,true,11.33,4253.87,4265.202834,665,
28,sectorsData,2025-01-04T01:00:01.476Z,true,12.07,4252.25,4264.32475,259,
29,globalIndicators,2025-01-04T01:00:01.476Z,true,1703.96,8816.39,10520.350125,413364,
30,masterOrganizationsProgress,2025-01-04T01:00:01.476Z,true,2119.64,4489.07,6608.707291000001,1019326,
31,projectStatusMaster,2025-01-04T01:00:01.476Z,true,444.33,4464.81,4909.1365,413676,
32,masterAllocationSource,2025-01-04T01:00:01.476Z,true,8.17,4252.79,4260.955,54,
33,masterSectorsVo2,2025-01-04T01:00:01.476Z,true,9.02,4250.75,4259.771041,464,
34,masterGlobalIndicators,2025-01-04T01:00:01.476Z,true,11.8,4248.03,4259.831083,50696,
35,masterEmergencies,2025-01-04T01:00:01.476Z,true,0.2,4281.44,4281.637167,2278,
36,projectSummary,2025-01-04T01:00:01.476Z,true,9.72,4247.61,4257.324083,183,
37,projectSummaryAggregate,2025-01-04T01:00:01.476Z,true,14.79,4235.86,4250.647,381,
38,HRPSummary,2025-01-04T01:00:01.476Z,true,7.14,4248.77,4255.908208,15934,
39,emergencySummary,2025-01-04T01:00:01.476Z,true,1849.48,4467.41,6316.882208,550216,
1,masterDonors,2025-01-05T01:00:01.044Z,true,8.86,443,451.85962499999994,25932,
2,masterFunds,2025-01-05T01:00:01.044Z,true,17.07,361.42,378.483542,110784,
3,masterRegionalFunds,2025-01-05T01:00:01.044Z,true,2.01,371.97,373.97875000000005,1473,
4,masterAllocationTypes,2025-01-05T01:00:01.044Z,true,1.21,365.58,366.79675,242,
5,launchedAllocationsData,2025-01-05T01:00:01.044Z,true,1458.08,7914.74,9372.816125000001,654424,
6,contributionsData,2025-01-05T01:00:01.044Z,true,7.14,364.89,372.03270799999996,84937,
7,allocationFlowData,2025-01-05T01:00:01.044Z,true,0.96,4232.67,4233.621999999999,41934,
8,masterPooledFunds,2025-01-05T01:00:01.044Z,true,0.17,3963.45,3963.6286250000003,1795,
9,masterPartners,2025-01-05T01:00:01.044Z,true,0.33,3939.33,3939.659125,107,
10,masterSubPartners,2025-01-05T01:00:01.044Z,true,0.16,3940.22,3940.380542,483,
11,allocationsData,2025-01-05T01:00:01.044Z,true,679.9,3983.56,4663.458041,127284,
12,contributionsTotalData,2025-01-05T01:00:01.044Z,true,1331.54,4074.97,5406.514542,236101,
13,targetedPersonsData,2025-01-05T01:00:01.044Z,true,2044.11,4794.85,6838.956915999999,367802,
14,targetedPersonsDetailsData,2025-01-05T01:00:01.044Z,true,2461.51,4484.78,6946.283625,1929558,
15,dataGam,2025-01-05T01:00:01.044Z,true,1.93,5350.66,5352.598583,29554,
16,masterGam,2025-01-05T01:00:01.044Z,true,0.19,3941.24,3941.425875,947,
17,masterOrganizations,2025-01-05T01:00:01.044Z,true,2.92,2781.22,2784.14325,258,
18,masterSectors,2025-01-05T01:00:01.044Z,true,5.6,2788.95,2794.553416,1390,
19,allocationsDataResults,2025-01-05T01:00:01.044Z,true,373.22,3935.29,4308.507459,59794,
20,resultsBySector,2025-01-05T01:00:01.044Z,true,79.14,2988.13,3067.2686249999997,857738,
21,resultsByDisability,2025-01-05T01:00:01.044Z,true,31.99,2789.75,2821.739917,734927,
22,resultsByType,2025-01-05T01:00:01.044Z,true,113.18,2845.97,2959.142875,2426573,
23,resultsByBeneficiaryType,2025-01-05T01:00:01.044Z,true,100.8,2912.27,3013.062334,942743,
24,resultsByOrganization,2025-01-05T01:00:01.044Z,true,109.95,2919.02,3028.971,830457,
25,masterLocations,2025-01-05T01:00:01.044Z,true,25.36,2807.6,2832.9556669999997,681077,
26,masterBeneficiaryType,2025-01-05T01:00:01.044Z,true,7.38,2777.8,2785.179083,602,
27,projectSummaryProgress,2025-01-05T01:00:01.044Z,true,0.14,3929.46,3929.602042,665,
28,sectorsData,2025-01-05T01:00:01.044Z,true,0.21,4225.53,4225.739375,259,
29,globalIndicators,2025-01-05T01:00:01.044Z,true,1785.31,8039.62,9824.927416999999,414924,
30,masterOrganizationsProgress,2025-01-05T01:00:01.044Z,true,1436.44,4226.7,5663.140375,1019309,
31,projectStatusMaster,2025-01-05T01:00:01.044Z,true,678.64,4037.87,4716.514667,413681,
32,masterAllocationSource,2025-01-05T01:00:01.044Z,true,0.2,4011.61,4011.805542,54,
33,masterSectorsVo2,2025-01-05T01:00:01.044Z,true,0.37,4000.99,4001.361541,464,
34,masterGlobalIndicators,2025-01-05T01:00:01.044Z,true,1,3975.72,3976.7144999999996,50696,
35,masterEmergencies,2025-01-05T01:00:01.044Z,true,0.23,3967.32,3967.5436250000002,2278,
36,projectSummary,2025-01-05T01:00:01.044Z,true,1.28,3973.66,3974.947541,183,
37,projectSummaryAggregate,2025-01-05T01:00:01.044Z,true,0.2,3967.69,3967.8828750000002,381,
38,HRPSummary,2025-01-05T01:00:01.044Z,true,0.21,4152.87,4153.086834,15934,
39,emergencySummary,2025-01-05T01:00:01.044Z,true,2373.57,4120.5,6494.0650829999995,553264,
1,masterDonors,2025-01-06T01:00:00.866Z,true,8.91,455.77,464.676333,25932,
2,masterFunds,2025-01-06T01:00:00.866Z,true,37.24,344.19,381.435833,110784,
3,masterRegionalFunds,2025-01-06T01:00:00.866Z,true,9.17,364.68,373.847667,1473,
4,masterAllocationTypes,2025-01-06T01:00:00.866Z,true,1.34,350.27,351.610416,242,
5,launchedAllocationsData,2025-01-06T01:00:00.866Z,true,1371.57,6762.62,8134.183666999999,656455,
6,contributionsData,2025-01-06T01:00:00.866Z,true,25.92,349.19,375.10908400000005,84937,
7,allocationFlowData,2025-01-06T01:00:00.866Z,true,2.14,4365.67,4367.804542,41934,
8,masterPooledFunds,2025-01-06T01:00:00.866Z,true,0.62,3818.41,3819.0304159999996,1795,
9,masterPartners,2025-01-06T01:00:00.866Z,true,2.75,4352.41,4355.163458,107,
10,masterSubPartners,2025-01-06T01:00:00.866Z,true,1.4,4353.51,4354.916,483,
11,allocationsData,2025-01-06T01:00:00.866Z,true,1023.19,4349.03,5372.220833,127284,
12,contributionsTotalData,2025-01-06T01:00:00.866Z,true,1459.46,4351.32,5810.774708000001,236101,
13,targetedPersonsData,2025-01-06T01:00:00.866Z,true,2174.44,4720.73,6895.162625,367810,
14,targetedPersonsDetailsData,2025-01-06T01:00:00.866Z,true,2364.43,4364.73,6729.159375,1929624,
15,dataGam,2025-01-06T01:00:00.866Z,true,1.18,5093.12,5094.29575,29554,
16,masterGam,2025-01-06T01:00:00.866Z,true,0.25,4332.35,4332.603083,947,
17,masterOrganizations,2025-01-06T01:00:00.866Z,true,1.66,2539.95,2541.610458,258,
18,masterSectors,2025-01-06T01:00:00.866Z,true,3.27,2553.99,2557.2592919999997,1390,
19,allocationsDataResults,2025-01-06T01:00:00.866Z,true,342.77,4341.3,4684.074667,59794,
20,resultsBySector,2025-01-06T01:00:00.866Z,true,112.25,2552.46,2664.711917,857738,
21,resultsByDisability,2025-01-06T01:00:00.866Z,true,139.53,2562.14,2701.664792,734927,
22,resultsByType,2025-01-06T01:00:00.866Z,true,95.58,3156.4,3251.97875,2426573,
23,resultsByBeneficiaryType,2025-01-06T01:00:00.866Z,true,149.8,2561.82,2711.621791,942743,
24,resultsByOrganization,2025-01-06T01:00:00.866Z,true,120.46,2549.61,2670.074709,830457,
25,masterLocations,2025-01-06T01:00:00.866Z,true,104.75,2567.3,2672.0586249999997,681077,
26,masterBeneficiaryType,2025-01-06T01:00:00.866Z,true,5.87,2540.4,2546.274959,602,
27,projectSummaryProgress,2025-01-06T01:00:00.866Z,true,1.04,4331.55,4332.588292,665,
28,sectorsData,2025-01-06T01:00:00.866Z,true,0.52,4370.15,4370.673333,259,
29,globalIndicators,2025-01-06T01:00:00.866Z,true,1129.09,9976.81,11105.901292,414929,
30,masterOrganizationsProgress,2025-01-06T01:00:00.866Z,true,1698.24,4577.57,6275.804875,1019308,
31,projectStatusMaster,2025-01-06T01:00:00.866Z,true,784.08,4338.36,5122.43375,413577,
32,masterAllocationSource,2025-01-06T01:00:00.866Z,true,0.4,4318.46,4318.860417,54,
33,masterSectorsVo2,2025-01-06T01:00:00.866Z,true,3.99,4331.81,4335.798334,464,
34,masterGlobalIndicators,2025-01-06T01:00:00.866Z,true,9.14,4325.84,4334.980083,50696,
35,masterEmergencies,2025-01-06T01:00:00.866Z,true,5.75,4327.7,4333.456542,2278,
36,projectSummary,2025-01-06T01:00:00.866Z,true,1.95,4330.83,4332.783958,183,
37,projectSummaryAggregate,2025-01-06T01:00:00.866Z,true,1.64,4316.74,4318.38,381,
38,HRPSummary,2025-01-06T01:00:00.866Z,true,0.5,4319.16,4319.656042,15934,
39,emergencySummary,2025-01-06T01:00:00.866Z,true,1359.15,4314.37,5673.518542000001,553264,
1,masterDonors,2025-01-07T01:00:00.783Z,true,6.52,420.37,426.892834,25932,
2,masterFunds,2025-01-07T01:00:00.783Z,true,15.31,340.5,355.81233299999997,111221,
3,masterRegionalFunds,2025-01-07T01:00:00.783Z,true,10.65,332.9,343.55370800000003,1473,
4,masterAllocationTypes,2025-01-07T01:00:00.783Z,true,5.07,323.98,329.048625,242,
5,launchedAllocationsData,2025-01-07T01:00:00.783Z,true,1342.65,6859.14,8201.784959,656289,
6,contributionsData,2025-01-07T01:00:00.783Z,true,19.83,330.66,350.491459,84894,
7,allocationFlowData,2025-01-07T01:00:00.783Z,true,1.42,3325.99,3327.412792,41934,
8,masterPooledFunds,2025-01-07T01:00:00.783Z,true,0.26,3106.81,3107.076958,1795,
9,masterPartners,2025-01-07T01:00:00.783Z,true,0.17,3042.62,3042.786,107,
10,masterSubPartners,2025-01-07T01:00:00.783Z,true,0.34,3039.74,3040.0752500000003,483,
11,allocationsData,2025-01-07T01:00:00.783Z,true,1339.78,3055.82,4395.603417,127284,
12,contributionsTotalData,2025-01-07T01:00:00.783Z,true,1443.73,3185.41,4629.148209,236105,
13,targetedPersonsData,2025-01-07T01:00:00.783Z,true,1568.84,3822.02,5390.864417,367813,
14,targetedPersonsDetailsData,2025-01-07T01:00:00.783Z,true,2592.57,3550.74,6143.309083,1929660,
15,dataGam,2025-01-07T01:00:00.783Z,true,0.74,4776.97,4777.709709,29554,
16,masterGam,2025-01-07T01:00:00.783Z,true,0.96,3048.84,3049.79975,947,
17,masterOrganizations,2025-01-07T01:00:00.783Z,true,1.19,1829.31,1830.5011250000002,258,
18,masterSectors,2025-01-07T01:00:00.783Z,true,0.82,1834,1834.8210829999998,1390,
19,allocationsDataResults,2025-01-07T01:00:00.783Z,true,337.22,3053.45,3390.6665,59794,
20,resultsBySector,2025-01-07T01:00:00.783Z,true,180.4,1913.46,2093.868042,857738,
21,resultsByDisability,2025-01-07T01:00:00.783Z,true,171.77,1865.95,2037.712625,734927,
22,resultsByType,2025-01-07T01:00:00.783Z,true,224.33,2006.63,2230.9578340000003,2426573,
23,resultsByBeneficiaryType,2025-01-07T01:00:00.783Z,true,118.5,1843.93,1962.429625,942743,
24,resultsByOrganization,2025-01-07T01:00:00.783Z,true,180.86,1872,2052.8543750000003,830457,
25,masterLocations,2025-01-07T01:00:00.783Z,true,111.83,1864.82,1976.65,681077,
26,masterBeneficiaryType,2025-01-07T01:00:00.783Z,true,1.67,1957.03,1958.6985,602,
27,projectSummaryProgress,2025-01-07T01:00:00.783Z,true,0.27,3074.53,3074.800625,665,
28,sectorsData,2025-01-07T01:00:00.783Z,true,0.27,3063.91,3064.1780830000002,259,
29,globalIndicators,2025-01-07T01:00:00.783Z,true,2241.64,12334.48,14576.117042,415008,
30,masterOrganizationsProgress,2025-01-07T01:00:00.783Z,true,1563.82,3363.33,4927.148,1019882,
31,projectStatusMaster,2025-01-07T01:00:00.783Z,true,777.42,3134.07,3911.492375,413708,
32,masterAllocationSource,2025-01-07T01:00:00.783Z,true,0.2,3036.05,3036.242375,54,
33,masterSectorsVo2,2025-01-07T01:00:00.783Z,true,0.17,3036.67,3036.8410409999997,464,
34,masterGlobalIndicators,2025-01-07T01:00:00.783Z,true,1.32,3071.81,3073.122541,50696,
35,masterEmergencies,2025-01-07T01:00:00.783Z,true,0.2,3063.85,3064.05325,2278,
36,projectSummary,2025-01-07T01:00:00.783Z,true,0.24,3107.35,3107.589208,183,
37,projectSummaryAggregate,2025-01-07T01:00:00.783Z,true,0.89,3087.3,3088.192,381,
38,HRPSummary,2025-01-07T01:00:00.783Z,true,0.22,3245.58,3245.801292,15934,
39,emergencySummary,2025-01-07T01:00:00.783Z,true,1802.17,3278.03,5080.199416,553264,
1,masterDonors,2025-01-08T01:00:01.220Z,true,22.49,405.21,427.69570899999997,25932,
2,masterFunds,2025-01-08T01:00:01.220Z,true,20.53,337.76,358.285417,111221,
3,masterRegionalFunds,2025-01-08T01:00:01.220Z,true,3.62,345.64,349.257042,1473,
4,masterAllocationTypes,2025-01-08T01:00:01.220Z,true,1.53,336.69,338.221333,242,
5,launchedAllocationsData,2025-01-08T01:00:01.220Z,true,1354.9,9633.98,10988.876333,656276,
6,contributionsData,2025-01-08T01:00:01.220Z,true,16.12,336.6,352.718,84963,
7,allocationFlowData,2025-01-08T01:00:01.220Z,true,1.88,4859.7,4861.580291,41934,
8,masterPooledFunds,2025-01-08T01:00:01.220Z,true,0.34,4586.29,4586.622042,1795,
9,masterPartners,2025-01-08T01:00:01.220Z,true,0.26,4588.43,4588.682167,107,
10,masterSubPartners,2025-01-08T01:00:01.220Z,true,1.93,4619.49,4621.429292,483,
11,allocationsData,2025-01-08T01:00:01.220Z,true,673.97,4663.84,5337.806457999999,127284,
12,contributionsTotalData,2025-01-08T01:00:01.220Z,true,1350.33,4707.82,6058.146917,236269,
13,targetedPersonsData,2025-01-08T01:00:01.220Z,true,2002.43,5172.02,7174.446667,367818,
14,targetedPersonsDetailsData,2025-01-08T01:00:01.220Z,true,2501.18,5310.3,7811.482042,1930121,
15,dataGam,2025-01-08T01:00:01.220Z,true,1.53,9451.83,9453.362167,29554,
16,masterGam,2025-01-08T01:00:01.220Z,true,0.54,4487.31,4487.8534580000005,947,
17,masterOrganizations,2025-01-08T01:00:01.220Z,true,2.55,3287.39,3289.9395419999996,258,
18,masterSectors,2025-01-08T01:00:01.220Z,true,1.4,3307.55,3308.9432079999997,1390,
19,allocationsDataResults,2025-01-08T01:00:01.220Z,true,334.22,4648.11,4982.322,59794,
20,resultsBySector,2025-01-08T01:00:01.220Z,true,37,3553.96,3590.960958,857738,
21,resultsByDisability,2025-01-08T01:00:01.220Z,true,56.19,3320.38,3376.569708,734927,
22,resultsByType,2025-01-08T01:00:01.220Z,true,145.82,3358.66,3504.4742499999998,2426573,
23,resultsByBeneficiaryType,2025-01-08T01:00:01.220Z,true,93.48,3442.2,3535.678625,942743,
24,resultsByOrganization,2025-01-08T01:00:01.220Z,true,82.43,3338.08,3420.515917,830457,
25,masterLocations,2025-01-08T01:00:01.220Z,true,21.06,3308.96,3330.0185420000003,681077,
26,masterBeneficiaryType,2025-01-08T01:00:01.220Z,true,3.97,3297.05,3301.020667,602,
27,projectSummaryProgress,2025-01-08T01:00:01.220Z,true,0.33,4528.19,4528.521791,665,
28,sectorsData,2025-01-08T01:00:01.220Z,true,1.13,4552.66,4553.791541,259,
29,globalIndicators,2025-01-08T01:00:01.220Z,true,1213.57,13209.03,14422.604167000001,416523,
30,masterOrganizationsProgress,2025-01-08T01:00:01.220Z,true,1560.36,5229.88,6790.240292,1020566,
31,projectStatusMaster,2025-01-08T01:00:01.220Z,true,676.69,4716.21,5392.8919160000005,413657,
32,masterAllocationSource,2025-01-08T01:00:01.220Z,true,0.22,4609.18,4609.403125,54,
33,masterSectorsVo2,2025-01-08T01:00:01.220Z,true,0.31,4548.75,4549.062457999999,464,
34,masterGlobalIndicators,2025-01-08T01:00:01.220Z,true,3.14,4556.65,4559.786459,50696,
35,masterEmergencies,2025-01-08T01:00:01.220Z,true,0.43,4595.68,4596.106333,2278,
36,projectSummary,2025-01-08T01:00:01.220Z,true,1.6,4554.42,4556.022792,183,
37,projectSummaryAggregate,2025-01-08T01:00:01.220Z,true,0.26,4603.72,4603.984459,381,
38,HRPSummary,2025-01-08T01:00:01.220Z,true,0.35,4732.78,4733.132542,15934,
39,emergencySummary,2025-01-08T01:00:01.220Z,true,1775.31,4676.92,6452.225875,554115,
1,masterDonors,2025-01-12T01:00:01.118Z,true,12.56,408.53,421.0885,25932,
2,masterFunds,2025-01-12T01:00:01.118Z,true,29.29,326.93,356.218042,111666,
3,masterRegionalFunds,2025-01-12T01:00:01.118Z,true,7.5,336.74,344.24375000000003,1473,
4,masterAllocationTypes,2025-01-12T01:00:01.118Z,true,1.36,339.44,340.79595800000004,242,
5,launchedAllocationsData,2025-01-12T01:00:01.118Z,true,1343.7,7879.89,9223.591457999999,657075,
6,contributionsData,2025-01-12T01:00:01.118Z,true,17.42,334.09,351.509625,85021,
7,allocationFlowData,2025-01-12T01:00:01.118Z,true,1.92,4134.22,4136.143042,41933,
8,masterPooledFunds,2025-01-12T01:00:01.118Z,true,1.47,3830.3,3831.762541,1795,
9,masterPartners,2025-01-12T01:00:01.118Z,true,0.58,3837.17,3837.7508329999996,107,
10,masterSubPartners,2025-01-12T01:00:01.118Z,true,0.35,3845.25,3845.604792,483,
11,allocationsData,2025-01-12T01:00:01.118Z,true,787.13,3884.6,4671.727083,127316,
12,contributionsTotalData,2025-01-12T01:00:01.118Z,true,2016.86,3967.56,5984.416209,236358,
13,targetedPersonsData,2025-01-12T01:00:01.118Z,true,3010.09,4661.17,7671.258707999999,368150,
14,targetedPersonsDetailsData,2025-01-12T01:00:01.118Z,true,2731.59,4347.85,7079.436,1931330,
15,dataGam,2025-01-12T01:00:01.118Z,true,1.47,5186.16,5187.624167,29607,
16,masterGam,2025-01-12T01:00:01.118Z,true,0.26,3847.43,3847.6907499999998,947,
17,masterOrganizations,2025-01-12T01:00:01.118Z,true,5.7,2688.08,2693.782917,258,
18,masterSectors,2025-01-12T01:00:01.118Z,true,2.27,2690.5,2692.771875,1390,
19,allocationsDataResults,2025-01-12T01:00:01.118Z,true,343.45,3876.09,4219.535209,59799,
20,resultsBySector,2025-01-12T01:00:01.118Z,true,97.23,2830.65,2927.875542,857738,
21,resultsByDisability,2025-01-12T01:00:01.118Z,true,71.67,2733.21,2804.880333,734927,
22,resultsByType,2025-01-12T01:00:01.118Z,true,163.49,2809.41,2972.8992500000004,2426573,
23,resultsByBeneficiaryType,2025-01-12T01:00:01.118Z,true,91.77,2734.11,2825.880083,942743,
24,resultsByOrganization,2025-01-12T01:00:01.118Z,true,49.73,2704.72,2754.449458,830457,
25,masterLocations,2025-01-12T01:00:01.118Z,true,49.98,2798.47,2848.454333,681077,
26,masterBeneficiaryType,2025-01-12T01:00:01.118Z,true,1.6,2690.2,2691.801541,602,
27,projectSummaryProgress,2025-01-12T01:00:01.118Z,true,0.65,3922.56,3923.211333,665,
28,sectorsData,2025-01-12T01:00:01.118Z,true,0.34,3965.94,3966.274708,259,
29,globalIndicators,2025-01-12T01:00:01.118Z,true,1232.6,10603.6,11836.197791999999,417527,
30,masterOrganizationsProgress,2025-01-12T01:00:01.118Z,true,1458.2,4180.91,5639.116083,1020827,
31,projectStatusMaster,2025-01-12T01:00:01.118Z,true,682.83,3970.46,4653.293375,413614,
32,masterAllocationSource,2025-01-12T01:00:01.118Z,true,0.43,3850.05,3850.4809999999998,54,
33,masterSectorsVo2,2025-01-12T01:00:01.118Z,true,0.38,3868.3,3868.6784580000003,464,
34,masterGlobalIndicators,2025-01-12T01:00:01.118Z,true,1.79,3920.07,3921.857292,50696,
35,masterEmergencies,2025-01-12T01:00:01.118Z,true,0.42,3893.55,3893.965708,2278,
36,projectSummary,2025-01-12T01:00:01.118Z,true,0.37,4094.73,4095.1043750000003,183,
37,projectSummaryAggregate,2025-01-12T01:00:01.118Z,true,1.79,3890.36,3892.149,381,
38,HRPSummary,2025-01-12T01:00:01.118Z,true,0.33,3977.19,3977.51925,15934,
39,emergencySummary,2025-01-12T01:00:01.118Z,true,1672.81,3927.07,5599.878875,556575,
1,masterDonors,2025-01-14T01:00:00.638Z,true,17.53,460.12,477.64958299999995,25932,
2,masterFunds,2025-01-14T01:00:00.638Z,true,19.93,393.74,413.66633299999995,111666,
3,masterRegionalFunds,2025-01-14T01:00:00.638Z,true,5.47,393.51,398.979667,1473,
4,masterAllocationTypes,2025-01-14T01:00:00.638Z,true,1.19,395.19,396.38649999999996,242,
5,launchedAllocationsData,2025-01-14T01:00:00.638Z,true,1361.17,7899.66,9260.833666999999,657086,
6,contributionsData,2025-01-14T01:00:00.638Z,true,12.06,396.28,408.33762499999995,85021,
7,allocationFlowData,2025-01-14T01:00:00.638Z,true,0.98,5673.31,5674.294125,41933,
8,masterPooledFunds,2025-01-14T01:00:00.638Z,true,0.33,4438.34,4438.675459,1795,
9,masterPartners,2025-01-14T01:00:00.638Z,true,0.17,4486.46,4486.631583,107,
10,masterSubPartners,2025-01-14T01:00:00.638Z,true,0.16,4442.81,4442.968291,483,
11,allocationsData,2025-01-14T01:00:00.638Z,true,1008.92,4537.54,5546.460833,127347,
12,contributionsTotalData,2025-01-14T01:00:00.638Z,true,1003.81,4558.59,5562.398833,236342,
13,targetedPersonsData,2025-01-14T01:00:00.638Z,true,1699.92,6604.52,8304.435875000001,368159,
14,targetedPersonsDetailsData,2025-01-14T01:00:00.638Z,true,2452.57,4966.26,7418.830666999999,1931443,
15,dataGam,2025-01-14T01:00:00.638Z,true,2.12,5662.7,5664.8207919999995,29607,
16,masterGam,2025-01-14T01:00:00.638Z,true,0.16,4484.16,4484.313416,947,
17,masterOrganizations,2025-01-14T01:00:00.638Z,true,1.73,3284.97,3286.707958,258,
18,masterSectors,2025-01-14T01:00:00.638Z,true,2.48,3273.74,3276.221125,1390,
19,allocationsDataResults,2025-01-14T01:00:00.638Z,true,335.04,4485.86,4820.9016249999995,59828,
20,resultsBySector,2025-01-14T01:00:00.638Z,true,104.29,3324.94,3429.229833,857738,
21,resultsByDisability,2025-01-14T01:00:00.638Z,true,117.8,3330.4,3448.193417,734927,
22,resultsByType,2025-01-14T01:00:00.638Z,true,133.45,3452.35,3585.799625,2426573,
23,resultsByBeneficiaryType,2025-01-14T01:00:00.638Z,true,83.34,3427.77,3511.115625,942743,
24,resultsByOrganization,2025-01-14T01:00:00.638Z,true,97.53,3323.44,3420.963875,830457,
25,masterLocations,2025-01-14T01:00:00.638Z,true,89.53,3362.36,3451.881917,681077,
26,masterBeneficiaryType,2025-01-14T01:00:00.638Z,true,1.39,3300.44,3301.831375,602,
27,projectSummaryProgress,2025-01-14T01:00:00.638Z,true,0.22,4525.85,4526.071667,665,
28,sectorsData,2025-01-14T01:00:00.638Z,true,1.47,4493.84,4495.310041000001,259,
29,globalIndicators,2025-01-14T01:00:00.638Z,true,1349.13,8485.2,9834.335417,417544,
30,masterOrganizationsProgress,2025-01-14T01:00:00.638Z,true,1474.46,4981.97,6456.430291000001,1020869,
31,projectStatusMaster,2025-01-14T01:00:00.638Z,true,675.38,4545.1,5220.484792,413616,
32,masterAllocationSource,2025-01-14T01:00:00.638Z,true,3.28,4486.43,4489.710375000001,54,
33,masterSectorsVo2,2025-01-14T01:00:00.638Z,true,0.34,4467.92,4468.256875,464,
34,masterGlobalIndicators,2025-01-14T01:00:00.638Z,true,2.92,4484.77,4487.694125,50696,
35,masterEmergencies,2025-01-14T01:00:00.638Z,true,0.88,4484.4,4485.288417,2278,
36,projectSummary,2025-01-14T01:00:00.638Z,true,3.98,4480,4483.982667,183,
37,projectSummaryAggregate,2025-01-14T01:00:00.638Z,true,2.87,4479.91,4482.773,381,
38,HRPSummary,2025-01-14T01:00:00.638Z,true,0.88,4527.41,4528.292415999999,15934,
39,emergencySummary,2025-01-14T01:00:00.638Z,true,1346.75,4537.74,5884.493583,556572,
1,masterDonors,2025-01-15T01:00:00.528Z,true,17.16,407.38,424.531958,25932,
2,masterFunds,2025-01-15T01:00:00.528Z,true,9.13,349.01,358.13504199999994,111666,
3,masterRegionalFunds,2025-01-15T01:00:00.528Z,true,15.92,328.17,344.08795799999996,1473,
4,masterAllocationTypes,2025-01-15T01:00:00.528Z,true,1.25,339.36,340.610625,242,
5,launchedAllocationsData,2025-01-15T01:00:00.528Z,true,1353.62,6233.13,7586.752415999999,657083,
6,contributionsData,2025-01-15T01:00:00.528Z,true,18.47,333.95,352.4145,85021,
7,allocationFlowData,2025-01-15T01:00:00.528Z,true,11.82,4501.43,4513.243625,41933,
8,masterPooledFunds,2025-01-15T01:00:00.528Z,true,0.33,4170.34,4170.67,1795,
9,masterPartners,2025-01-15T01:00:00.528Z,true,0.53,4164.93,4165.460125,107,
10,masterSubPartners,2025-01-15T01:00:00.528Z,true,0.38,4272.11,4272.482333,483,
11,allocationsData,2025-01-15T01:00:00.528Z,true,1118.57,4429.78,5548.353292,127483,
12,contributionsTotalData,2025-01-15T01:00:00.528Z,true,2030.88,4490.87,6521.749625,236921,
13,targetedPersonsData,2025-01-15T01:00:00.528Z,true,2041.06,4867.55,6908.61325,368162,
14,targetedPersonsDetailsData,2025-01-15T01:00:00.528Z,true,2493.44,4649.85,7143.288709,1931690,
15,dataGam,2025-01-15T01:00:00.528Z,true,0.89,6793.73,6794.6208750000005,29607,
16,masterGam,2025-01-15T01:00:00.528Z,true,2.36,4473.18,4475.539124999999,947,
17,masterOrganizations,2025-01-15T01:00:00.528Z,true,0.63,3047.79,3048.419542,258,
18,masterSectors,2025-01-15T01:00:00.528Z,true,3.09,3026.2,3029.295459,1390,
19,allocationsDataResults,2025-01-15T01:00:00.528Z,true,336.91,4471.58,4808.4875,59884,
20,resultsBySector,2025-01-15T01:00:00.528Z,true,113.24,3249.82,3363.063,857738,
21,resultsByDisability,2025-01-15T01:00:00.528Z,true,32.09,3069.77,3101.861042,734927,
22,resultsByType,2025-01-15T01:00:00.528Z,true,275.75,3171.03,3446.779708,2426573,
23,resultsByBeneficiaryType,2025-01-15T01:00:00.528Z,true,76.33,3168.33,3244.663125,942743,
24,resultsByOrganization,2025-01-15T01:00:00.528Z,true,78.73,3168.59,3247.325875,830457,
25,masterLocations,2025-01-15T01:00:00.528Z,true,17.47,3022.42,3039.887959,681077,
26,masterBeneficiaryType,2025-01-15T01:00:00.528Z,true,1.02,3089.93,3090.9514999999997,602,
27,projectSummaryProgress,2025-01-15T01:00:00.528Z,true,2.59,4487.35,4489.945417000001,665,
28,sectorsData,2025-01-15T01:00:00.528Z,true,7.01,4479.64,4486.656083,259,
29,globalIndicators,2025-01-15T01:00:00.528Z,true,1795.89,9461.92,11257.806667,417787,
30,masterOrganizationsProgress,2025-01-15T01:00:00.528Z,true,1555,4481.7,6036.696542,1020909,
31,projectStatusMaster,2025-01-15T01:00:00.528Z,true,1033.09,4562.24,5595.339416,413648,
32,masterAllocationSource,2025-01-15T01:00:00.528Z,true,11.35,4471.14,4482.4859160000005,54,
33,masterSectorsVo2,2025-01-15T01:00:00.528Z,true,5.6,4476.52,4482.116708,464,
34,masterGlobalIndicators,2025-01-15T01:00:00.528Z,true,7.09,4477.4,4484.492666,50696,
35,masterEmergencies,2025-01-15T01:00:00.528Z,true,1.71,4466.07,4467.784667,2278,
36,projectSummary,2025-01-15T01:00:00.528Z,true,0.34,4148.52,4148.861416,183,
37,projectSummaryAggregate,2025-01-15T01:00:00.528Z,true,3.62,4478,4481.612458,381,
38,HRPSummary,2025-01-15T01:00:00.528Z,true,9.91,4468.79,4478.699166,15934,
39,emergencySummary,2025-01-15T01:00:00.528Z,true,1222.33,4479.73,5702.059875,557059,
1,masterDonors,2025-01-16T01:00:00.615Z,true,8.45,410.66,419.103458,25932,
2,masterFunds,2025-01-16T01:00:00.615Z,true,28.18,320.3,348.473541,111666,
3,masterRegionalFunds,2025-01-16T01:00:00.615Z,true,3.53,325.73,329.2585000000001,1473,
4,masterAllocationTypes,2025-01-16T01:00:00.615Z,true,1.24,325.58,326.81699999999995,242,
5,launchedAllocationsData,2025-01-16T01:00:00.615Z,true,1665.66,8055.69,9721.351834,657083,
6,contributionsData,2025-01-16T01:00:00.615Z,true,4.85,338.81,343.65062500000005,85021,
7,allocationFlowData,2025-01-16T01:00:00.615Z,true,1.24,4175.95,4177.186833000001,41933,
8,masterPooledFunds,2025-01-16T01:00:00.615Z,true,4.3,3925.77,3930.066041,1795,
9,masterPartners,2025-01-16T01:00:00.615Z,true,2.34,3927.09,3929.4276659999996,107,
10,masterSubPartners,2025-01-16T01:00:00.615Z,true,0.63,3927.18,3927.809125,483,
11,allocationsData,2025-01-16T01:00:00.615Z,true,677.06,4138.1,4815.168375,127487,
12,contributionsTotalData,2025-01-16T01:00:00.615Z,true,1794.1,4145.57,5939.664541,236898,
13,targetedPersonsData,2025-01-16T01:00:00.615Z,true,2375.48,5226.31,7601.782,368167,
14,targetedPersonsDetailsData,2025-01-16T01:00:00.615Z,true,2396.15,4364.68,6760.831167,1931894,
15,dataGam,2025-01-16T01:00:00.615Z,true,0.96,6016.2,6017.163375,29607,
16,masterGam,2025-01-16T01:00:00.615Z,true,0.54,3834.14,3834.675334,947,
17,masterOrganizations,2025-01-16T01:00:00.615Z,true,2.44,2656.55,2658.984542,258,
18,masterSectors,2025-01-16T01:00:00.615Z,true,1.72,2674.83,2676.5450410000003,1390,
19,allocationsDataResults,2025-01-16T01:00:00.615Z,true,342.45,4137.94,4480.384917,59886,
20,resultsBySector,2025-01-16T01:00:00.615Z,true,54.43,2678.11,2732.5405419999997,857738,
21,resultsByDisability,2025-01-16T01:00:00.615Z,true,124.83,2730.39,2855.224583,734927,
22,resultsByType,2025-01-16T01:00:00.615Z,true,163.23,2789.71,2952.941459,2426573,
23,resultsByBeneficiaryType,2025-01-16T01:00:00.615Z,true,127.67,2688.47,2816.1342090000003,942743,
24,resultsByOrganization,2025-01-16T01:00:00.615Z,true,133.32,2690.47,2823.794333,830457,
25,masterLocations,2025-01-16T01:00:00.615Z,true,86.19,2748.95,2835.136959,681077,
26,masterBeneficiaryType,2025-01-16T01:00:00.615Z,true,2.84,2674.53,2677.366542,602,
27,projectSummaryProgress,2025-01-16T01:00:00.615Z,true,7.24,4123.46,4130.703167,665,
28,sectorsData,2025-01-16T01:00:00.615Z,true,0.31,4140.27,4140.575208,259,
29,globalIndicators,2025-01-16T01:00:00.615Z,true,1023.12,8453.64,9476.7595,418140,
30,masterOrganizationsProgress,2025-01-16T01:00:00.615Z,true,1367.7,4221.34,5589.037833,1020977,
31,projectStatusMaster,2025-01-16T01:00:00.615Z,true,1022.57,4146.86,5169.431667000001,413650,
32,masterAllocationSource,2025-01-16T01:00:00.615Z,true,0.72,4125.83,4126.5435,54,
33,masterSectorsVo2,2025-01-16T01:00:00.615Z,true,4.59,4120.75,4125.340334,464,
34,masterGlobalIndicators,2025-01-16T01:00:00.615Z,true,11.18,4114.47,4125.649,50696,
35,masterEmergencies,2025-01-16T01:00:00.615Z,true,5.88,4117.91,4123.7885,2278,
36,projectSummary,2025-01-16T01:00:00.615Z,true,3.33,4141.85,4145.180875,183,
37,projectSummaryAggregate,2025-01-16T01:00:00.615Z,true,5.79,4138.37,4144.159917,381,
38,HRPSummary,2025-01-16T01:00:00.615Z,true,4.53,4138.84,4143.370875,15934,
39,emergencySummary,2025-01-16T01:00:00.615Z,true,1698.25,4132.65,5830.90175,556936,
1,masterDonors,2025-01-17T01:00:01.430Z,true,8.65,405.28,413.921583,25932,
2,masterFunds,2025-01-17T01:00:01.430Z,true,13.15,341.69,354.841417,111666,
3,masterRegionalFunds,2025-01-17T01:00:01.430Z,true,18.77,323.85,342.6185,1473,
4,masterAllocationTypes,2025-01-17T01:00:01.430Z,true,1.06,336.34,337.402625,242,
5,launchedAllocationsData,2025-01-17T01:00:01.430Z,true,1351.53,7560.36,8911.88925,657083,
6,contributionsData,2025-01-17T01:00:01.430Z,true,21.1,328.76,349.864334,85021,
7,allocationFlowData,2025-01-17T01:00:01.430Z,true,1.68,3815.91,3817.5916669999997,41933,
8,masterPooledFunds,2025-01-17T01:00:01.430Z,true,8.6,3636.42,3645.0188749999998,1795,
9,masterPartners,2025-01-17T01:00:01.430Z,true,0.44,3599.61,3600.056625,107,
10,masterSubPartners,2025-01-17T01:00:01.430Z,true,0.54,3488.06,3488.596708,483,
11,allocationsData,2025-01-17T01:00:01.430Z,true,1009.32,3634.79,4644.113708999999,127487,
12,contributionsTotalData,2025-01-17T01:00:01.430Z,true,1686.72,3642.33,5329.043583,236904,
13,targetedPersonsData,2025-01-17T01:00:01.430Z,true,2023.7,4331.37,6355.070417000001,368175,
14,targetedPersonsDetailsData,2025-01-17T01:00:01.430Z,true,2542.45,3994.09,6536.543583000001,1931966,
15,dataGam,2025-01-17T01:00:01.430Z,true,1.45,5108.72,5110.172959,29607,
16,masterGam,2025-01-17T01:00:01.430Z,true,4.7,3633.5,3638.202875,947,
17,masterOrganizations,2025-01-17T01:00:01.430Z,true,1.02,2370.06,2371.081666,258,
18,masterSectors,2025-01-17T01:00:01.430Z,true,1.82,2364.41,2366.231833,1390,
19,allocationsDataResults,2025-01-17T01:00:01.430Z,true,338.44,3629.08,3967.514917,59886,
20,resultsBySector,2025-01-17T01:00:01.430Z,true,144.26,2433.57,2577.822041,857738,
21,resultsByDisability,2025-01-17T01:00:01.430Z,true,122.59,2430.47,2553.056208,734927,
22,resultsByType,2025-01-17T01:00:01.430Z,true,197.37,2478.23,2675.598916,2426573,
23,resultsByBeneficiaryType,2025-01-17T01:00:01.430Z,true,101.79,2418.87,2520.6607080000003,942743,
24,resultsByOrganization,2025-01-17T01:00:01.430Z,true,137.61,2460.97,2598.5788749999997,830457,
25,masterLocations,2025-01-17T01:00:01.430Z,true,24.83,2405.92,2430.747334,681077,
26,masterBeneficiaryType,2025-01-17T01:00:01.430Z,true,1.07,2396.84,2397.911208,602,
27,projectSummaryProgress,2025-01-17T01:00:01.430Z,true,10.56,3613.42,3623.976416,665,
28,sectorsData,2025-01-17T01:00:01.430Z,true,7.59,3617.93,3625.525667,259,
29,globalIndicators,2025-01-17T01:00:01.430Z,true,2127.37,7599.09,9726.46325,418423,
30,masterOrganizationsProgress,2025-01-17T01:00:01.430Z,true,1663.43,3894.43,5557.858125,1021105,
31,projectStatusMaster,2025-01-17T01:00:01.430Z,true,669.06,3622.32,4291.378583,413651,
32,masterAllocationSource,2025-01-17T01:00:01.430Z,true,2.71,3620.31,3623.026584,54,
33,masterSectorsVo2,2025-01-17T01:00:01.430Z,true,6.61,3615.66,3622.2699589999997,464,
34,masterGlobalIndicators,2025-01-17T01:00:01.430Z,true,4.63,3617.86,3622.4865,50696,
35,masterEmergencies,2025-01-17T01:00:01.430Z,true,0.29,3628.66,3628.9525830000002,2278,
36,projectSummary,2025-01-17T01:00:01.430Z,true,9.54,3608.23,3617.766375,183,
37,projectSummaryAggregate,2025-01-17T01:00:01.430Z,true,1.18,3626.12,3627.298,381,
38,HRPSummary,2025-01-17T01:00:01.430Z,true,0.4,3771.21,3771.617,15934,
39,emergencySummary,2025-01-17T01:00:01.430Z,true,2376.68,3689.83,6066.505083,556907,
1,masterDonors,2025-01-18T01:00:00.739Z,true,14.21,405.63,419.83533299999993,25932,
2,masterFunds,2025-01-18T01:00:00.739Z,true,27.11,326.75,353.862875,111666,
3,masterRegionalFunds,2025-01-18T01:00:00.739Z,true,10.18,334.21,344.39066599999995,1473,
4,masterAllocationTypes,2025-01-18T01:00:00.739Z,true,1.16,341.54,342.69975,242,
5,launchedAllocationsData,2025-01-18T01:00:00.739Z,true,1339.18,8510.17,9849.349583,657078,
6,contributionsData,2025-01-18T01:00:00.739Z,true,13.55,336.11,349.658542,85021,
7,allocationFlowData,2025-01-18T01:00:00.739Z,true,1.07,6164.14,6165.207834,41933,
8,masterPooledFunds,2025-01-18T01:00:00.739Z,true,0.29,5792.87,5793.160916,1795,
9,masterPartners,2025-01-18T01:00:00.739Z,true,0.34,5721.07,5721.410417,107,
10,masterSubPartners,2025-01-18T01:00:00.739Z,true,0.2,5730.61,5730.806458,483,
11,allocationsData,2025-01-18T01:00:00.739Z,true,674.75,5821.1,6495.848834,127334,
12,contributionsTotalData,2025-01-18T01:00:00.739Z,true,1335.05,5852.91,7187.963541,236915,
13,targetedPersonsData,2025-01-18T01:00:00.739Z,true,2234.16,6468.65,8702.819582999999,368566,
14,targetedPersonsDetailsData,2025-01-18T01:00:00.739Z,true,2444.1,6183.68,8627.776916,1932441,
15,dataGam,2025-01-18T01:00:00.739Z,true,1.01,6935.73,6936.734958,29607,
16,masterGam,2025-01-18T01:00:00.739Z,true,0.36,5777.46,5777.818708000001,947,
17,masterOrganizations,2025-01-18T01:00:00.739Z,true,1.81,4523.5,4525.307583,258,
18,masterSectors,2025-01-18T01:00:00.739Z,true,1.03,4551.47,4552.504584,1390,
19,allocationsDataResults,2025-01-18T01:00:00.739Z,true,331.66,5777.37,6109.038834,59848,
20,resultsBySector,2025-01-18T01:00:00.739Z,true,91.71,4570.03,4661.743167,857738,
21,resultsByDisability,2025-01-18T01:00:00.739Z,true,71.29,4644.58,4715.872834,734927,
22,resultsByType,2025-01-18T01:00:00.739Z,true,181.87,4651.05,4832.920167,2426573,
23,resultsByBeneficiaryType,2025-01-18T01:00:00.739Z,true,145.98,4679.6,4825.571959,942743,
24,resultsByOrganization,2025-01-18T01:00:00.739Z,true,73.04,4645.05,4718.083333,830457,
25,masterLocations,2025-01-18T01:00:00.739Z,true,76.48,4586.43,4662.9095,681077,
26,masterBeneficiaryType,2025-01-18T01:00:00.739Z,true,1.34,4529.04,4530.376291,602,
27,projectSummaryProgress,2025-01-18T01:00:00.739Z,true,0.27,7058.75,7059.028915999999,665,
28,sectorsData,2025-01-18T01:00:00.739Z,true,0.17,7070.02,7070.186958,259,
29,globalIndicators,2025-01-18T01:00:00.739Z,true,1011.71,13473.98,14485.687791,419326,
30,masterOrganizationsProgress,2025-01-18T01:00:00.739Z,true,1547.24,7147.49,8694.726999999999,1021098,
31,projectStatusMaster,2025-01-18T01:00:00.739Z,true,668.59,7078.44,7747.02675,413697,
32,masterAllocationSource,2025-01-18T01:00:00.739Z,true,0.18,5783.73,5783.907,54,
33,masterSectorsVo2,2025-01-18T01:00:00.739Z,true,0.18,5773.81,5773.987999999999,464,
34,masterGlobalIndicators,2025-01-18T01:00:00.739Z,true,0.95,7054.97,7055.926,50696,
35,masterEmergencies,2025-01-18T01:00:00.739Z,true,1.1,7051.82,7052.919207999999,2278,
36,projectSummary,2025-01-18T01:00:00.739Z,true,0.22,5719.84,5720.05325,183,
37,projectSummaryAggregate,2025-01-18T01:00:00.739Z,true,1.08,5758.93,5760.0080419999995,381,
38,HRPSummary,2025-01-18T01:00:00.739Z,true,0.4,5805.45,5805.851167,15934,
39,emergencySummary,2025-01-18T01:00:00.739Z,true,2037.99,7080.84,9118.827541,557724,
1,masterDonors,2025-01-19T01:00:01.339Z,true,2.11,408.61,410.721375,25932,
2,masterFunds,2025-01-19T01:00:01.339Z,true,6.39,332.84,339.222167,111666,
3,masterRegionalFunds,2025-01-19T01:00:01.339Z,true,14.11,319.8,333.912917,1473,
4,masterAllocationTypes,2025-01-19T01:00:01.339Z,true,1.04,323.35,324.392959,242,
5,launchedAllocationsData,2025-01-19T01:00:01.339Z,true,1689.9,6723.33,8413.2315,657078,
6,contributionsData,2025-01-19T01:00:01.339Z,true,10.23,323.17,333.40441599999997,85021,
7,allocationFlowData,2025-01-19T01:00:01.339Z,true,2.76,3857.66,3860.4236670000005,41933,
8,masterPooledFunds,2025-01-19T01:00:01.339Z,true,0.78,3607,3607.782666,1795,
9,masterPartners,2025-01-19T01:00:01.339Z,true,0.37,3569.84,3570.204083,107,
10,masterSubPartners,2025-01-19T01:00:01.339Z,true,6.53,3838.17,3844.70325,483,
11,allocationsData,2025-01-19T01:00:01.339Z,true,1013.8,3842.49,4856.284792,127334,
12,contributionsTotalData,2025-01-19T01:00:01.339Z,true,1115.63,3849.68,4965.310167,236919,
13,targetedPersonsData,2025-01-19T01:00:01.339Z,true,1457.11,4937.17,6394.28075,368566,
14,targetedPersonsDetailsData,2025-01-19T01:00:01.339Z,true,2538.25,4058.35,6596.601500000001,1932462,
15,dataGam,2025-01-19T01:00:01.339Z,true,0.92,4868.97,4869.891291,29607,
16,masterGam,2025-01-19T01:00:01.339Z,true,2.89,3834.31,3837.199458,947,
17,masterOrganizations,2025-01-19T01:00:01.339Z,true,0.86,2314.01,2314.8729160000003,258,
18,masterSectors,2025-01-19T01:00:01.339Z,true,1.58,2296.59,2298.1742919999997,1390,
19,allocationsDataResults,2025-01-19T01:00:01.339Z,true,337.42,3836.9,4174.321667,59848,
20,resultsBySector,2025-01-19T01:00:01.339Z,true,70.21,2322.25,2392.4552089999997,857738,
21,resultsByDisability,2025-01-19T01:00:01.339Z,true,150.67,2454.69,2605.3647499999997,734927,
22,resultsByType,2025-01-19T01:00:01.339Z,true,207.93,2394.37,2602.3046249999998,2426573,
23,resultsByBeneficiaryType,2025-01-19T01:00:01.339Z,true,99.67,2341.05,2440.726709,942743,
24,resultsByOrganization,2025-01-19T01:00:01.339Z,true,109.94,2364.6,2474.542083,830457,
25,masterLocations,2025-01-19T01:00:01.339Z,true,33.72,2316.07,2349.79225,681077,
26,masterBeneficiaryType,2025-01-19T01:00:01.339Z,true,2.36,2303.84,2306.199583,602,
27,projectSummaryProgress,2025-01-19T01:00:01.339Z,true,4.39,3832.8,3837.195,665,
28,sectorsData,2025-01-19T01:00:01.339Z,true,5.38,3830.85,3836.2304169999998,259,
29,globalIndicators,2025-01-19T01:00:01.339Z,true,2414.96,7468.47,9883.427125,419336,
30,masterOrganizationsProgress,2025-01-19T01:00:01.339Z,true,1484.89,4080.12,5565.014499999999,1021163,
31,projectStatusMaster,2025-01-19T01:00:01.339Z,true,685.21,3877.7,4562.90725,413701,
32,masterAllocationSource,2025-01-19T01:00:01.339Z,true,8.42,3812.51,3820.9258329999993,54,
33,masterSectorsVo2,2025-01-19T01:00:01.339Z,true,8.4,3822.74,3831.1402500000004,464,
34,masterGlobalIndicators,2025-01-19T01:00:01.339Z,true,1.54,3829.92,3831.4579170000006,50696,
35,masterEmergencies,2025-01-19T01:00:01.339Z,true,4.71,3814.22,3818.928,2278,
36,projectSummary,2025-01-19T01:00:01.339Z,true,0.27,3851.5,3851.768666,183,
37,projectSummaryAggregate,2025-01-19T01:00:01.339Z,true,0.39,4127.04,4127.433625,381,
38,HRPSummary,2025-01-19T01:00:01.339Z,true,6.38,3821.35,3827.7282080000004,15934,
39,emergencySummary,2025-01-19T01:00:01.339Z,true,1121.07,3817.01,4938.075417,557637,
1,masterDonors,2025-01-21T01:00:01.112Z,true,19.77,446.79,466.55954199999996,25932,
2,masterFunds,2025-01-21T01:00:01.112Z,true,25.41,361.57,386.979958,111666,
3,masterRegionalFunds,2025-01-21T01:00:01.112Z,true,6.13,361.24,367.37170799999996,1473,
4,masterAllocationTypes,2025-01-21T01:00:01.112Z,true,2.06,353.07,355.12516700000003,242,
5,launchedAllocationsData,2025-01-21T01:00:01.112Z,true,1463.65,7779.31,9242.960292,657078,
6,contributionsData,2025-01-21T01:00:01.112Z,true,40.63,339.61,380.234625,85021,
7,allocationFlowData,2025-01-21T01:00:01.112Z,true,344.44,4210.89,4555.326333,41933,
8,masterPooledFunds,2025-01-21T01:00:01.112Z,true,0.34,3794.79,3795.1382089999997,1795,
9,masterPartners,2025-01-21T01:00:01.112Z,true,0.45,3989.91,3990.3533750000006,107,
10,masterSubPartners,2025-01-21T01:00:01.112Z,true,0.27,3903.93,3904.2023329999997,483,
11,allocationsData,2025-01-21T01:00:01.112Z,true,1114.41,4009.29,5123.705917,127334,
12,contributionsTotalData,2025-01-21T01:00:01.112Z,true,1806.86,4053.56,5860.416625,236917,
13,targetedPersonsData,2025-01-21T01:00:01.112Z,true,2442.36,4554.52,6996.88175,368593,
14,targetedPersonsDetailsData,2025-01-21T01:00:01.112Z,true,3071.25,4418.96,7490.216459,1932601,
15,dataGam,2025-01-21T01:00:01.112Z,true,1.18,5136.78,5137.960084,29608,
16,masterGam,2025-01-21T01:00:01.112Z,true,0.37,3848.73,3849.100041,947,
17,masterOrganizations,2025-01-21T01:00:01.112Z,true,2.08,2616.93,2619.011084,258,
18,masterSectors,2025-01-21T01:00:01.112Z,true,1.31,2620.31,2621.6195,1390,
19,allocationsDataResults,2025-01-21T01:00:01.112Z,true,343.98,3997.66,4341.635333,59848,
20,resultsBySector,2025-01-21T01:00:01.112Z,true,131.11,2671.12,2802.228833,857738,
21,resultsByDisability,2025-01-21T01:00:01.112Z,true,111.15,2727.36,2838.518291,734927,
22,resultsByType,2025-01-21T01:00:01.112Z,true,182.97,2729.04,2912.0077499999998,2426573,
23,resultsByBeneficiaryType,2025-01-21T01:00:01.112Z,true,73.33,2642.2,2715.527292,942743,
24,resultsByOrganization,2025-01-21T01:00:01.112Z,true,125.52,2691.26,2816.782333,830457,
25,masterLocations,2025-01-21T01:00:01.112Z,true,52.01,2649.23,2701.237292,681077,
26,masterBeneficiaryType,2025-01-21T01:00:01.112Z,true,1.03,2618.63,2619.654208,602,
27,projectSummaryProgress,2025-01-21T01:00:01.112Z,true,0.34,3835.89,3836.231959,665,
28,sectorsData,2025-01-21T01:00:01.112Z,true,0.54,3825.45,3825.9936250000005,259,
29,globalIndicators,2025-01-21T01:00:01.112Z,true,1226.2,7871.74,9097.942417,419353,
30,masterOrganizationsProgress,2025-01-21T01:00:01.112Z,true,1463.72,4456.07,5919.7965,1021958,
31,projectStatusMaster,2025-01-21T01:00:01.112Z,true,340.96,3894.47,4235.4337080000005,413643,
32,masterAllocationSource,2025-01-21T01:00:01.112Z,true,0.29,3968.61,3968.8981249999997,54,
33,masterSectorsVo2,2025-01-21T01:00:01.112Z,true,0.31,3972.19,3972.5012919999995,464,
34,masterGlobalIndicators,2025-01-21T01:00:01.112Z,true,1.27,3822.31,3823.573417,50696,
35,masterEmergencies,2025-01-21T01:00:01.112Z,true,0.44,3809.79,3810.2317909999997,2278,
36,projectSummary,2025-01-21T01:00:01.112Z,true,1.94,3976.22,3978.165333,183,
37,projectSummaryAggregate,2025-01-21T01:00:01.112Z,true,0.24,4315.45,4315.688333,381,
38,HRPSummary,2025-01-21T01:00:01.112Z,true,0.4,4039.79,4040.1966250000005,15934,
39,emergencySummary,2025-01-21T01:00:01.112Z,true,1705.58,3903.54,5609.119167000001,557632,
1,masterDonors,2025-01-24T01:00:00.420Z,true,15.68,433.12,448.803792,25932,
2,masterFunds,2025-01-24T01:00:00.420Z,true,16.93,358.58,375.503958,111666,
3,masterRegionalFunds,2025-01-24T01:00:00.420Z,true,6.9,353.37,360.266708,1473,
4,masterAllocationTypes,2025-01-24T01:00:00.420Z,true,6.99,334.16,341.149625,242,
5,launchedAllocationsData,2025-01-24T01:00:00.420Z,true,1691.82,6049.06,7740.879541,657075,
6,contributionsData,2025-01-24T01:00:00.420Z,true,22.79,344.94,367.72675000000004,85021,
7,allocationFlowData,2025-01-24T01:00:00.420Z,true,1.68,4592.87,4594.543291999999,41934,
8,masterPooledFunds,2025-01-24T01:00:00.420Z,true,1.24,4271.56,4272.796917000001,2095,
9,masterPartners,2025-01-24T01:00:00.420Z,true,5.17,4266.3,4271.463167,107,
10,masterSubPartners,2025-01-24T01:00:00.420Z,true,3.41,4266.4,4269.810459,483,
11,allocationsData,2025-01-24T01:00:00.420Z,true,684.94,4326.31,5011.247125,127171,
12,contributionsTotalData,2025-01-24T01:00:00.420Z,true,1023.76,4507.3,5531.0526660000005,236899,
13,targetedPersonsData,2025-01-24T01:00:00.420Z,true,1809.78,4994.69,6804.467167,368603,
14,targetedPersonsDetailsData,2025-01-24T01:00:00.420Z,true,2795.63,4812.33,7607.960125,1933006,
15,dataGam,2025-01-24T01:00:00.420Z,true,0.89,5671.06,5671.944125,29608,
16,masterGam,2025-01-24T01:00:00.420Z,true,0.49,4294.76,4295.24725,947,
17,masterOrganizations,2025-01-24T01:00:00.420Z,true,1.21,3115.91,3117.110917,258,
18,masterSectors,2025-01-24T01:00:00.420Z,true,1.04,3128.27,3129.3055000000004,1390,
19,allocationsDataResults,2025-01-24T01:00:00.420Z,true,338.17,4288.12,4626.2875,59798,
20,resultsBySector,2025-01-24T01:00:00.420Z,true,40.17,3130.08,3170.250375,857738,
21,resultsByDisability,2025-01-24T01:00:00.420Z,true,111.33,3165.47,3276.8034580000003,734927,
22,resultsByType,2025-01-24T01:00:00.420Z,true,125.92,3264.81,3390.7305420000002,2426573,
23,resultsByBeneficiaryType,2025-01-24T01:00:00.420Z,true,131.16,3181.21,3312.367792,942743,
24,resultsByOrganization,2025-01-24T01:00:00.420Z,true,109.91,3168.58,3278.489625,830457,
25,masterLocations,2025-01-24T01:00:00.420Z,true,103.52,3161.6,3265.1175000000003,681077,
26,masterBeneficiaryType,2025-01-24T01:00:00.420Z,true,2.38,3098.13,3100.515583,602,
27,projectSummaryProgress,2025-01-24T01:00:00.420Z,true,0.24,4355.24,4355.480875,665,
28,sectorsData,2025-01-24T01:00:00.420Z,true,0.58,4351.3,4351.874459,259,
29,globalIndicators,2025-01-24T01:00:00.420Z,true,1339.01,12901.27,14240.276875000001,419640,
30,masterOrganizationsProgress,2025-01-24T01:00:00.420Z,true,3138.53,5077.4,8215.930167,1022653,
31,projectStatusMaster,2025-01-24T01:00:00.420Z,true,686.8,4419.14,5105.94075,414491,
32,masterAllocationSource,2025-01-24T01:00:00.420Z,true,0.86,4330.29,4331.15325,54,
33,masterSectorsVo2,2025-01-24T01:00:00.420Z,true,0.33,4286.24,4286.566083,464,
34,masterGlobalIndicators,2025-01-24T01:00:00.420Z,true,1.93,4359.09,4361.028166,50696,
35,masterEmergencies,2025-01-24T01:00:00.420Z,true,1.69,4344.37,4346.0647500000005,2278,
36,projectSummary,2025-01-24T01:00:00.420Z,true,2.41,4325.69,4328.102167,183,
37,projectSummaryAggregate,2025-01-24T01:00:00.420Z,true,0.24,4352.76,4353.000583,381,
38,HRPSummary,2025-01-24T01:00:00.420Z,true,0.39,4469.6,4469.993041,15934,
39,emergencySummary,2025-01-24T01:00:00.420Z,true,1342.89,4370.32,5713.208457999999,558099,
1,masterDonors,2025-01-25T01:00:00.972Z,true,18.88,446.85,465.72658300000006,25932,
2,masterFunds,2025-01-25T01:00:00.972Z,true,39.24,338.76,377.998792,111666,
3,masterRegionalFunds,2025-01-25T01:00:00.972Z,true,6.32,358.36,364.676375,1473,
4,masterAllocationTypes,2025-01-25T01:00:00.972Z,true,1.4,341.88,343.277333,242,
5,launchedAllocationsData,2025-01-25T01:00:00.972Z,true,1521.67,6395.49,7917.156916,657082,
6,contributionsData,2025-01-25T01:00:00.972Z,true,28.86,342.97,371.8354589999999,85021,
7,allocationFlowData,2025-01-25T01:00:00.972Z,true,1.52,4335.15,4336.6653750000005,41935,
8,masterPooledFunds,2025-01-25T01:00:00.972Z,true,3.97,4206.73,4210.706792,2095,
9,masterPartners,2025-01-25T01:00:00.972Z,true,0.28,3771.84,3772.118792,107,
10,masterSubPartners,2025-01-25T01:00:00.972Z,true,1.82,3734.73,3736.551833,483,
11,allocationsData,2025-01-25T01:00:00.972Z,true,683.65,3734.75,4418.403917,127253,
12,contributionsTotalData,2025-01-25T01:00:00.972Z,true,1326.23,4226.02,5552.247667000001,236909,
13,targetedPersonsData,2025-01-25T01:00:00.972Z,true,2742.73,4481.03,7223.763875,368670,
14,targetedPersonsDetailsData,2025-01-25T01:00:00.972Z,true,2331.39,4246.22,6577.619292,1933161,
15,dataGam,2025-01-25T01:00:00.972Z,true,1.15,5396.6,5397.750084,29608,
16,masterGam,2025-01-25T01:00:00.972Z,true,0.31,3812.74,3813.054417,947,
17,masterOrganizations,2025-01-25T01:00:00.972Z,true,1.1,2559.75,2560.858,258,
18,masterSectors,2025-01-25T01:00:00.972Z,true,2.45,2551.08,2553.529,1390,
19,allocationsDataResults,2025-01-25T01:00:00.972Z,true,337.64,4207.4,4545.0403750000005,59831,
20,resultsBySector,2025-01-25T01:00:00.972Z,true,71.51,2576.9,2648.408875,857738,
21,resultsByDisability,2025-01-25T01:00:00.972Z,true,105.34,2649.1,2754.438708,734927,
22,resultsByType,2025-01-25T01:00:00.972Z,true,164.89,2675.18,2840.0717910000003,2426573,
23,resultsByBeneficiaryType,2025-01-25T01:00:00.972Z,true,129.49,2588.99,2718.4796659999997,942743,
24,resultsByOrganization,2025-01-25T01:00:00.972Z,true,87.55,2576.6,2664.153625,830457,
25,masterLocations,2025-01-25T01:00:00.972Z,true,67.32,2687.66,2754.975458,681077,
26,masterBeneficiaryType,2025-01-25T01:00:00.972Z,true,1.65,2614.17,2615.823625,602,
27,projectSummaryProgress,2025-01-25T01:00:00.972Z,true,2.33,4180.01,4182.33975,665,
28,sectorsData,2025-01-25T01:00:00.972Z,true,0.28,3913.26,3913.534583,259,
29,globalIndicators,2025-01-25T01:00:00.972Z,true,1339.79,7809,9148.785958,419920,
30,masterOrganizationsProgress,2025-01-25T01:00:00.972Z,true,1469.82,4219.37,5689.196666,1022873,
31,projectStatusMaster,2025-01-25T01:00:00.972Z,true,334.22,4215.14,4549.3595829999995,454345,
32,masterAllocationSource,2025-01-25T01:00:00.972Z,true,2.4,4190.32,4192.7140420000005,54,
33,masterSectorsVo2,2025-01-25T01:00:00.972Z,true,0.25,4208.38,4208.627125,464,
34,masterGlobalIndicators,2025-01-25T01:00:00.972Z,true,1.05,4175.94,4176.989291,50696,
35,masterEmergencies,2025-01-25T01:00:00.972Z,true,0.57,4190.42,4190.9915,2278,
36,projectSummary,2025-01-25T01:00:00.972Z,true,0.28,4238.25,4238.534000000001,183,
37,projectSummaryAggregate,2025-01-25T01:00:00.972Z,true,0.55,4211.84,4212.387708,381,
38,HRPSummary,2025-01-25T01:00:00.972Z,true,0.42,4316.93,4317.3462500000005,15934,
39,emergencySummary,2025-01-25T01:00:00.972Z,true,2338.67,4198.5,6537.169208,558283,
1,masterDonors,2025-01-26T01:00:01.377Z,true,8.81,402.86,411.677042,25932,
2,masterFunds,2025-01-26T01:00:01.377Z,true,21.15,328.72,349.86695799999995,111666,
3,masterRegionalFunds,2025-01-26T01:00:01.377Z,true,8.16,329.84,337.99554099999995,1473,
4,masterAllocationTypes,2025-01-26T01:00:01.377Z,true,6.71,315.77,322.474125,242,
5,launchedAllocationsData,2025-01-26T01:00:01.377Z,true,1686.25,6607.95,8294.197458,657082,
6,contributionsData,2025-01-26T01:00:01.377Z,true,15.6,328.82,344.42020800000006,85021,
7,allocationFlowData,2025-01-26T01:00:01.377Z,true,337.31,5166.34,5503.655584,41961,
8,masterPooledFunds,2025-01-26T01:00:01.377Z,true,0.54,3861.84,3862.384209,2095,
9,masterPartners,2025-01-26T01:00:01.377Z,true,0.32,3868.16,3868.4798749999995,107,
10,masterSubPartners,2025-01-26T01:00:01.377Z,true,0.34,4903.15,4903.494000000001,483,
11,allocationsData,2025-01-26T01:00:01.377Z,true,778.9,3877.68,4656.581166,127255,
12,contributionsTotalData,2025-01-26T01:00:01.377Z,true,1113.24,4084.48,5197.725167,236915,
13,targetedPersonsData,2025-01-26T01:00:01.377Z,true,1895,4654.99,6549.991833,368759,
14,targetedPersonsDetailsData,2025-01-26T01:00:01.377Z,true,2466.34,4850.35,7316.681916,1933383,
15,dataGam,2025-01-26T01:00:01.377Z,true,1.47,5135.31,5136.786333,29655,
16,masterGam,2025-01-26T01:00:01.377Z,true,1.77,3877.64,3879.4107919999997,947,
17,masterOrganizations,2025-01-26T01:00:01.377Z,true,3.86,2655.55,2659.411334,258,
18,masterSectors,2025-01-26T01:00:01.377Z,true,1.35,2657,2658.3500830000003,1390,
19,allocationsDataResults,2025-01-26T01:00:01.377Z,true,339.09,3985.78,4324.867375,59833,
20,resultsBySector,2025-01-26T01:00:01.377Z,true,123.76,2679.79,2803.557667,857738,
21,resultsByDisability,2025-01-26T01:00:01.377Z,true,130.26,2692.05,2822.3082919999997,734927,
22,resultsByType,2025-01-26T01:00:01.377Z,true,142.73,2787.9,2930.630792,2426573,
23,resultsByBeneficiaryType,2025-01-26T01:00:01.377Z,true,130.14,2717.71,2847.8484580000004,942743,
24,resultsByOrganization,2025-01-26T01:00:01.377Z,true,86.46,2670.2,2756.651667,830457,
25,masterLocations,2025-01-26T01:00:01.377Z,true,24.27,2665.42,2689.69575,681077,
26,masterBeneficiaryType,2025-01-26T01:00:01.377Z,true,3.14,2662.16,2665.2993749999996,602,
27,projectSummaryProgress,2025-01-26T01:00:01.377Z,true,2.07,3982.82,3984.8941670000004,1277,
28,sectorsData,2025-01-26T01:00:01.377Z,true,0.36,4757.68,4758.041708000001,461,
29,globalIndicators,2025-01-26T01:00:01.377Z,true,1334.08,9308.46,10642.538084,420128,
30,masterOrganizationsProgress,2025-01-26T01:00:01.377Z,true,1914.62,4975.31,6889.935208,1022866,
31,projectStatusMaster,2025-01-26T01:00:01.377Z,true,670.56,4244.88,4915.443334,454425,
32,masterAllocationSource,2025-01-26T01:00:01.377Z,true,0.38,3864.08,3864.465958,54,
33,masterSectorsVo2,2025-01-26T01:00:01.377Z,true,3.49,3975.99,3979.478833,464,
34,masterGlobalIndicators,2025-01-26T01:00:01.377Z,true,1.51,4011.82,4013.326167,50696,
35,masterEmergencies,2025-01-26T01:00:01.377Z,true,0.36,4051.17,4051.530209,2278,
36,projectSummary,2025-01-26T01:00:01.377Z,true,0.6,3977.19,3977.791792,1015,
37,projectSummaryAggregate,2025-01-26T01:00:01.377Z,true,1.43,3981.85,3983.273292,657,
38,HRPSummary,2025-01-26T01:00:01.377Z,true,1.24,4047.88,4049.1162500000005,15934,
39,emergencySummary,2025-01-26T01:00:01.377Z,true,1531.71,4124.15,5655.856,559266,
1,masterDonors,2025-01-28T01:00:00.797Z,true,21.34,415.78,437.120542,25932,
2,masterFunds,2025-01-28T01:00:00.797Z,true,34.85,329.06,363.90808300000003,111666,
3,masterRegionalFunds,2025-01-28T01:00:00.797Z,true,8.87,343.36,352.227791,1473,
4,masterAllocationTypes,2025-01-28T01:00:00.797Z,true,2.1,338.02,340.112125,242,
5,launchedAllocationsData,2025-01-28T01:00:00.797Z,true,1357,8768.89,10125.897125,657081,
6,contributionsData,2025-01-28T01:00:00.797Z,true,12.41,344.98,357.388,85021,
7,allocationFlowData,2025-01-28T01:00:00.797Z,true,1.86,3706.89,3708.746792,41961,
8,masterPooledFunds,2025-01-28T01:00:00.797Z,true,0.7,3438.51,3439.214958,2095,
9,masterPartners,2025-01-28T01:00:00.797Z,true,2.26,3435.65,3437.907625,107,
10,masterSubPartners,2025-01-28T01:00:00.797Z,true,0.41,3475.06,3475.466417,483,
11,allocationsData,2025-01-28T01:00:00.797Z,true,1012.11,3508.92,4521.036042,127255,
12,contributionsTotalData,2025-01-28T01:00:00.797Z,true,1332.75,3590.7,4923.454292,236915,
13,targetedPersonsData,2025-01-28T01:00:00.797Z,true,2034.05,4535.46,6569.511875,368763,
14,targetedPersonsDetailsData,2025-01-28T01:00:00.797Z,true,2382.2,3899.17,6281.3746249999995,1933432,
15,dataGam,2025-01-28T01:00:00.797Z,true,1.53,6083.6,6085.1355,29655,
16,masterGam,2025-01-28T01:00:00.797Z,true,0.35,3462.56,3462.9107919999997,947,
17,masterOrganizations,2025-01-28T01:00:00.797Z,true,1.48,2298.05,2299.528666,258,
18,masterSectors,2025-01-28T01:00:00.797Z,true,4.41,2317.8,2322.214333,1390,
19,allocationsDataResults,2025-01-28T01:00:00.797Z,true,693,3490.05,4183.042584,59833,
20,resultsBySector,2025-01-28T01:00:00.797Z,true,102.7,2383,2485.695166,857738,
21,resultsByDisability,2025-01-28T01:00:00.797Z,true,72.01,2341.83,2413.8384579999997,734927,
22,resultsByType,2025-01-28T01:00:00.797Z,true,113.71,2475.89,2589.602125,2426573,
23,resultsByBeneficiaryType,2025-01-28T01:00:00.797Z,true,91.79,2365.1,2456.888917,942743,
24,resultsByOrganization,2025-01-28T01:00:00.797Z,true,43.99,2318.19,2362.174541,830457,
25,masterLocations,2025-01-28T01:00:00.797Z,true,52.14,2440.18,2492.318875,681077,
26,masterBeneficiaryType,2025-01-28T01:00:00.797Z,true,1.65,2310.89,2312.54,602,
27,projectSummaryProgress,2025-01-28T01:00:00.797Z,true,0.32,3496.64,3496.959375,1277,
28,sectorsData,2025-01-28T01:00:00.797Z,true,3.57,3476.77,3480.339542,461,
29,globalIndicators,2025-01-28T01:00:00.797Z,true,1347.96,7565.3,8913.255583,420160,
30,masterOrganizationsProgress,2025-01-28T01:00:00.797Z,true,1684.8,3717.1,5401.903917,1022910,
31,projectStatusMaster,2025-01-28T01:00:00.797Z,true,997.14,3538.58,4535.722084,454365,
32,masterAllocationSource,2025-01-28T01:00:00.797Z,true,1.87,3475.29,3477.156042,54,
33,masterSectorsVo2,2025-01-28T01:00:00.797Z,true,0.35,3462.09,3462.442375,464,
34,masterGlobalIndicators,2025-01-28T01:00:00.797Z,true,1.99,3482.39,3484.3723330000003,50696,
35,masterEmergencies,2025-01-28T01:00:00.797Z,true,0.56,3520.06,3520.621584,2278,
36,projectSummary,2025-01-28T01:00:00.797Z,true,0.5,3607.5,3607.995833,1015,
37,projectSummaryAggregate,2025-01-28T01:00:00.797Z,true,2.42,3516.27,3518.689792,657,
38,HRPSummary,2025-01-28T01:00:00.797Z,true,0.28,3544.71,3544.985167,15934,
39,emergencySummary,2025-01-28T01:00:00.797Z,true,2005.91,3691.92,5697.831,559229,
1,masterDonors,2025-01-29T01:00:01.202Z,true,34.61,414.07,448.6725,25932,
2,masterFunds,2025-01-29T01:00:01.202Z,true,28.95,345.34,374.297334,111666,
3,masterRegionalFunds,2025-01-29T01:00:01.202Z,true,12.01,357.04,369.045291,1473,
4,masterAllocationTypes,2025-01-29T01:00:01.202Z,true,2.04,346.55,348.58975,242,
5,launchedAllocationsData,2025-01-29T01:00:01.202Z,true,1335.84,6839.43,8175.273374999999,659774,
6,contributionsData,2025-01-29T01:00:01.202Z,true,27.04,339.91,366.94904199999996,85021,
7,allocationFlowData,2025-01-29T01:00:01.202Z,true,1.24,3669.47,3670.709625,41961,
8,masterPooledFunds,2025-01-29T01:00:01.202Z,true,0.36,3415.58,3415.935291,2095,
9,masterPartners,2025-01-29T01:00:01.202Z,true,1.25,3391.62,3392.870083,107,
10,masterSubPartners,2025-01-29T01:00:01.202Z,true,0.39,3390.73,3391.1177500000003,483,
11,allocationsData,2025-01-29T01:00:01.202Z,true,1015.55,3422.6,4438.143916,127393,
12,contributionsTotalData,2025-01-29T01:00:01.202Z,true,1096.42,3475.84,4572.259875,237009,
13,targetedPersonsData,2025-01-29T01:00:01.202Z,true,1679.87,4069.1,5748.978416,368771,
14,targetedPersonsDetailsData,2025-01-29T01:00:01.202Z,true,2443.47,3814.93,6258.401083,1933556,
15,dataGam,2025-01-29T01:00:01.202Z,true,0.75,4685.51,4686.256042,29655,
16,masterGam,2025-01-29T01:00:01.202Z,true,0.35,3391.33,3391.673458,947,
17,masterOrganizations,2025-01-29T01:00:01.202Z,true,2.5,2370.95,2373.448125,258,
18,masterSectors,2025-01-29T01:00:01.202Z,true,1.57,2269.45,2271.014667,1390,
19,allocationsDataResults,2025-01-29T01:00:01.202Z,true,334.76,3427.73,3762.493583,59891,
20,resultsBySector,2025-01-29T01:00:01.202Z,true,131.08,2321.93,2453.0045,857738,
21,resultsByDisability,2025-01-29T01:00:01.202Z,true,107.31,2307.11,2414.426791,734927,
22,resultsByType,2025-01-29T01:00:01.202Z,true,187.97,2362.84,2550.807167,2426573,
23,resultsByBeneficiaryType,2025-01-29T01:00:01.202Z,true,132.56,2335.5,2468.052917,942743,
24,resultsByOrganization,2025-01-29T01:00:01.202Z,true,65.11,2297.64,2362.754417,830457,
25,masterLocations,2025-01-29T01:00:01.202Z,true,16.11,2278.73,2294.847208,681077,
26,masterBeneficiaryType,2025-01-29T01:00:01.202Z,true,0.86,2265.09,2265.943334,602,
27,projectSummaryProgress,2025-01-29T01:00:01.202Z,true,0.24,3490.41,3490.6425839999997,1277,
28,sectorsData,2025-01-29T01:00:01.202Z,true,0.75,3865.07,3865.822417,461,
29,globalIndicators,2025-01-29T01:00:01.202Z,true,1694.57,8756.89,10451.453083,420209,
30,masterOrganizationsProgress,2025-01-29T01:00:01.202Z,true,1472.72,3737.19,5209.908083,1023304,
31,projectStatusMaster,2025-01-29T01:00:01.202Z,true,678.46,4027.64,4706.106500000001,454485,
32,masterAllocationSource,2025-01-29T01:00:01.202Z,true,0.53,3401.77,3402.2957920000003,54,
33,masterSectorsVo2,2025-01-29T01:00:01.202Z,true,0.41,3395.45,3395.866167,464,
34,masterGlobalIndicators,2025-01-29T01:00:01.202Z,true,1.31,3429.77,3431.0789999999997,54905,
35,masterEmergencies,2025-01-29T01:00:01.202Z,true,0.81,3448.19,3448.99325,2278,
36,projectSummary,2025-01-29T01:00:01.202Z,true,0.17,3401.66,3401.831542,1015,
37,projectSummaryAggregate,2025-01-29T01:00:01.202Z,true,0.23,3455.3,3455.5245,657,
38,HRPSummary,2025-01-29T01:00:01.202Z,true,0.38,3513.47,3513.846125,15934,
39,emergencySummary,2025-01-29T01:00:01.202Z,true,1226.33,3521.82,4748.154292,559235,
1,masterDonors,2025-01-31T01:00:00.629Z,true,13.33,455.79,469.12704099999996,25932,
2,masterFunds,2025-01-31T01:00:00.629Z,true,27.32,358.9,386.2265000000001,111666,
3,masterRegionalFunds,2025-01-31T01:00:00.629Z,true,18.48,339.23,357.7083329999999,1473,
4,masterAllocationTypes,2025-01-31T01:00:00.629Z,true,1.97,345.2,347.16537500000004,242,
5,launchedAllocationsData,2025-01-31T01:00:00.629Z,true,1796.03,8253.66,10049.692167000001,659783,
6,contributionsData,2025-01-31T01:00:00.629Z,true,32.61,346.21,378.8262500000001,85199,
7,allocationFlowData,2025-01-31T01:00:00.629Z,true,337.34,5413.29,5750.631333,42041,
8,masterPooledFunds,2025-01-31T01:00:00.629Z,true,2.11,5076.5,5078.614208000001,2095,
9,masterPartners,2025-01-31T01:00:00.629Z,true,0.43,5076.86,5077.286833,107,
10,masterSubPartners,2025-01-31T01:00:00.629Z,true,0.22,5109.12,5109.334542,483,
11,allocationsData,2025-01-31T01:00:00.629Z,true,1011.84,5091.61,6103.447125,127362,
12,contributionsTotalData,2025-01-31T01:00:00.629Z,true,1111.76,4181.86,5293.625791,237001,
13,targetedPersonsData,2025-01-31T01:00:00.629Z,true,2350.01,5766.79,8116.7965,369102,
14,targetedPersonsDetailsData,2025-01-31T01:00:00.629Z,true,8832.85,5519.54,14352.391334,1934368,
15,dataGam,2025-01-31T01:00:00.629Z,true,340.63,6472.21,6812.84275,29702,
16,masterGam,2025-01-31T01:00:00.629Z,true,0.28,5087.98,5088.258958,947,
17,masterOrganizations,2025-01-31T01:00:00.629Z,true,2.27,2911.15,2913.415625,258,
18,masterSectors,2025-01-31T01:00:00.629Z,true,1.24,2930.51,2931.750458,1390,
19,allocationsDataResults,2025-01-31T01:00:00.629Z,true,439.51,5096.13,5535.640541,59862,
20,resultsBySector,2025-01-31T01:00:00.629Z,true,88.97,3032.52,3121.492042,857738,
21,resultsByDisability,2025-01-31T01:00:00.629Z,true,106.45,2977.97,3084.42225,734927,
22,resultsByType,2025-01-31T01:00:00.629Z,true,128.56,3076.39,3204.957292,2426573,
23,resultsByBeneficiaryType,2025-01-31T01:00:00.629Z,true,101.47,2950.26,3051.736625,942743,
24,resultsByOrganization,2025-01-31T01:00:00.629Z,true,69.38,2945.46,3014.8354580000005,830457,
25,masterLocations,2025-01-31T01:00:00.629Z,true,34.34,2934.76,2969.092666,681077,
26,masterBeneficiaryType,2025-01-31T01:00:00.629Z,true,1.05,2921.61,2922.6556250000003,602,
27,projectSummaryProgress,2025-01-31T01:00:00.629Z,true,3.44,4121.47,4124.9088329999995,1277,
28,sectorsData,2025-01-31T01:00:00.629Z,true,0.29,5123.43,5123.7245,461,
29,globalIndicators,2025-01-31T01:00:00.629Z,true,1374.56,8109.67,9484.221459,420891,
30,masterOrganizationsProgress,2025-01-31T01:00:00.629Z,true,5920.58,5825.59,11746.171792,1023855,
31,projectStatusMaster,2025-01-31T01:00:00.629Z,true,446,4184.75,4630.7450420000005,454321,
32,masterAllocationSource,2025-01-31T01:00:00.629Z,true,0.4,4073.96,4074.3632910000006,54,
33,masterSectorsVo2,2025-01-31T01:00:00.629Z,true,0.25,4075.66,4075.9079169999995,464,
34,masterGlobalIndicators,2025-01-31T01:00:00.629Z,true,4.15,4086.19,4090.344,54905,
35,masterEmergencies,2025-01-31T01:00:00.629Z,true,0.74,4115.86,4116.603209,2278,
36,projectSummary,2025-01-31T01:00:00.629Z,true,0.35,4087.74,4088.0926659999996,1015,
37,projectSummaryAggregate,2025-01-31T01:00:00.629Z,true,7.29,4106.72,4114.014875,657,
38,HRPSummary,2025-01-31T01:00:00.629Z,true,0.32,4187.06,4187.374583000001,15934,
39,emergencySummary,2025-01-31T01:00:00.629Z,true,1455.81,4152.44,5608.25075,560917,
1,masterDonors,2025-02-01T01:00:00.515Z,true,21.09,429.33,450.41754099999997,25932,
2,masterFunds,2025-02-01T01:00:00.515Z,true,32.44,338.19,370.63137500000005,111666,
3,masterRegionalFunds,2025-02-01T01:00:00.515Z,true,6.79,347.1,353.895583,1473,
4,masterAllocationTypes,2025-02-01T01:00:00.515Z,true,2.19,346.78,348.960458,242,
5,launchedAllocationsData,2025-02-01T01:00:00.515Z,true,1346.95,8974.23,10321.176917,659783,
6,contributionsData,2025-02-01T01:00:00.515Z,true,14.44,350.55,364.98849999999993,85199,
7,allocationFlowData,2025-02-01T01:00:00.515Z,true,3.43,4510.4,4513.829,42041,
8,masterPooledFunds,2025-02-01T01:00:00.515Z,true,0.35,4247.55,4247.900041,2095,
9,masterPartners,2025-02-01T01:00:00.515Z,true,7.71,4500.75,4508.454458,107,
10,masterSubPartners,2025-02-01T01:00:00.515Z,true,0.22,4343.91,4344.132708,483,
11,allocationsData,2025-02-01T01:00:00.515Z,true,670.87,4336.65,5007.524458,127362,
12,contributionsTotalData,2025-02-01T01:00:00.515Z,true,2010.99,4495.19,6506.177124999999,236832,
13,targetedPersonsData,2025-02-01T01:00:00.515Z,true,1566.18,4924.99,6491.171249999999,369102,
14,targetedPersonsDetailsData,2025-02-01T01:00:00.515Z,true,2373.34,4708.18,7081.518209,1934368,
15,dataGam,2025-02-01T01:00:00.515Z,true,1.04,5565.95,5566.988,29702,
16,masterGam,2025-02-01T01:00:00.515Z,true,6.09,4486.08,4492.1735,947,
17,masterOrganizations,2025-02-01T01:00:00.515Z,true,0.68,3055.08,3055.758833,258,
18,masterSectors,2025-02-01T01:00:00.515Z,true,1.99,3032.2,3034.1860420000003,1390,
19,allocationsDataResults,2025-02-01T01:00:00.515Z,true,338.67,4484.18,4822.851708,59862,
20,resultsBySector,2025-02-01T01:00:00.515Z,true,104.7,3081.67,3186.375542,857738,
21,resultsByDisability,2025-02-01T01:00:00.515Z,true,116.39,3105.74,3222.123709,734927,
22,resultsByType,2025-02-01T01:00:00.515Z,true,196.85,3140.71,3337.5537910000003,2426573,
23,resultsByBeneficiaryType,2025-02-01T01:00:00.515Z,true,117.49,3173.85,3291.33325,942743,
24,resultsByOrganization,2025-02-01T01:00:00.515Z,true,59.03,3067.48,3126.5096670000003,830457,
25,masterLocations,2025-02-01T01:00:00.515Z,true,68.38,3127.49,3195.867208,681077,
26,masterBeneficiaryType,2025-02-01T01:00:00.515Z,true,1.03,3042.23,3043.263916,602,
27,projectSummaryProgress,2025-02-01T01:00:00.515Z,true,7.24,4471.85,4479.084834,1277,
28,sectorsData,2025-02-01T01:00:00.515Z,true,5.14,4481.1,4486.243417,461,
29,globalIndicators,2025-02-01T01:00:00.515Z,true,1687.51,8296.09,9983.601417,420891,
30,masterOrganizationsProgress,2025-02-01T01:00:00.515Z,true,1474.27,4998.57,6472.836875,1023855,
31,projectStatusMaster,2025-02-01T01:00:00.515Z,true,773.62,4477.14,5250.759042,454396,
32,masterAllocationSource,2025-02-01T01:00:00.515Z,true,0.73,4652.98,4653.709291,54,
33,masterSectorsVo2,2025-02-01T01:00:00.515Z,true,6.63,4471.98,4478.612375000001,464,
34,masterGlobalIndicators,2025-02-01T01:00:00.515Z,true,7.17,4471.88,4479.050542,54905,
35,masterEmergencies,2025-02-01T01:00:00.515Z,true,6.64,4468.48,4475.117459,2278,
36,projectSummary,2025-02-01T01:00:00.515Z,true,4.95,4462.59,4467.539041999999,1015,
37,projectSummaryAggregate,2025-02-01T01:00:00.515Z,true,0.98,4473.92,4474.898708,657,
38,HRPSummary,2025-02-01T01:00:00.515Z,true,4.03,4469.28,4473.3153330000005,15934,
39,emergencySummary,2025-02-01T01:00:00.515Z,true,1461.43,4555.84,6017.275958,561399,
1,masterDonors,2025-02-03T01:00:00.709Z,true,20.82,408.39,429.21183400000007,25932,
2,masterFunds,2025-02-03T01:00:00.709Z,true,18.43,342.11,360.53937499999995,111666,
3,masterRegionalFunds,2025-02-03T01:00:00.709Z,true,10.5,337.98,348.484708,1473,
4,masterAllocationTypes,2025-02-03T01:00:00.709Z,true,1.62,340.69,342.308625,242,
5,launchedAllocationsData,2025-02-03T01:00:00.709Z,true,1362.27,10199.94,11562.20775,659783,
6,contributionsData,2025-02-03T01:00:00.709Z,true,14.38,339.49,353.870417,85199,
7,allocationFlowData,2025-02-03T01:00:00.709Z,true,1,5478.12,5479.120666,42041,
8,masterPooledFunds,2025-02-03T01:00:00.709Z,true,0.44,5290.94,5291.386875,2095,
9,masterPartners,2025-02-03T01:00:00.709Z,true,0.35,5275.15,5275.500084,107,
10,masterSubPartners,2025-02-03T01:00:00.709Z,true,0.55,5260.68,5261.230917,483,
11,allocationsData,2025-02-03T01:00:00.709Z,true,1019.21,5321.03,6340.248291000001,127362,
12,contributionsTotalData,2025-02-03T01:00:00.709Z,true,1115.74,5357.59,6473.3305,236832,
13,targetedPersonsData,2025-02-03T01:00:00.709Z,true,2144.49,5941.53,8086.013667,369102,
14,targetedPersonsDetailsData,2025-02-03T01:00:00.709Z,true,9163.12,5901.92,15065.031750000002,1934368,
15,dataGam,2025-02-03T01:00:00.709Z,true,0.79,6570.55,6571.342916,29702,
16,masterGam,2025-02-03T01:00:00.709Z,true,0.47,5301.72,5302.19375,947,
17,masterOrganizations,2025-02-03T01:00:00.709Z,true,5.97,4044.23,4050.1905,258,
18,masterSectors,2025-02-03T01:00:00.709Z,true,1.77,4071.57,4073.3385409999996,1390,
19,allocationsDataResults,2025-02-03T01:00:00.709Z,true,339.42,5302.39,5641.805875,59862,
20,resultsBySector,2025-02-03T01:00:00.709Z,true,119.2,4151.65,4270.850708,857738,
21,resultsByDisability,2025-02-03T01:00:00.709Z,true,59.68,4079.62,4139.290333000001,734927,
22,resultsByType,2025-02-03T01:00:00.709Z,true,188.72,4155.8,4344.519042,2426573,
23,resultsByBeneficiaryType,2025-02-03T01:00:00.709Z,true,117.68,4122.17,4239.845792,942743,
24,resultsByOrganization,2025-02-03T01:00:00.709Z,true,114.07,4088.73,4202.79975,830457,
25,masterLocations,2025-02-03T01:00:00.709Z,true,44.45,4077.95,4122.396959,681077,
26,masterBeneficiaryType,2025-02-03T01:00:00.709Z,true,1.58,4081.12,4082.701333,602,
27,projectSummaryProgress,2025-02-03T01:00:00.709Z,true,0.18,5417.96,5418.1383749999995,1277,
28,sectorsData,2025-02-03T01:00:00.709Z,true,0.4,5692.15,5692.552625,461,
29,globalIndicators,2025-02-03T01:00:00.709Z,true,2014.27,9520.67,11534.937542000001,420891,
30,masterOrganizationsProgress,2025-02-03T01:00:00.709Z,true,1556.7,5610.62,7167.326083999999,1023855,
31,projectStatusMaster,2025-02-03T01:00:00.709Z,true,682.28,5417.17,6099.457333,454362,
32,masterAllocationSource,2025-02-03T01:00:00.709Z,true,0.85,5298.77,5299.6119579999995,54,
33,masterSectorsVo2,2025-02-03T01:00:00.709Z,true,0.34,5294.86,5295.205375,464,
34,masterGlobalIndicators,2025-02-03T01:00:00.709Z,true,2.62,5379.81,5382.426792,54905,
35,masterEmergencies,2025-02-03T01:00:00.709Z,true,0.36,5381.22,5381.584792,2278,
36,projectSummary,2025-02-03T01:00:00.709Z,true,0.49,5312.7,5313.185624999999,1015,
37,projectSummaryAggregate,2025-02-03T01:00:00.709Z,true,0.25,5338.85,5339.099875,657,
38,HRPSummary,2025-02-03T01:00:00.709Z,true,0.48,5393.35,5393.832458999999,15934,
39,emergencySummary,2025-02-03T01:00:00.709Z,true,1463.51,5642.26,7105.768375000001,561600,
1,masterDonors,2025-02-05T01:00:00.630Z,true,23.46,411.81,435.27700000000004,25932,
2,masterFunds,2025-02-05T01:00:00.630Z,true,19.47,351.62,371.092959,111666,
3,masterRegionalFunds,2025-02-05T01:00:00.630Z,true,10.74,343.54,354.279,1473,
4,masterAllocationTypes,2025-02-05T01:00:00.630Z,true,1.72,343.58,345.30204200000003,242,
5,launchedAllocationsData,2025-02-05T01:00:00.630Z,true,1343.44,8321.1,9664.537875,659783,
6,contributionsData,2025-02-05T01:00:00.630Z,true,17.56,347.07,364.627,85232,
7,allocationFlowData,2025-02-05T01:00:00.630Z,true,1.22,5554.05,5555.2766249999995,42041,
8,masterPooledFunds,2025-02-05T01:00:00.630Z,true,1.79,4915.31,4917.1005000000005,2095,
9,masterPartners,2025-02-05T01:00:00.630Z,true,0.35,5016.05,5016.401334,107,
10,masterSubPartners,2025-02-05T01:00:00.630Z,true,0.25,4914.14,4914.385375,483,
11,allocationsData,2025-02-05T01:00:00.630Z,true,680.36,5051.71,5732.076333000001,127362,
12,contributionsTotalData,2025-02-05T01:00:00.630Z,true,1376.46,5134.79,6511.246042000001,236824,
13,targetedPersonsData,2025-02-05T01:00:00.630Z,true,1806.75,5621.14,7427.894708,369102,
14,targetedPersonsDetailsData,2025-02-05T01:00:00.630Z,true,2394.4,5370.48,7764.877417000001,1934368,
15,dataGam,2025-02-05T01:00:00.630Z,true,1.02,6043.88,6044.906084,29702,
16,masterGam,2025-02-05T01:00:00.630Z,true,0.28,4950.42,4950.694542,947,
17,masterOrganizations,2025-02-05T01:00:00.630Z,true,1.36,3866.93,3868.293125,258,
18,masterSectors,2025-02-05T01:00:00.630Z,true,1.29,3676.47,3677.761542,1390,
19,allocationsDataResults,2025-02-05T01:00:00.630Z,true,339.44,5016.8,5356.238291000001,59862,
20,resultsBySector,2025-02-05T01:00:00.630Z,true,142.78,3734.65,3877.42475,857738,
21,resultsByDisability,2025-02-05T01:00:00.630Z,true,103.64,3696.63,3800.2700000000004,734927,
22,resultsByType,2025-02-05T01:00:00.630Z,true,142.02,3840.44,3982.467542,2426573,
23,resultsByBeneficiaryType,2025-02-05T01:00:00.630Z,true,128.56,3692.23,3820.793125,942743,
24,resultsByOrganization,2025-02-05T01:00:00.630Z,true,142.45,3697.8,3840.2475000000004,830457,
25,masterLocations,2025-02-05T01:00:00.630Z,true,74.58,3710.32,3784.90075,681077,
26,masterBeneficiaryType,2025-02-05T01:00:00.630Z,true,1.6,3700.23,3701.8323750000004,602,
27,projectSummaryProgress,2025-02-05T01:00:00.630Z,true,0.27,4912.15,4912.417415999999,1277,
28,sectorsData,2025-02-05T01:00:00.630Z,true,0.32,4967.23,4967.549667,461,
29,globalIndicators,2025-02-05T01:00:00.630Z,true,1373.74,11097.28,12471.020499999999,420891,
30,masterOrganizationsProgress,2025-02-05T01:00:00.630Z,true,1466.15,5474.92,6941.07375,1023855,
31,projectStatusMaster,2025-02-05T01:00:00.630Z,true,1026.3,5029.39,6055.690208,454293,
32,masterAllocationSource,2025-02-05T01:00:00.630Z,true,0.22,4981.53,4981.7444160000005,54,
33,masterSectorsVo2,2025-02-05T01:00:00.630Z,true,0.32,5029.9,5030.2125,464,
34,masterGlobalIndicators,2025-02-05T01:00:00.630Z,true,1.79,4984.97,4986.758457999999,54905,
35,masterEmergencies,2025-02-05T01:00:00.630Z,true,0.2,4965.76,4965.958791,2278,
36,projectSummary,2025-02-05T01:00:00.630Z,true,1.55,5021.21,5022.757584,1015,
37,projectSummaryAggregate,2025-02-05T01:00:00.630Z,true,0.23,5046.9,5047.130375000001,657,
38,HRPSummary,2025-02-05T01:00:00.630Z,true,0.34,5020.92,5021.2654170000005,15934,
39,emergencySummary,2025-02-05T01:00:00.630Z,true,1369.95,5029.8,6399.7519170000005,562228,
1,masterDonors,2025-02-06T01:00:01.123Z,true,6.23,406.14,412.37058300000007,25932,
2,masterFunds,2025-02-06T01:00:01.123Z,true,4.25,340.57,344.82429199999996,111666,
3,masterRegionalFunds,2025-02-06T01:00:01.123Z,true,4.32,331.98,336.29449999999997,1473,
4,masterAllocationTypes,2025-02-06T01:00:01.123Z,true,0.66,335.54,336.197625,242,
5,launchedAllocationsData,2025-02-06T01:00:01.123Z,true,1377.64,9442,10819.639166,661543,
6,contributionsData,2025-02-06T01:00:01.123Z,true,21.52,317.68,339.20787499999994,85232,
7,allocationFlowData,2025-02-06T01:00:01.123Z,true,1.15,4006.62,4007.7643330000005,42073,
8,masterPooledFunds,2025-02-06T01:00:01.123Z,true,0.67,3812.35,3813.020834,2095,
9,masterPartners,2025-02-06T01:00:01.123Z,true,0.26,3766.6,3766.8577920000002,107,
10,masterSubPartners,2025-02-06T01:00:01.123Z,true,0.55,3761.03,3761.5809999999997,483,
11,allocationsData,2025-02-06T01:00:01.123Z,true,783.33,3792.89,4576.224,127551,
12,contributionsTotalData,2025-02-06T01:00:01.123Z,true,1453.19,3879.56,5332.747665999999,236822,
13,targetedPersonsData,2025-02-06T01:00:01.123Z,true,1706.98,5137.77,6844.751625,369328,
14,targetedPersonsDetailsData,2025-02-06T01:00:01.123Z,true,2667.43,4200.8,6868.23075,1935720,
15,dataGam,2025-02-06T01:00:01.123Z,true,0.79,5010.14,5010.92375,29708,
16,masterGam,2025-02-06T01:00:01.123Z,true,1.23,3771.21,3772.445542,947,
17,masterOrganizations,2025-02-06T01:00:01.123Z,true,0.97,2587.83,2588.794208,258,
18,masterSectors,2025-02-06T01:00:01.123Z,true,1.7,2567.13,2568.828084,1390,
19,allocationsDataResults,2025-02-06T01:00:01.123Z,true,342.83,3817.76,4160.594917,59964,
20,resultsBySector,2025-02-06T01:00:01.123Z,true,111.98,2662.97,2774.9494170000003,857738,
21,resultsByDisability,2025-02-06T01:00:01.123Z,true,115.58,2622.92,2738.496334,734927,
22,resultsByType,2025-02-06T01:00:01.123Z,true,153.41,2707.28,2860.691291,2426573,
23,resultsByBeneficiaryType,2025-02-06T01:00:01.123Z,true,93.79,2599.09,2692.880917,942743,
24,resultsByOrganization,2025-02-06T01:00:01.123Z,true,65.31,2596.07,2661.387167,830457,
25,masterLocations,2025-02-06T01:00:01.123Z,true,67.17,2698.36,2765.524333,681077,
26,masterBeneficiaryType,2025-02-06T01:00:01.123Z,true,3.24,2576.73,2579.974292,602,
27,projectSummaryProgress,2025-02-06T01:00:01.123Z,true,0.26,3761.54,3761.7989580000003,1277,
28,sectorsData,2025-02-06T01:00:01.123Z,true,0.2,3831.38,3831.5827500000005,461,
29,globalIndicators,2025-02-06T01:00:01.123Z,true,1678.97,10424.42,12103.393290999998,421905,
30,masterOrganizationsProgress,2025-02-06T01:00:01.123Z,true,1473.73,4109.75,5583.488458999999,1026480,
31,projectStatusMaster,2025-02-06T01:00:01.123Z,true,683.91,3936.06,4619.963583000001,454386,
32,masterAllocationSource,2025-02-06T01:00:01.123Z,true,0.33,3764.62,3764.942458,54,
33,masterSectorsVo2,2025-02-06T01:00:01.123Z,true,2.14,3767.89,3770.035708,464,
34,masterGlobalIndicators,2025-02-06T01:00:01.123Z,true,0.86,3768.84,3769.693958,54905,
35,masterEmergencies,2025-02-06T01:00:01.123Z,true,0.3,3836.29,3836.5837089999995,2278,
36,projectSummary,2025-02-06T01:00:01.123Z,true,0.53,3800.39,3800.9274170000003,1015,
37,projectSummaryAggregate,2025-02-06T01:00:01.123Z,true,0.27,3815.03,3815.2910420000003,657,
38,HRPSummary,2025-02-06T01:00:01.123Z,true,0.33,3854.03,3854.351583,15934,
39,emergencySummary,2025-02-06T01:00:01.123Z,true,1359.99,3887.75,5247.747417,561850,
1,masterDonors,2025-02-07T01:00:01.303Z,true,2.98,424.53,427.51,25932,
2,masterFunds,2025-02-07T01:00:01.303Z,true,14.54,342.56,357.09150000000005,111666,
3,masterRegionalFunds,2025-02-07T01:00:01.303Z,true,17.94,333.21,351.154042,1473,
4,masterAllocationTypes,2025-02-07T01:00:01.303Z,true,1.67,345.03,346.6995840000001,242,
5,launchedAllocationsData,2025-02-07T01:00:01.303Z,true,1359.85,8220.63,9580.478792,662731,
6,contributionsData,2025-02-07T01:00:01.303Z,true,11.63,338.88,350.51866700000005,85232,
7,allocationFlowData,2025-02-07T01:00:01.303Z,true,1.12,3929.1,3930.2277910000003,42073,
8,masterPooledFunds,2025-02-07T01:00:01.303Z,true,0.34,3711.92,3712.2518330000003,2095,
9,masterPartners,2025-02-07T01:00:01.303Z,true,0.39,3699.16,3699.555166,107,
10,masterSubPartners,2025-02-07T01:00:01.303Z,true,0.42,4738.67,4739.0990409999995,483,
11,allocationsData,2025-02-07T01:00:01.303Z,true,1996.93,4736.54,6733.46975,127868,
12,contributionsTotalData,2025-02-07T01:00:01.303Z,true,1793.48,3818.51,5611.994042,236818,
13,targetedPersonsData,2025-02-07T01:00:01.303Z,true,1364.92,5042.87,6407.786333,369342,
14,targetedPersonsDetailsData,2025-02-07T01:00:01.303Z,true,2344.56,4134.27,6478.824041,1935826,
15,dataGam,2025-02-07T01:00:01.303Z,true,1.32,4940.35,4941.666709,29708,
16,masterGam,2025-02-07T01:00:01.303Z,true,2.18,4728.91,4731.0905840000005,947,
17,masterOrganizations,2025-02-07T01:00:01.303Z,true,2.5,2542.61,2545.109833,258,
18,masterSectors,2025-02-07T01:00:01.303Z,true,1.42,2573.72,2575.143541,1390,
19,allocationsDataResults,2025-02-07T01:00:01.303Z,true,335.32,3806.27,4141.585458,60107,
20,resultsBySector,2025-02-07T01:00:01.303Z,true,123.55,2614.42,2737.973292,857738,
21,resultsByDisability,2025-02-07T01:00:01.303Z,true,31.95,2574.54,2606.490208,734927,
22,resultsByType,2025-02-07T01:00:01.303Z,true,159.09,2682.52,2841.613708,2426573,
23,resultsByBeneficiaryType,2025-02-07T01:00:01.303Z,true,115.55,2605.75,2721.294333,942743,
24,resultsByOrganization,2025-02-07T01:00:01.303Z,true,110.73,2608.26,2718.983875,830457,
25,masterLocations,2025-02-07T01:00:01.303Z,true,41.06,2730.94,2771.995792,681077,
26,masterBeneficiaryType,2025-02-07T01:00:01.303Z,true,6.61,2676.02,2682.633916,602,
27,projectSummaryProgress,2025-02-07T01:00:01.303Z,true,0.34,3823.7,3824.036333,1277,
28,sectorsData,2025-02-07T01:00:01.303Z,true,0.44,3784.34,3784.7788750000004,461,
29,globalIndicators,2025-02-07T01:00:01.303Z,true,1333.7,7577.72,8911.4245,421977,
30,masterOrganizationsProgress,2025-02-07T01:00:01.303Z,true,1341.22,4317.56,5658.781459,1027613,
31,projectStatusMaster,2025-02-07T01:00:01.303Z,true,771.26,3801.91,4573.163458000001,454346,
32,masterAllocationSource,2025-02-07T01:00:01.303Z,true,0.24,3718.19,3718.426834,54,
33,masterSectorsVo2,2025-02-07T01:00:01.303Z,true,3.5,3798.67,3802.171208,464,
34,masterGlobalIndicators,2025-02-07T01:00:01.303Z,true,7.34,3794.73,3802.0680419999994,54905,
35,masterEmergencies,2025-02-07T01:00:01.303Z,true,2.56,3798.41,3800.9692919999998,2278,
36,projectSummary,2025-02-07T01:00:01.303Z,true,2.99,3791.09,3794.0817920000004,1015,
37,projectSummaryAggregate,2025-02-07T01:00:01.303Z,true,0.22,3809.02,3809.2336670000004,657,
38,HRPSummary,2025-02-07T01:00:01.303Z,true,1.21,3813.06,3814.268167,15934,
39,emergencySummary,2025-02-07T01:00:01.303Z,true,1330.35,3795.67,5126.028583,561849,
1,masterDonors,2025-02-13T01:00:01.194Z,true,8.62,396.57,405.188834,25932,
2,masterFunds,2025-02-13T01:00:01.194Z,true,3.95,346.56,350.50683300000003,111666,
3,masterRegionalFunds,2025-02-13T01:00:01.194Z,true,1.56,330.44,332.005167,1473,
4,masterAllocationTypes,2025-02-13T01:00:01.194Z,true,6.78,317.51,324.28562500000004,242,
5,launchedAllocationsData,2025-02-13T01:00:01.194Z,true,3405.35,10628.97,14034.318084,663901,
6,contributionsData,2025-02-13T01:00:01.194Z,true,15.83,329.23,345.05845800000003,85232,
7,allocationFlowData,2025-02-13T01:00:01.194Z,true,344.45,4713.36,5057.809833,42075,
8,masterPooledFunds,2025-02-13T01:00:01.194Z,true,3.12,4512.34,4515.4535829999995,2095,
9,masterPartners,2025-02-13T01:00:01.194Z,true,0.28,4465.46,4465.730958,107,
10,masterSubPartners,2025-02-13T01:00:01.194Z,true,0.45,4456.81,4457.258167,483,
11,allocationsData,2025-02-13T01:00:01.194Z,true,1018.54,4507.38,5525.912666,127870,
12,contributionsTotalData,2025-02-13T01:00:01.194Z,true,1787.77,4545.28,6333.046667,236826,
13,targetedPersonsData,2025-02-13T01:00:01.194Z,true,2373.61,5790.24,8163.850708999999,369570,
14,targetedPersonsDetailsData,2025-02-13T01:00:01.194Z,true,5344.9,3922.83,9267.729791000002,1938329,
15,dataGam,2025-02-13T01:00:01.194Z,true,346.32,5748.72,6095.034209,29708,
16,masterGam,2025-02-13T01:00:01.194Z,true,0.85,4505.55,4506.398875000001,947,
17,masterOrganizations,2025-02-13T01:00:01.194Z,true,2.27,2294.54,2296.814292,258,
18,masterSectors,2025-02-13T01:00:01.194Z,true,1.53,2305.12,2306.65875,1390,
19,allocationsDataResults,2025-02-13T01:00:01.194Z,true,680.48,4509.62,5190.104833,60106,
20,resultsBySector,2025-02-13T01:00:01.194Z,true,129.52,2360.6,2490.115209,857738,
21,resultsByDisability,2025-02-13T01:00:01.194Z,true,38.18,2316.5,2354.677083,734927,
22,resultsByType,2025-02-13T01:00:01.194Z,true,158.26,2428.69,2586.952375,2426573,
23,resultsByBeneficiaryType,2025-02-13T01:00:01.194Z,true,111.85,2348.41,2460.258583,942743,
24,resultsByOrganization,2025-02-13T01:00:01.194Z,true,95.42,2342.74,2438.157833,830457,
25,masterLocations,2025-02-13T01:00:01.194Z,true,91.56,2391.45,2483.0144999999998,681077,
26,masterBeneficiaryType,2025-02-13T01:00:01.194Z,true,4.93,2309.34,2314.2678339999998,602,
27,projectSummaryProgress,2025-02-13T01:00:01.194Z,true,4.21,3523.34,3527.557,1277,
28,sectorsData,2025-02-13T01:00:01.194Z,true,1.92,4494.27,4496.187458,461,
29,globalIndicators,2025-02-13T01:00:01.194Z,true,1356.1,7598.01,8954.109457999999,426080,
30,masterOrganizationsProgress,2025-02-13T01:00:01.194Z,true,1452.67,3737.5,5190.168291,1032235,
31,projectStatusMaster,2025-02-13T01:00:01.194Z,true,684.22,3559.55,4243.775250000001,454448,
32,masterAllocationSource,2025-02-13T01:00:01.194Z,true,0.49,3534,3534.499708,54,
33,masterSectorsVo2,2025-02-13T01:00:01.194Z,true,2.84,3530.67,3533.511375,464,
34,masterGlobalIndicators,2025-02-13T01:00:01.194Z,true,1.92,3521.68,3523.596459,54905,
35,masterEmergencies,2025-02-13T01:00:01.194Z,true,2.52,3520,3522.518667,2278,
36,projectSummary,2025-02-13T01:00:01.194Z,true,1.45,3530.6,3532.0547079999997,1011,
37,projectSummaryAggregate,2025-02-13T01:00:01.194Z,true,0.4,3602.19,3602.5867080000003,657,
38,HRPSummary,2025-02-13T01:00:01.194Z,true,0.51,3613.78,3614.289667,15934,
39,emergencySummary,2025-02-13T01:00:01.194Z,true,1693.97,3553.32,5247.28975,565829,
1,masterDonors,2025-02-14T01:00:00.525Z,true,7.15,394.3,401.45658299999997,25932,
2,masterFunds,2025-02-14T01:00:00.525Z,true,13.76,324.22,337.98249999999996,111666,
3,masterRegionalFunds,2025-02-14T01:00:00.525Z,true,14.29,314.66,328.95354199999997,1473,
4,masterAllocationTypes,2025-02-14T01:00:00.525Z,true,1.12,318.55,319.661667,242,
5,launchedAllocationsData,2025-02-14T01:00:00.525Z,true,3099.54,7040.65,10140.191917,663902,
6,contributionsData,2025-02-14T01:00:00.525Z,true,4.14,349.33,353.46608299999997,85232,
7,allocationFlowData,2025-02-14T01:00:00.525Z,true,2.5,4823.24,4825.736125,42075,
8,masterPooledFunds,2025-02-14T01:00:00.525Z,true,0.35,4710.68,4711.030958,2095,
9,masterPartners,2025-02-14T01:00:00.525Z,true,1.45,4708.43,4709.883125,107,
10,masterSubPartners,2025-02-14T01:00:00.525Z,true,0.22,4724.87,4725.092833,483,
11,allocationsData,2025-02-14T01:00:00.525Z,true,679.03,4808.23,5487.254417,127968,
12,contributionsTotalData,2025-02-14T01:00:00.525Z,true,1711.29,4815.47,6526.7642080000005,236818,
13,targetedPersonsData,2025-02-14T01:00:00.525Z,true,3765.13,5304.85,9069.979125000002,369572,
14,targetedPersonsDetailsData,2025-02-14T01:00:00.525Z,true,3074.29,5501.52,8575.806375,1938701,
15,dataGam,2025-02-14T01:00:00.525Z,true,1.08,5680.01,5681.088084,29708,
16,masterGam,2025-02-14T01:00:00.525Z,true,5.82,4802.82,4808.644834000001,947,
17,masterOrganizations,2025-02-14T01:00:00.525Z,true,1.38,3350.34,3351.717167,258,
18,masterSectors,2025-02-14T01:00:00.525Z,true,0.9,3356.42,3357.327042,1390,
19,allocationsDataResults,2025-02-14T01:00:00.525Z,true,341.98,4809.45,5151.430542,60153,
20,resultsBySector,2025-02-14T01:00:00.525Z,true,103.76,3415.54,3519.296708,857738,
21,resultsByDisability,2025-02-14T01:00:00.525Z,true,66.2,3384.94,3451.138542,734927,
22,resultsByType,2025-02-14T01:00:00.525Z,true,168.12,3474.35,3642.4723329999997,2426573,
23,resultsByBeneficiaryType,2025-02-14T01:00:00.525Z,true,108.62,3482.49,3591.1085000000003,942743,
24,resultsByOrganization,2025-02-14T01:00:00.525Z,true,99.86,3393.36,3493.215625,830457,
25,masterLocations,2025-02-14T01:00:00.525Z,true,22.46,3371.45,3393.9137920000003,681077,
26,masterBeneficiaryType,2025-02-14T01:00:00.525Z,true,0.74,3359.55,3360.288708,602,
27,projectSummaryProgress,2025-02-14T01:00:00.525Z,true,5.03,4792.55,4797.5872500000005,1277,
28,sectorsData,2025-02-14T01:00:00.525Z,true,6.5,4793.82,4800.31525,461,
29,globalIndicators,2025-02-14T01:00:00.525Z,true,1376.65,8519.85,9896.49525,427954,
30,masterOrganizationsProgress,2025-02-14T01:00:00.525Z,true,3415.11,4923.12,8338.226208,1032994,
31,projectStatusMaster,2025-02-14T01:00:00.525Z,true,676.92,4796.26,5473.176083,454274,
32,masterAllocationSource,2025-02-14T01:00:00.525Z,true,7.26,4789.47,4796.729625,54,
33,masterSectorsVo2,2025-02-14T01:00:00.525Z,true,5.82,4790.26,4796.08375,464,
34,masterGlobalIndicators,2025-02-14T01:00:00.525Z,true,5.78,4791.3,4797.071416000001,54905,
35,masterEmergencies,2025-02-14T01:00:00.525Z,true,3.61,4791.03,4794.639084,2278,
36,projectSummary,2025-02-14T01:00:00.525Z,true,1.03,4809.7,4810.739125,1011,
37,projectSummaryAggregate,2025-02-14T01:00:00.525Z,true,4.82,4787,4791.82725,657,
38,HRPSummary,2025-02-14T01:00:00.525Z,true,0.27,4808.74,4809.004542,15934,
39,emergencySummary,2025-02-14T01:00:00.525Z,true,1813.54,4834.18,6647.720667,566443,
1,masterDonors,2025-02-15T01:00:00.499Z,true,7.25,421.48,428.73024999999996,25932,
2,masterFunds,2025-02-15T01:00:00.499Z,true,13.9,339.51,353.41700000000003,111666,
3,masterRegionalFunds,2025-02-15T01:00:00.499Z,true,4.75,343.36,348.10416599999996,1473,
4,masterAllocationTypes,2025-02-15T01:00:00.499Z,true,7.81,323.66,331.47475000000003,242,
5,launchedAllocationsData,2025-02-15T01:00:00.499Z,true,2713.29,8327.44,11040.730333,665673,
6,contributionsData,2025-02-15T01:00:00.499Z,true,7.04,339.58,346.625,85232,
7,allocationFlowData,2025-02-15T01:00:00.499Z,true,1.24,4365.2,4366.436667,42076,
8,masterPooledFunds,2025-02-15T01:00:00.499Z,true,104.63,4177.43,4282.060625,2095,
9,masterPartners,2025-02-15T01:00:00.499Z,true,96.64,4184.35,4280.985375,107,
10,masterSubPartners,2025-02-15T01:00:00.499Z,true,0.42,4532.6,4533.022625,483,
11,allocationsData,2025-02-15T01:00:00.499Z,true,567.64,4277.43,4845.0700830000005,127903,
12,contributionsTotalData,2025-02-15T01:00:00.499Z,true,1130.67,4288.6,5419.2684580000005,236818,
13,targetedPersonsData,2025-02-15T01:00:00.499Z,true,2119.81,4794.72,6914.528333,369573,
14,targetedPersonsDetailsData,2025-02-15T01:00:00.499Z,true,2568.65,4573.7,7142.350082999999,1939316,
15,dataGam,2025-02-15T01:00:00.499Z,true,1.38,5585.58,5586.959125,29708,
16,masterGam,2025-02-15T01:00:00.499Z,true,83.84,4187.47,4271.3175,947,
17,masterOrganizations,2025-02-15T01:00:00.499Z,true,1.85,2974.22,2976.068708,258,
18,masterSectors,2025-02-15T01:00:00.499Z,true,1.08,2987.95,2989.024875,1390,
19,allocationsDataResults,2025-02-15T01:00:00.499Z,true,331.03,4270.77,4601.792874999999,60127,
20,resultsBySector,2025-02-15T01:00:00.499Z,true,57.96,3013.78,3071.737,857738,
21,resultsByDisability,2025-02-15T01:00:00.499Z,true,82.1,3031.02,3113.1198750000003,734927,
22,resultsByType,2025-02-15T01:00:00.499Z,true,188.84,3092.29,3281.131667,2426573,
23,resultsByBeneficiaryType,2025-02-15T01:00:00.499Z,true,116.27,3082.03,3198.297042,942743,
24,resultsByOrganization,2025-02-15T01:00:00.499Z,true,100.66,3074.75,3175.406667,830457,
25,masterLocations,2025-02-15T01:00:00.499Z,true,61.74,3062.44,3124.180458,681077,
26,masterBeneficiaryType,2025-02-15T01:00:00.499Z,true,8.45,3057.78,3066.224542,602,
27,projectSummaryProgress,2025-02-15T01:00:00.499Z,true,5.07,4284.9,4289.969875,1277,
28,sectorsData,2025-02-15T01:00:00.499Z,true,9.23,4262.48,4271.712208000001,461,
29,globalIndicators,2025-02-15T01:00:00.499Z,true,2024.76,8144.01,10168.765791,431048,
30,masterOrganizationsProgress,2025-02-15T01:00:00.499Z,true,1709.48,4515.26,6224.744041999999,1033126,
31,projectStatusMaster,2025-02-15T01:00:00.499Z,true,663.61,4266,4929.6039169999995,454400,
32,masterAllocationSource,2025-02-15T01:00:00.499Z,true,7.84,4259.6,4267.448834000001,54,
33,masterSectorsVo2,2025-02-15T01:00:00.499Z,true,6.71,4260.11,4266.815583,464,
34,masterGlobalIndicators,2025-02-15T01:00:00.499Z,true,5.44,4261.17,4266.61575,54905,
35,masterEmergencies,2025-02-15T01:00:00.499Z,true,2.07,4279.98,4282.051958,2278,
36,projectSummary,2025-02-15T01:00:00.499Z,true,5.59,4258.78,4264.369166,1011,
37,projectSummaryAggregate,2025-02-15T01:00:00.499Z,true,12.95,4249.9,4262.848542,657,
38,HRPSummary,2025-02-15T01:00:00.499Z,true,0.32,4389.3,4389.614792,15934,
39,emergencySummary,2025-02-15T01:00:00.499Z,true,1789.9,4260.23,6050.125834,567692,
1,masterDonors,2025-02-16T01:00:00.762Z,true,11.6,416.75,428.357917,25932,
2,masterFunds,2025-02-16T01:00:00.762Z,true,10.62,346.44,357.060541,111666,
3,masterRegionalFunds,2025-02-16T01:00:00.762Z,true,2.06,349.86,351.92495799999995,1473,
4,masterAllocationTypes,2025-02-16T01:00:00.762Z,true,5.9,330.71,336.61083400000007,242,
5,launchedAllocationsData,2025-02-16T01:00:00.762Z,true,1356,8633.22,9989.22375,665799,
6,contributionsData,2025-02-16T01:00:00.762Z,true,8.73,342.35,351.07883300000003,85232,
7,allocationFlowData,2025-02-16T01:00:00.762Z,true,1.22,4537.9,4539.119791,42076,
8,masterPooledFunds,2025-02-16T01:00:00.762Z,true,0.39,4127.81,4128.198834,2095,
9,masterPartners,2025-02-16T01:00:00.762Z,true,0.59,4386.25,4386.84125,107,
10,masterSubPartners,2025-02-16T01:00:00.762Z,true,0.52,4015.64,4016.1568749999997,483,
11,allocationsData,2025-02-16T01:00:00.762Z,true,1004.09,4230.23,5234.314666,127878,
12,contributionsTotalData,2025-02-16T01:00:00.762Z,true,1342.22,4301.2,5643.4231660000005,236826,
13,targetedPersonsData,2025-02-16T01:00:00.762Z,true,1688.56,4721.88,6410.44175,369577,
14,targetedPersonsDetailsData,2025-02-16T01:00:00.762Z,true,2380.28,4471.57,6851.853083,1940023,
15,dataGam,2025-02-16T01:00:00.762Z,true,0.77,5237.05,5237.818708999999,29760,
16,masterGam,2025-02-16T01:00:00.762Z,true,5.51,4297.38,4302.891709,947,
17,masterOrganizations,2025-02-16T01:00:00.762Z,true,1.36,2873.87,2875.2267920000004,258,
18,masterSectors,2025-02-16T01:00:00.762Z,true,5.38,2868.3,2873.680291,1390,
19,allocationsDataResults,2025-02-16T01:00:00.762Z,true,337.48,4286.87,4624.349749999999,60109,
20,resultsBySector,2025-02-16T01:00:00.762Z,true,114.62,2939.22,3053.834458,857738,
21,resultsByDisability,2025-02-16T01:00:00.762Z,true,112.01,2963.32,3075.330834,734927,
22,resultsByType,2025-02-16T01:00:00.762Z,true,183.68,2986.05,3169.728709,2426573,
23,resultsByBeneficiaryType,2025-02-16T01:00:00.762Z,true,126.07,2964.15,3090.22375,942743,
24,resultsByOrganization,2025-02-16T01:00:00.762Z,true,62.09,2903.73,2965.818333,830457,
25,masterLocations,2025-02-16T01:00:00.762Z,true,41.54,2906.2,2947.741875,681077,
26,masterBeneficiaryType,2025-02-16T01:00:00.762Z,true,0.81,2874.32,2875.132333,602,
27,projectSummaryProgress,2025-02-16T01:00:00.762Z,true,4.24,4286.89,4291.133584,1277,
28,sectorsData,2025-02-16T01:00:00.762Z,true,1.93,4286.22,4288.15175,461,
29,globalIndicators,2025-02-16T01:00:00.762Z,true,1450.73,10798.18,12248.902957999999,432112,
30,masterOrganizationsProgress,2025-02-16T01:00:00.762Z,true,1799.35,4497.56,6296.91175,1033380,
31,projectStatusMaster,2025-02-16T01:00:00.762Z,true,1029.45,4373.12,5402.57575,454347,
32,masterAllocationSource,2025-02-16T01:00:00.762Z,true,1.9,4291.02,4292.926334,54,
33,masterSectorsVo2,2025-02-16T01:00:00.762Z,true,2.92,4289.32,4292.240792,464,
34,masterGlobalIndicators,2025-02-16T01:00:00.762Z,true,4.03,4279.78,4283.808709,54905,
35,masterEmergencies,2025-02-16T01:00:00.762Z,true,7.44,4273.49,4280.934208,2278,
36,projectSummary,2025-02-16T01:00:00.762Z,true,0.91,4289.55,4290.4555,1011,
37,projectSummaryAggregate,2025-02-16T01:00:00.762Z,true,0.36,4588.95,4589.318833,657,
38,HRPSummary,2025-02-16T01:00:00.762Z,true,2.04,4351.91,4353.9545,15934,
39,emergencySummary,2025-02-16T01:00:00.762Z,true,2118.88,4278.75,6397.62525,568918,
1,masterDonors,2025-02-17T01:00:00.917Z,true,12.8,420.77,433.57270900000003,25932,
2,masterFunds,2025-02-17T01:00:00.917Z,true,11.91,352.07,363.9802910000001,111666,
3,masterRegionalFunds,2025-02-17T01:00:00.917Z,true,6.5,351.76,358.26037499999995,1473,
4,masterAllocationTypes,2025-02-17T01:00:00.917Z,true,1.73,337.83,339.56137499999994,242,
5,launchedAllocationsData,2025-02-17T01:00:00.917Z,true,1329.35,8762.82,10092.173332999999,665799,
6,contributionsData,2025-02-17T01:00:00.917Z,true,34.08,323.98,358.05433300000004,85232,
7,allocationFlowData,2025-02-17T01:00:00.917Z,true,2.09,3724.8,3726.8962909999996,42076,
8,masterPooledFunds,2025-02-17T01:00:00.917Z,true,1.92,3473.41,3475.325625,2095,
9,masterPartners,2025-02-17T01:00:00.917Z,true,0.53,3453.72,3454.246542,107,
10,masterSubPartners,2025-02-17T01:00:00.917Z,true,0.28,3460.28,3460.5605,483,
11,allocationsData,2025-02-17T01:00:00.917Z,true,1362.54,3492.29,4854.832791,127878,
12,contributionsTotalData,2025-02-17T01:00:00.917Z,true,1122.79,3608.69,4731.485875,236818,
13,targetedPersonsData,2025-02-17T01:00:00.917Z,true,2220.78,4159.87,6380.641958,369577,
14,targetedPersonsDetailsData,2025-02-17T01:00:00.917Z,true,3396.72,3974.55,7371.2654999999995,1940035,
15,dataGam,2025-02-17T01:00:00.917Z,true,0.96,4710.7,4711.6678329999995,29760,
16,masterGam,2025-02-17T01:00:00.917Z,true,0.59,3464.24,3464.82475,947,
17,masterOrganizations,2025-02-17T01:00:00.917Z,true,1.26,2283.35,2284.611416,258,
18,masterSectors,2025-02-17T01:00:00.917Z,true,2,2278.79,2280.7945830000003,1390,
19,allocationsDataResults,2025-02-17T01:00:00.917Z,true,343.45,3480.46,3823.9120420000004,60109,
20,resultsBySector,2025-02-17T01:00:00.917Z,true,139.72,2349.73,2489.458833,857738,
21,resultsByDisability,2025-02-17T01:00:00.917Z,true,89.29,2318.32,2407.609959,734927,
22,resultsByType,2025-02-17T01:00:00.917Z,true,140.42,2440.2,2580.6221670000004,2426573,
23,resultsByBeneficiaryType,2025-02-17T01:00:00.917Z,true,122.07,2322.76,2444.825917,942743,
24,resultsByOrganization,2025-02-17T01:00:00.917Z,true,146.02,2334.24,2480.262875,830457,
25,masterLocations,2025-02-17T01:00:00.917Z,true,35.91,2310.79,2346.692708,681077,
26,masterBeneficiaryType,2025-02-17T01:00:00.917Z,true,0.8,2289.14,2289.9388339999996,602,
27,projectSummaryProgress,2025-02-17T01:00:00.917Z,true,0.24,3585.6,3585.8399999999997,1277,
28,sectorsData,2025-02-17T01:00:00.917Z,true,0.39,4321.56,4321.950917,461,
29,globalIndicators,2025-02-17T01:00:00.917Z,true,1574.98,8757.12,10332.095167,432132,
30,masterOrganizationsProgress,2025-02-17T01:00:00.917Z,true,1713.67,4058.89,5772.558875,1033414,
31,projectStatusMaster,2025-02-17T01:00:00.917Z,true,685.62,3640.21,4325.826167,454417,
32,masterAllocationSource,2025-02-17T01:00:00.917Z,true,0.17,3468.01,3468.183333,54,
33,masterSectorsVo2,2025-02-17T01:00:00.917Z,true,2.18,3463.4,3465.582708,464,
34,masterGlobalIndicators,2025-02-17T01:00:00.917Z,true,1.59,3491.9,3493.4855420000004,54905,
35,masterEmergencies,2025-02-17T01:00:00.917Z,true,0.69,3519.08,3519.773875,2278,
36,projectSummary,2025-02-17T01:00:00.917Z,true,0.39,3522.42,3522.806875,1011,
37,projectSummaryAggregate,2025-02-17T01:00:00.917Z,true,0.28,3494.73,3495.008833,657,
38,HRPSummary,2025-02-17T01:00:00.917Z,true,0.26,3553.8,3554.055375,15934,
39,emergencySummary,2025-02-17T01:00:00.917Z,true,1112.52,3589.28,4701.800458,568903,
1,masterDonors,2025-02-19T01:00:01.067Z,true,11.74,443.82,455.557916,25932,
2,masterFunds,2025-02-19T01:00:01.067Z,true,4.46,350.93,355.39812500000005,111666,
3,masterRegionalFunds,2025-02-19T01:00:01.067Z,true,16.45,331.33,347.782875,1473,
4,masterAllocationTypes,2025-02-19T01:00:01.067Z,true,1.83,339.65,341.48033399999997,242,
5,launchedAllocationsData,2025-02-19T01:00:01.067Z,true,1342.94,11108.49,12451.434667000001,665813,
6,contributionsData,2025-02-19T01:00:01.067Z,true,9.12,340.24,349.366041,85232,
7,allocationFlowData,2025-02-19T01:00:01.067Z,true,0.93,3887.1,3888.0251249999997,42076,
8,masterPooledFunds,2025-02-19T01:00:01.067Z,true,0.25,3591.6,3591.858042,2095,
9,masterPartners,2025-02-19T01:00:01.067Z,true,1.96,3558.17,3560.125708,107,
10,masterSubPartners,2025-02-19T01:00:01.067Z,true,0.21,3524.71,3524.910583,483,
11,allocationsData,2025-02-19T01:00:01.067Z,true,1118.49,3603.97,4722.454458,128731,
12,contributionsTotalData,2025-02-19T01:00:01.067Z,true,2126.16,3750.71,5876.874959000001,236909,
13,targetedPersonsData,2025-02-19T01:00:01.067Z,true,1682.86,5045.57,6728.432459,369589,
14,targetedPersonsDetailsData,2025-02-19T01:00:01.067Z,true,3833.77,4008.05,7841.822375000001,1940182,
15,dataGam,2025-02-19T01:00:01.067Z,true,1.33,4933.11,4934.438417,29761,
16,masterGam,2025-02-19T01:00:01.067Z,true,0.5,3548.58,3549.084375,947,
17,masterOrganizations,2025-02-19T01:00:01.067Z,true,8.38,2326.43,2334.8093329999997,258,
18,masterSectors,2025-02-19T01:00:01.067Z,true,3.86,2329.61,2333.472458,1390,
19,allocationsDataResults,2025-02-19T01:00:01.067Z,true,352.14,3553.62,3905.7616669999998,60503,
20,resultsBySector,2025-02-19T01:00:01.067Z,true,72.56,2360.44,2433.0007499999997,857738,
21,resultsByDisability,2025-02-19T01:00:01.067Z,true,95.01,2370.04,2465.0517090000003,734927,
22,resultsByType,2025-02-19T01:00:01.067Z,true,176.97,2443.47,2620.43975,2426573,
23,resultsByBeneficiaryType,2025-02-19T01:00:01.067Z,true,98.94,2466.85,2565.7912499999998,942743,
24,resultsByOrganization,2025-02-19T01:00:01.067Z,true,87.94,2418.45,2506.3882080000003,830457,
25,masterLocations,2025-02-19T01:00:01.067Z,true,41.06,2359.9,2400.954083,681077,
26,masterBeneficiaryType,2025-02-19T01:00:01.067Z,true,1.34,2328.98,2330.3143330000003,602,
27,projectSummaryProgress,2025-02-19T01:00:01.067Z,true,1.58,3593.47,3595.056166,1277,
28,sectorsData,2025-02-19T01:00:01.067Z,true,0.2,3658.73,3658.9295,461,
29,globalIndicators,2025-02-19T01:00:01.067Z,true,1685.29,7598.66,9283.943667,432113,
30,masterOrganizationsProgress,2025-02-19T01:00:01.067Z,true,1682.87,3830.74,5513.6085,1033985,
31,projectStatusMaster,2025-02-19T01:00:01.067Z,true,679.75,3683.36,4363.114417,454264,
32,masterAllocationSource,2025-02-19T01:00:01.067Z,true,2.03,3554.03,3556.0562499999996,54,
33,masterSectorsVo2,2025-02-19T01:00:01.067Z,true,1.22,3554.04,3555.265875,464,
34,masterGlobalIndicators,2025-02-19T01:00:01.067Z,true,0.8,3559.07,3559.867708,54905,
35,masterEmergencies,2025-02-19T01:00:01.067Z,true,0.37,3553.25,3553.6214170000003,2278,
36,projectSummary,2025-02-19T01:00:01.067Z,true,0.18,3590.01,3590.187,1011,
37,projectSummaryAggregate,2025-02-19T01:00:01.067Z,true,0.85,3585.35,3586.2025830000002,657,
38,HRPSummary,2025-02-19T01:00:01.067Z,true,0.47,3621.6,3622.0670830000004,15934,
39,emergencySummary,2025-02-19T01:00:01.067Z,true,1365,3639.67,5004.670208,568784,
1,masterDonors,2025-02-20T01:00:01.155Z,true,9.51,433.98,443.48379100000005,25932,
2,masterFunds,2025-02-20T01:00:01.155Z,true,20.21,356.06,376.270625,111666,
3,masterRegionalFunds,2025-02-20T01:00:01.155Z,true,4.55,356.61,361.157333,1473,
4,masterAllocationTypes,2025-02-20T01:00:01.155Z,true,5.43,340.76,346.18783299999996,242,
5,launchedAllocationsData,2025-02-20T01:00:01.155Z,true,1356.7,15392.01,16748.71625,665812,
6,contributionsData,2025-02-20T01:00:01.155Z,true,13.12,357.17,370.290167,85232,
7,allocationFlowData,2025-02-20T01:00:01.155Z,true,13.57,4777.67,4791.2387499999995,42076,
8,masterPooledFunds,2025-02-20T01:00:01.155Z,true,0.36,4275.44,4275.795208,2095,
9,masterPartners,2025-02-20T01:00:01.155Z,true,3.78,4777.11,4780.88475,107,
10,masterSubPartners,2025-02-20T01:00:01.155Z,true,0.88,4342.37,4343.247583,483,
11,allocationsData,2025-02-20T01:00:01.155Z,true,1120.89,4783.79,5904.6885,128741,
12,contributionsTotalData,2025-02-20T01:00:01.155Z,true,1671.93,4767.54,6439.468208,236915,
13,targetedPersonsData,2025-02-20T01:00:01.155Z,true,1900.9,5173.01,7073.910166000001,369593,
14,targetedPersonsDetailsData,2025-02-20T01:00:01.155Z,true,2714.64,4770.83,7485.468666999999,1940235,
15,dataGam,2025-02-20T01:00:01.155Z,true,1.7,5676.97,5678.671125,29761,
16,masterGam,2025-02-20T01:00:01.155Z,true,1.92,4332.92,4334.837791,947,
17,masterOrganizations,2025-02-20T01:00:01.155Z,true,1.7,3017.87,3019.567666,258,
18,masterSectors,2025-02-20T01:00:01.155Z,true,3.86,3013.6,3017.462875,1390,
19,allocationsDataResults,2025-02-20T01:00:01.155Z,true,333.1,4548.93,4882.034500000001,60509,
20,resultsBySector,2025-02-20T01:00:01.155Z,true,68.17,3032.91,3101.081458,857738,
21,resultsByDisability,2025-02-20T01:00:01.155Z,true,116.65,3066.72,3183.3707910000003,734927,
22,resultsByType,2025-02-20T01:00:01.155Z,true,158.57,3133.69,3292.2697500000004,2426573,
23,resultsByBeneficiaryType,2025-02-20T01:00:01.155Z,true,104.48,3107.66,3212.137375,942743,
24,resultsByOrganization,2025-02-20T01:00:01.155Z,true,106.55,3033.08,3139.627333,830457,
25,masterLocations,2025-02-20T01:00:01.155Z,true,71.91,3075.02,3146.928291,681077,
26,masterBeneficiaryType,2025-02-20T01:00:01.155Z,true,7.39,2999.8,3007.19975,602,
27,projectSummaryProgress,2025-02-20T01:00:01.155Z,true,1.61,4746.46,4748.065917,1277,
28,sectorsData,2025-02-20T01:00:01.155Z,true,6.38,4756.34,4762.718458,461,
29,globalIndicators,2025-02-20T01:00:01.155Z,true,1454.61,9023.27,10477.880792,432124,
30,masterOrganizationsProgress,2025-02-20T01:00:01.155Z,true,4063.13,4941.07,9004.197416,1034417,
31,projectStatusMaster,2025-02-20T01:00:01.155Z,true,683.91,4745.99,5429.906166999999,454309,
32,masterAllocationSource,2025-02-20T01:00:01.155Z,true,1.67,4739.41,4741.074250000001,54,
33,masterSectorsVo2,2025-02-20T01:00:01.155Z,true,0.28,4710.85,4711.128417,464,
34,masterGlobalIndicators,2025-02-20T01:00:01.155Z,true,3.84,4738.09,4741.938375,54905,
35,masterEmergencies,2025-02-20T01:00:01.155Z,true,4.6,4746.7,4751.301958,2278,
36,projectSummary,2025-02-20T01:00:01.155Z,true,7.33,4742.32,4749.6572909999995,1011,
37,projectSummaryAggregate,2025-02-20T01:00:01.155Z,true,5.43,4741.89,4747.326834,657,
38,HRPSummary,2025-02-20T01:00:01.155Z,true,8.57,4736.52,4745.092000000001,15934,
39,emergencySummary,2025-02-20T01:00:01.155Z,true,2040.2,4920.3,6960.496708000001,568873,
1,masterDonors,2025-02-22T01:00:00.594Z,true,20.57,402.35,422.92387499999995,25932,
2,masterFunds,2025-02-22T01:00:00.594Z,true,12.85,336.72,349.56649999999996,111666,
3,masterRegionalFunds,2025-02-22T01:00:00.594Z,true,7.26,338.2,345.46183299999996,1473,
4,masterAllocationTypes,2025-02-22T01:00:00.594Z,true,1.88,339.17,341.05204200000003,242,
5,launchedAllocationsData,2025-02-22T01:00:00.594Z,true,1601.53,17323.01,18924.535791000002,665813,
6,contributionsData,2025-02-22T01:00:00.594Z,true,5.5,339.4,344.89975,85232,
7,allocationFlowData,2025-02-22T01:00:00.594Z,true,1.59,5959.71,5961.307083,42077,
8,masterPooledFunds,2025-02-22T01:00:00.594Z,true,0.48,5613.53,5614.014917,2095,
9,masterPartners,2025-02-22T01:00:00.594Z,true,0.31,5597.21,5597.522916,107,
10,masterSubPartners,2025-02-22T01:00:00.594Z,true,1.54,5609.43,5610.974041,483,
11,allocationsData,2025-02-22T01:00:00.594Z,true,1903.88,5632.28,7536.160333,129099,
12,contributionsTotalData,2025-02-22T01:00:00.594Z,true,2535.47,6282.58,8818.045999999998,236913,
13,targetedPersonsData,2025-02-22T01:00:00.594Z,true,2798.39,6613.54,9411.930584,369870,
14,targetedPersonsDetailsData,2025-02-22T01:00:00.594Z,true,4460.92,6053.68,10514.599834,1940988,
15,dataGam,2025-02-22T01:00:00.594Z,true,1.12,7033.7,7034.819875,29761,
16,masterGam,2025-02-22T01:00:00.594Z,true,0.28,5623.28,5623.563666,947,
17,masterOrganizations,2025-02-22T01:00:00.594Z,true,1.13,4024.7,4025.830417,258,
18,masterSectors,2025-02-22T01:00:00.594Z,true,0.77,4026.39,4027.1677499999996,1390,
19,allocationsDataResults,2025-02-22T01:00:00.594Z,true,439.86,5660.05,6099.911792,60661,
20,resultsBySector,2025-02-22T01:00:00.594Z,true,38.89,4066.43,4105.314875,857738,
21,resultsByDisability,2025-02-22T01:00:00.594Z,true,80.61,4102.97,4183.580416,734927,
22,resultsByType,2025-02-22T01:00:00.594Z,true,199.11,4129.31,4328.423083,2426573,
23,resultsByBeneficiaryType,2025-02-22T01:00:00.594Z,true,137.74,4130.91,4268.649082999999,942743,
24,resultsByOrganization,2025-02-22T01:00:00.594Z,true,117.22,4108.84,4226.0617090000005,830457,
25,masterLocations,2025-02-22T01:00:00.594Z,true,62.27,4109.39,4171.66625,681077,
26,masterBeneficiaryType,2025-02-22T01:00:00.594Z,true,1.35,4043.11,4044.4635,602,
27,projectSummaryProgress,2025-02-22T01:00:00.594Z,true,0.25,5624.84,5625.092625,1277,
28,sectorsData,2025-02-22T01:00:00.594Z,true,0.21,5680.06,5680.271333,461,
29,globalIndicators,2025-02-22T01:00:00.594Z,true,2084.09,9660.29,11744.381834,434439,
30,masterOrganizationsProgress,2025-02-22T01:00:00.594Z,true,3859.42,5936.49,9795.907459,1036093,
31,projectStatusMaster,2025-02-22T01:00:00.594Z,true,877.66,5760.14,6637.797291999999,454479,
32,masterAllocationSource,2025-02-22T01:00:00.594Z,true,0.24,5643.37,5643.605458,54,
33,masterSectorsVo2,2025-02-22T01:00:00.594Z,true,0.32,5281.41,5281.724708,464,
34,masterGlobalIndicators,2025-02-22T01:00:00.594Z,true,1.26,5687.25,5688.507833,54905,
35,masterEmergencies,2025-02-22T01:00:00.594Z,true,0.28,5317.89,5318.171709,2278,
36,projectSummary,2025-02-22T01:00:00.594Z,true,2.01,5648.61,5650.618917,1011,
37,projectSummaryAggregate,2025-02-22T01:00:00.594Z,true,0.72,5649.16,5649.877667,657,
38,HRPSummary,2025-02-22T01:00:00.594Z,true,0.18,5729.26,5729.448,15934,
39,emergencySummary,2025-02-22T01:00:00.594Z,true,1955.25,5699.21,7654.463833,569481,
1,masterDonors,2025-02-26T01:00:01.369Z,true,14.57,395.09,409.66545899999994,25932,
2,masterFunds,2025-02-26T01:00:01.369Z,true,5.46,335.71,341.173292,111666,
3,masterRegionalFunds,2025-02-26T01:00:01.369Z,true,1.48,335.71,337.19004099999995,1473,
4,masterAllocationTypes,2025-02-26T01:00:01.369Z,true,1.55,328.64,330.184417,242,
5,launchedAllocationsData,2025-02-26T01:00:01.369Z,true,1369.09,7288.7,8657.793042,669329,
6,contributionsData,2025-02-26T01:00:01.369Z,true,5.54,352.68,358.2214169999999,85232,
7,allocationFlowData,2025-02-26T01:00:01.369Z,true,1.76,4203.94,4205.700792,42077,
8,masterPooledFunds,2025-02-26T01:00:01.369Z,true,0.33,3863.74,3864.070709,2095,
9,masterPartners,2025-02-26T01:00:01.369Z,true,0.49,3860.3,3860.790875,107,
10,masterSubPartners,2025-02-26T01:00:01.369Z,true,0.46,3979.74,3980.194291,483,
11,allocationsData,2025-02-26T01:00:01.369Z,true,676.4,3991.47,4667.873541,128772,
12,contributionsTotalData,2025-02-26T01:00:01.369Z,true,1675.84,3995.39,5671.23,237318,
13,targetedPersonsData,2025-02-26T01:00:01.369Z,true,2011.08,4568.78,6579.867,369910,
14,targetedPersonsDetailsData,2025-02-26T01:00:01.369Z,true,2347.16,4535.54,6882.699708,1942248,
15,dataGam,2025-02-26T01:00:01.369Z,true,2.73,5099.64,5102.365083,29761,
16,masterGam,2025-02-26T01:00:01.369Z,true,0.39,3889.59,3889.98725,947,
17,masterOrganizations,2025-02-26T01:00:01.369Z,true,2.47,2707.32,2709.787208,258,
18,masterSectors,2025-02-26T01:00:01.369Z,true,1.49,2712.68,2714.17025,1390,
19,allocationsDataResults,2025-02-26T01:00:01.369Z,true,334.32,3979.07,4313.387291999999,60541,
20,resultsBySector,2025-02-26T01:00:01.369Z,true,88.95,2729.74,2818.6890000000003,857738,
21,resultsByDisability,2025-02-26T01:00:01.369Z,true,112.02,2735.64,2847.658333,734927,
22,resultsByType,2025-02-26T01:00:01.369Z,true,153.63,2857.4,3011.031333,2426573,
23,resultsByBeneficiaryType,2025-02-26T01:00:01.369Z,true,122.04,2736.09,2858.130917,942743,
24,resultsByOrganization,2025-02-26T01:00:01.369Z,true,131.97,2790.68,2922.6524170000002,830457,
25,masterLocations,2025-02-26T01:00:01.369Z,true,77.18,2812.07,2889.246417,681077,
26,masterBeneficiaryType,2025-02-26T01:00:01.369Z,true,1.38,2718.39,2719.769583,602,
27,projectSummaryProgress,2025-02-26T01:00:01.369Z,true,0.49,4015.24,4015.7251659999997,1277,
28,sectorsData,2025-02-26T01:00:01.369Z,true,2.51,3978.09,3980.5976250000003,461,
29,globalIndicators,2025-02-26T01:00:01.369Z,true,3082.49,12392.84,15475.334375,437057,
30,masterOrganizationsProgress,2025-02-26T01:00:01.369Z,true,1456.75,5088.7,6545.449042,1037530,
31,projectStatusMaster,2025-02-26T01:00:01.369Z,true,667.21,4005.22,4672.432292,454304,
32,masterAllocationSource,2025-02-26T01:00:01.369Z,true,0.22,3987.43,3987.6526660000004,54,
33,masterSectorsVo2,2025-02-26T01:00:01.369Z,true,0.43,4304.97,4305.393958,464,
34,masterGlobalIndicators,2025-02-26T01:00:01.369Z,true,0.65,3971.13,3971.776709,54905,
35,masterEmergencies,2025-02-26T01:00:01.369Z,true,1.21,3968.77,3969.976125,2278,
36,projectSummary,2025-02-26T01:00:01.369Z,true,1.79,3972.94,3974.7312500000003,1011,
37,projectSummaryAggregate,2025-02-26T01:00:01.369Z,true,0.41,4035.26,4035.662625,657,
38,HRPSummary,2025-02-26T01:00:01.369Z,true,0.37,4112.12,4112.485874999999,15934,
39,emergencySummary,2025-02-26T01:00:01.369Z,true,2651.83,3971.39,6623.211375000001,572013,
1,masterDonors,2025-03-05T01:08:56.538Z,true,26,439.14,465.13945800000005,25932,
2,masterFunds,2025-03-05T01:08:56.538Z,true,20.86,363.35,384.205416,111666,
3,masterRegionalFunds,2025-03-05T01:08:56.538Z,true,3.66,362.95,366.615042,1473,
4,masterAllocationTypes,2025-03-05T01:08:56.538Z,true,1.72,352.15,353.86962500000004,242,
5,launchedAllocationsData,2025-03-05T01:08:56.538Z,true,1345.05,12847.62,14192.662708,669329,
6,contributionsData,2025-03-05T01:08:56.538Z,true,25.4,352.3,377.701125,85912,
7,allocationFlowData,2025-03-05T01:08:56.538Z,true,13.3,4492.68,4505.978292,42132,
8,masterPooledFunds,2025-03-05T01:08:56.538Z,true,0.65,3967.18,3967.8362910000005,2095,
9,masterPartners,2025-03-05T01:08:56.538Z,true,0.51,4436.81,4437.315833000001,107,
10,masterSubPartners,2025-03-05T01:08:56.538Z,true,0.53,3978.27,3978.7999579999996,483,
11,allocationsData,2025-03-05T01:08:56.538Z,true,674.33,3968.16,4642.487042,128832,
12,contributionsTotalData,2025-03-05T01:08:56.538Z,true,998.27,4491.79,5490.0625,239118,
13,targetedPersonsData,2025-03-05T01:08:56.538Z,true,2109.45,4493.99,6603.438917,370524,
14,targetedPersonsDetailsData,2025-03-05T01:08:56.538Z,true,2541.56,4503.75,7045.301458,1944997,
15,dataGam,2025-03-05T01:08:56.538Z,true,1.56,4921.29,4922.84225,29846,
16,masterGam,2025-03-05T01:08:56.538Z,true,9.37,4471.85,4481.213167,947,
17,masterOrganizations,2025-03-05T01:08:56.538Z,true,2.06,2552.74,2554.800792,258,
18,masterSectors,2025-03-05T01:08:56.538Z,true,1.13,2564.49,2565.623292,1390,
19,allocationsDataResults,2025-03-05T01:08:56.538Z,true,434.19,4482.13,4916.322667,60566,
20,resultsBySector,2025-03-05T01:08:56.538Z,true,85.43,2648.77,2734.197125,857738,
21,resultsByDisability,2025-03-05T01:08:56.538Z,true,61.08,2644.61,2705.689875,734927,
22,resultsByType,2025-03-05T01:08:56.538Z,true,289.64,2729.81,3019.4522500000003,2426573,
23,resultsByBeneficiaryType,2025-03-05T01:08:56.538Z,true,42.98,2601.45,2644.435959,942743,
24,resultsByOrganization,2025-03-05T01:08:56.538Z,true,273.06,2713.03,2986.091875,830457,
25,masterLocations,2025-03-05T01:08:56.538Z,true,50.68,2691.55,2742.2302919999997,681077,
26,masterBeneficiaryType,2025-03-05T01:08:56.538Z,true,1.15,2582.94,2584.089583,602,
27,projectSummaryProgress,2025-03-05T01:08:56.538Z,true,13.02,4451.9,4464.915290999999,3916,
28,sectorsData,2025-03-05T01:08:56.538Z,true,8.08,4456.43,4464.514958,1231,
29,globalIndicators,2025-03-05T01:08:56.538Z,true,1113.43,12135.1,13248.526042,441910,
30,masterOrganizationsProgress,2025-03-05T01:08:56.538Z,true,1372.4,4464.83,5837.232125,1039150,
31,projectStatusMaster,2025-03-05T01:08:56.538Z,true,661.81,4462.77,5124.581167,454323,
32,masterAllocationSource,2025-03-05T01:08:56.538Z,true,10.67,4449.43,4460.095209,54,
33,masterSectorsVo2,2025-03-05T01:08:56.538Z,true,6.96,4452.54,4459.500958,464,
34,masterGlobalIndicators,2025-03-05T01:08:56.538Z,true,11.04,4456.07,4467.1155,54905,
35,masterEmergencies,2025-03-05T01:08:56.538Z,true,3.17,4454.16,4457.336833,2278,
36,projectSummary,2025-03-05T01:08:56.538Z,true,5.71,4450.56,4456.2636250000005,4987,
37,projectSummaryAggregate,2025-03-05T01:08:56.538Z,true,1.01,4480.28,4481.294958,5664,
38,HRPSummary,2025-03-05T01:08:56.538Z,true,0.26,4504.51,4504.773875,15934,
39,emergencySummary,2025-03-05T01:08:56.538Z,true,1334.05,4457.03,5791.0827500000005,575477,
1,masterDonors,2025-03-06T01:00:00.463Z,true,3,391.53,394.52154199999995,25932,
2,masterFunds,2025-03-06T01:00:00.463Z,true,2.94,357.34,360.28608399999996,111658,
3,masterRegionalFunds,2025-03-06T01:00:00.463Z,true,10.65,313.87,324.523542,1469,
4,masterAllocationTypes,2025-03-06T01:00:00.463Z,true,1.04,329.97,331.01479200000006,242,
5,launchedAllocationsData,2025-03-06T01:00:00.463Z,true,1678.53,8979.65,10658.18175,669342,
6,contributionsData,2025-03-06T01:00:00.463Z,true,10.7,330.96,341.662583,86111,
7,allocationFlowData,2025-03-06T01:00:00.463Z,true,3.52,4752.22,4755.739208,42186,
8,masterPooledFunds,2025-03-06T01:00:00.463Z,true,0.2,4555.58,4555.781416999999,2095,
9,masterPartners,2025-03-06T01:00:00.463Z,true,0.35,4545.92,4546.263666,107,
10,masterSubPartners,2025-03-06T01:00:00.463Z,true,0.32,4621.03,4621.350666,483,
11,allocationsData,2025-03-06T01:00:00.463Z,true,1026.96,4660.23,5687.193458,128921,
12,contributionsTotalData,2025-03-06T01:00:00.463Z,true,1354.93,4700.33,6055.264833,239286,
13,targetedPersonsData,2025-03-06T01:00:00.463Z,true,1466.59,5315.58,6782.175042,370763,
14,targetedPersonsDetailsData,2025-03-06T01:00:00.463Z,true,2384.4,5192.56,7576.959040999999,1945764,
15,dataGam,2025-03-06T01:00:00.463Z,true,1.4,5804.55,5805.946375,29879,
16,masterGam,2025-03-06T01:00:00.463Z,true,0.33,4605.57,4605.900208,947,
17,masterOrganizations,2025-03-06T01:00:00.463Z,true,5.59,3289.69,3295.280458,258,
18,masterSectors,2025-03-06T01:00:00.463Z,true,2.03,3292.34,3294.365917,1390,
19,allocationsDataResults,2025-03-06T01:00:00.463Z,true,340.11,4625.99,4966.099832999999,60611,
20,resultsBySector,2025-03-06T01:00:00.463Z,true,125.19,3373.86,3499.045083,857738,
21,resultsByDisability,2025-03-06T01:00:00.463Z,true,90.69,3310.25,3400.939167,734927,
22,resultsByType,2025-03-06T01:00:00.463Z,true,250.13,3468.62,3718.7484160000004,2426573,
23,resultsByBeneficiaryType,2025-03-06T01:00:00.463Z,true,125.75,3318.94,3444.690333,942743,
24,resultsByOrganization,2025-03-06T01:00:00.463Z,true,63.27,3302.85,3366.123291,830457,
25,masterLocations,2025-03-06T01:00:00.463Z,true,66.67,3392.09,3458.765209,681077,
26,masterBeneficiaryType,2025-03-06T01:00:00.463Z,true,1.4,3289.39,3290.786792,602,
27,projectSummaryProgress,2025-03-06T01:00:00.463Z,true,0.28,4561.5,4561.775416,4222,
28,sectorsData,2025-03-06T01:00:00.463Z,true,1.2,4576.51,4577.709125,1315,
29,globalIndicators,2025-03-06T01:00:00.463Z,true,1921.9,9111.72,11033.61375,442937,
30,masterOrganizationsProgress,2025-03-06T01:00:00.463Z,true,1346.93,4759.98,6106.906209,1039152,
31,projectStatusMaster,2025-03-06T01:00:00.463Z,true,440.91,4610.68,5051.595875,454388,
32,masterAllocationSource,2025-03-06T01:00:00.463Z,true,0.22,4632.72,4632.941833,54,
33,masterSectorsVo2,2025-03-06T01:00:00.463Z,true,1.53,4614.94,4616.47025,464,
34,masterGlobalIndicators,2025-03-06T01:00:00.463Z,true,2.43,4518.21,4520.640541,54905,
35,masterEmergencies,2025-03-06T01:00:00.463Z,true,0.34,4572.98,4573.321541,2278,
36,projectSummary,2025-03-06T01:00:00.463Z,true,0.34,4619.05,4619.3942910000005,5453,
37,projectSummaryAggregate,2025-03-06T01:00:00.463Z,true,0.2,4631.76,4631.959917,10268,
38,HRPSummary,2025-03-06T01:00:00.463Z,true,0.22,4733.26,4733.4795,15934,
39,emergencySummary,2025-03-06T01:00:00.463Z,true,1704.77,4817.35,6522.120458,576843,
1,masterDonors,2025-03-16T01:00:00.630Z,true,19.43,420.96,440.383167,25932,
2,masterFunds,2025-03-16T01:00:00.630Z,true,13.87,349.66,363.52758300000005,111658,
3,masterRegionalFunds,2025-03-16T01:00:00.630Z,true,1.91,356.32,358.233917,1469,
4,masterAllocationTypes,2025-03-16T01:00:00.630Z,true,1.8,348.69,350.491541,242,
5,launchedAllocationsData,2025-03-16T01:00:00.630Z,true,1214.49,10964.63,12179.11925,674784,
6,contributionsData,2025-03-16T01:00:00.630Z,true,8.66,348.72,357.37720900000005,86280,
7,allocationFlowData,2025-03-16T01:00:00.630Z,true,1.34,4556.58,4557.913417,42235,
8,masterPooledFunds,2025-03-16T01:00:00.630Z,true,7.23,4486.26,4493.495666,2095,
9,masterPartners,2025-03-16T01:00:00.630Z,true,4.17,4488.4,4492.567749999999,107,
10,masterSubPartners,2025-03-16T01:00:00.630Z,true,5.59,4484.85,4490.435042,483,
11,allocationsData,2025-03-16T01:00:00.630Z,true,677.77,4487.89,5165.659833000001,128727,
12,contributionsTotalData,2025-03-16T01:00:00.630Z,true,1783.44,4515.8,6299.2435000000005,239456,
13,targetedPersonsData,2025-03-16T01:00:00.630Z,true,1362.27,5099.91,6462.183084,371765,
14,targetedPersonsDetailsData,2025-03-16T01:00:00.630Z,true,2372.42,4728.11,7100.5325410000005,1944588,
15,dataGam,2025-03-16T01:00:00.630Z,true,1,5657.72,5658.713250000001,29977,
16,masterGam,2025-03-16T01:00:00.630Z,true,2.98,4479.83,4482.809792,947,
17,masterOrganizations,2025-03-16T01:00:00.630Z,true,1.98,2950.61,2952.5805,258,
18,masterSectors,2025-03-16T01:00:00.630Z,true,1.43,2964.56,2965.995041,1390,
19,allocationsDataResults,2025-03-16T01:00:00.630Z,true,332.5,4476.52,4809.020542,60555,
20,resultsBySector,2025-03-16T01:00:00.630Z,true,123.86,2999.73,3123.596625,907813,
21,resultsByDisability,2025-03-16T01:00:00.630Z,true,119.73,2994.24,3113.9670419999998,930412,
22,resultsByType,2025-03-16T01:00:00.630Z,true,198.94,3118.52,3317.456292,2989400,
23,resultsByBeneficiaryType,2025-03-16T01:00:00.630Z,true,173.11,3009.84,3182.950542,1208475,
24,resultsByOrganization,2025-03-16T01:00:00.630Z,true,166.09,3068.32,3234.412875,1044391,
25,masterLocations,2025-03-16T01:00:00.630Z,true,114.3,2998.17,3112.471,858911,
26,masterBeneficiaryType,2025-03-16T01:00:00.630Z,true,1.07,2979.3,2980.368167,602,
27,projectSummaryProgress,2025-03-16T01:00:00.630Z,true,2.8,4497.2,4499.992583,5589,
28,sectorsData,2025-03-16T01:00:00.630Z,true,0.33,4662.2,4662.530417,1689,
29,globalIndicators,2025-03-16T01:00:00.630Z,true,1684.69,12136.92,13821.604375,448472,
30,masterOrganizationsProgress,2025-03-16T01:00:00.630Z,true,1708.64,5448.76,7157.400542,1037736,
31,projectStatusMaster,2025-03-16T01:00:00.630Z,true,682.21,4960.53,5642.73975,454369,
32,masterAllocationSource,2025-03-16T01:00:00.630Z,true,2.4,4518.83,4521.234541999999,54,
33,masterSectorsVo2,2025-03-16T01:00:00.630Z,true,5.09,4489.31,4494.394041,464,
34,masterGlobalIndicators,2025-03-16T01:00:00.630Z,true,1.09,4464.75,4465.843042,54905,
35,masterEmergencies,2025-03-16T01:00:00.630Z,true,1.83,4491.93,4493.766042,2278,
36,projectSummary,2025-03-16T01:00:00.630Z,true,0.64,4517.78,4518.419291,7238,
37,projectSummaryAggregate,2025-03-16T01:00:00.630Z,true,6.64,4484.53,4491.169540999999,12819,
38,HRPSummary,2025-03-16T01:00:00.630Z,true,0.29,4761.56,4761.850333,15934,
39,emergencySummary,2025-03-16T01:00:00.630Z,true,1349.77,4487.92,5837.692917,582410,
1,masterDonors,2025-03-17T01:00:01.084Z,true,19.34,393.26,412.59725000000003,25932,
2,masterFunds,2025-03-17T01:00:01.084Z,true,9.11,336.54,345.652125,111658,
3,masterRegionalFunds,2025-03-17T01:00:01.084Z,true,4,336.94,340.936667,1469,
4,masterAllocationTypes,2025-03-17T01:00:01.084Z,true,1.62,329.49,331.108916,242,
5,launchedAllocationsData,2025-03-17T01:00:01.084Z,true,1357.59,11088.95,12446.547417,674784,
6,contributionsData,2025-03-17T01:00:01.084Z,true,5.72,334.92,340.635875,86280,
7,allocationFlowData,2025-03-17T01:00:01.084Z,true,1.9,3833,3834.8975,42235,
8,masterPooledFunds,2025-03-17T01:00:01.084Z,true,0.59,3437.71,3438.3013339999998,2095,
9,masterPartners,2025-03-17T01:00:01.084Z,true,0.5,3400.35,3400.852792,107,
10,masterSubPartners,2025-03-17T01:00:01.084Z,true,0.38,3403.84,3404.217875,483,
11,allocationsData,2025-03-17T01:00:01.084Z,true,783.48,3519.81,4303.2845,128727,
12,contributionsTotalData,2025-03-17T01:00:01.084Z,true,2711.3,3642.62,6353.9209169999995,239458,
13,targetedPersonsData,2025-03-17T01:00:01.084Z,true,2026.2,4610.51,6636.71125,371774,
14,targetedPersonsDetailsData,2025-03-17T01:00:01.084Z,true,3067.71,4163.99,7231.708458,1944654,
15,dataGam,2025-03-17T01:00:01.084Z,true,1.47,5372.5,5373.964333,29977,
16,masterGam,2025-03-17T01:00:01.084Z,true,1.85,3427.06,3428.906167,947,
17,masterOrganizations,2025-03-17T01:00:01.084Z,true,1.95,2253.78,2255.733959,258,
18,masterSectors,2025-03-17T01:00:01.084Z,true,2.43,2213.16,2215.5945410000004,1390,
19,allocationsDataResults,2025-03-17T01:00:01.084Z,true,344.91,3486.78,3831.689917,60555,
20,resultsBySector,2025-03-17T01:00:01.084Z,true,107.93,2264.64,2372.576083,907813,
21,resultsByDisability,2025-03-17T01:00:01.084Z,true,57.08,2245.05,2302.1383339999998,930412,
22,resultsByType,2025-03-17T01:00:01.084Z,true,149.12,2422.78,2571.90125,2989400,
23,resultsByBeneficiaryType,2025-03-17T01:00:01.084Z,true,161.28,2292.85,2454.123375,1208475,
24,resultsByOrganization,2025-03-17T01:00:01.084Z,true,153.07,2298.21,2451.281,1044391,
25,masterLocations,2025-03-17T01:00:01.084Z,true,96.43,2365.83,2462.254208,858911,
26,masterBeneficiaryType,2025-03-17T01:00:01.084Z,true,2.08,2236.06,2238.1436670000003,602,
27,projectSummaryProgress,2025-03-17T01:00:01.084Z,true,0.43,3624.04,3624.466292,5589,
28,sectorsData,2025-03-17T01:00:01.084Z,true,0.35,4446.77,4447.118625,1689,
29,globalIndicators,2025-03-17T01:00:01.084Z,true,1794.64,11101.55,12896.187875,448569,
30,masterOrganizationsProgress,2025-03-17T01:00:01.084Z,true,1675.52,4094.1,5769.618875,1037768,
31,projectStatusMaster,2025-03-17T01:00:01.084Z,true,673.02,3902.79,4575.811707999999,454346,
32,masterAllocationSource,2025-03-17T01:00:01.084Z,true,0.33,3448.4,3448.729333,54,
33,masterSectorsVo2,2025-03-17T01:00:01.084Z,true,0.44,3436.94,3437.383,464,
34,masterGlobalIndicators,2025-03-17T01:00:01.084Z,true,1.91,3532.46,3534.3754590000003,54905,
35,masterEmergencies,2025-03-17T01:00:01.084Z,true,0.36,3562.03,3562.392166,2278,
36,projectSummary,2025-03-17T01:00:01.084Z,true,0.34,3464.6,3464.93875,7238,
37,projectSummaryAggregate,2025-03-17T01:00:01.084Z,true,0.39,3724.3,3724.689833,12819,
38,HRPSummary,2025-03-17T01:00:01.084Z,true,0.32,3818.81,3819.130333,15934,
39,emergencySummary,2025-03-17T01:00:01.084Z,true,2704.48,3688.68,6393.163584,582355,
1,masterDonors,2025-03-20T01:05:35.885Z,true,3.15,415.86,419.0085,26218,
2,masterFunds,2025-03-20T01:05:35.885Z,true,11.28,339.81,351.09141700000004,112104,
3,masterRegionalFunds,2025-03-20T01:05:35.885Z,true,6.21,339.87,346.076125,1650,
4,masterAllocationTypes,2025-03-20T01:05:35.885Z,true,2.1,339.5,341.60545799999994,242,
5,launchedAllocationsData,2025-03-20T01:05:35.885Z,true,1223.67,8920.62,10144.283333000001,675147,
6,contributionsData,2025-03-20T01:05:35.885Z,true,23.98,321.52,345.50020900000004,86227,
7,allocationFlowData,2025-03-20T01:05:35.885Z,true,1.63,4198.54,4200.170625,42293,
8,masterPooledFunds,2025-03-20T01:05:35.885Z,true,0.64,4717.15,4717.785125,2095,
9,masterPartners,2025-03-20T01:05:35.885Z,true,1.55,3744.31,3745.863083,107,
10,masterSubPartners,2025-03-20T01:05:35.885Z,true,0.33,3759.79,3760.1237079999996,483,
11,allocationsData,2025-03-20T01:05:35.885Z,true,667.41,3747.25,4414.65825,129712,
12,contributionsTotalData,2025-03-20T01:05:35.885Z,true,1010.26,3882.83,4893.095833,239540,
13,targetedPersonsData,2025-03-20T01:05:35.885Z,true,1349.84,4694.22,6044.056209,372174,
14,targetedPersonsDetailsData,2025-03-20T01:05:35.885Z,true,2328.7,4375.54,6704.238249999999,1945693,
15,dataGam,2025-03-20T01:05:35.885Z,true,1.18,5018.32,5019.505,29978,
16,masterGam,2025-03-20T01:05:35.885Z,true,0.48,3720.43,3720.912708,947,
17,masterOrganizations,2025-03-20T01:05:35.885Z,true,1.11,2622.64,2623.7510420000003,258,
18,masterSectors,2025-03-20T01:05:35.885Z,true,1.54,2617.24,2618.7860410000003,1390,
19,allocationsDataResults,2025-03-20T01:05:35.885Z,true,333.64,3733.89,4067.5269590000003,60963,
20,resultsBySector,2025-03-20T01:05:35.885Z,true,160.96,2648.39,2809.353833,909336,
21,resultsByDisability,2025-03-20T01:05:35.885Z,true,149.28,2637.83,2787.116625,932023,
22,resultsByType,2025-03-20T01:05:35.885Z,true,191.11,2763.92,2955.0209999999997,2991235,
23,resultsByBeneficiaryType,2025-03-20T01:05:35.885Z,true,157.07,2709.47,2866.542584,1209556,
24,resultsByOrganization,2025-03-20T01:05:35.885Z,true,110.21,2629.35,2739.561291,1046024,
25,masterLocations,2025-03-20T01:05:35.885Z,true,114.1,2639.74,2753.8421249999997,859198,
26,masterBeneficiaryType,2025-03-20T01:05:35.885Z,true,2.61,2589.56,2592.165875,602,
27,projectSummaryProgress,2025-03-20T01:05:35.885Z,true,1.77,3754.65,3756.41825,6882,
28,sectorsData,2025-03-20T01:05:35.885Z,true,0.38,3787.5,3787.878666,2048,
29,globalIndicators,2025-03-20T01:05:35.885Z,true,1646.2,8134.04,9780.243041,449770,
30,masterOrganizationsProgress,2025-03-20T01:05:35.885Z,true,1446.81,4100.28,5547.0879159999995,1038144,
31,projectStatusMaster,2025-03-20T01:05:35.885Z,true,434.39,3799.45,4233.8369999999995,454359,
32,masterAllocationSource,2025-03-20T01:05:35.885Z,true,0.54,3745.46,3746.002042,54,
33,masterSectorsVo2,2025-03-20T01:05:35.885Z,true,2.27,3743.03,3745.296625,464,
34,masterGlobalIndicators,2025-03-20T01:05:35.885Z,true,1.47,3750.94,3752.4044999999996,54905,
35,masterEmergencies,2025-03-20T01:05:35.885Z,true,0.34,3745.67,3746.0157500000005,2278,
36,projectSummary,2025-03-20T01:05:35.885Z,true,0.62,3754.43,3755.0506670000004,9141,
37,projectSummaryAggregate,2025-03-20T01:05:35.885Z,true,0.39,3833.05,3833.4423749999996,17294,
38,HRPSummary,2025-03-20T01:05:35.885Z,true,0.19,3869.18,3869.3719170000004,15934,
39,emergencySummary,2025-03-20T01:05:35.885Z,true,1982.26,3807.2,5789.464584,583555,
1,masterDonors,2025-03-21T01:00:00.591Z,true,6.32,402.78,409.10091700000004,26218,
2,masterFunds,2025-03-21T01:00:00.591Z,true,5.77,338.73,344.503084,112104,
3,masterRegionalFunds,2025-03-21T01:00:00.591Z,true,1.21,344.63,345.831792,1650,
4,masterAllocationTypes,2025-03-21T01:00:00.591Z,true,4.76,325.12,329.88233400000007,242,
5,launchedAllocationsData,2025-03-21T01:00:00.591Z,true,3677.36,13816.43,17493.791917,675147,
6,contributionsData,2025-03-21T01:00:00.591Z,true,4.28,347.55,351.82270800000003,86227,
7,allocationFlowData,2025-03-21T01:00:00.591Z,true,333.4,5547.2,5880.606375,42373,
8,masterPooledFunds,2025-03-21T01:00:00.591Z,true,3.08,5225.86,5228.942125,2095,
9,masterPartners,2025-03-21T01:00:00.591Z,true,2.05,5225.83,5227.8817500000005,107,
10,masterSubPartners,2025-03-21T01:00:00.591Z,true,0.33,5204.18,5204.505209,483,
11,allocationsData,2025-03-21T01:00:00.591Z,true,1347.75,5220.63,6568.380708000001,129747,
12,contributionsTotalData,2025-03-21T01:00:00.591Z,true,1752.88,5340.18,7093.060084,239540,
13,targetedPersonsData,2025-03-21T01:00:00.591Z,true,2354.33,4987.92,7342.251749999999,372504,
14,targetedPersonsDetailsData,2025-03-21T01:00:00.591Z,true,2352.9,4682.82,7035.723417,1946660,
15,dataGam,2025-03-21T01:00:00.591Z,true,1.54,5724.69,5726.232083000001,29982,
16,masterGam,2025-03-21T01:00:00.591Z,true,3.25,4232.29,4235.543708,947,
17,masterOrganizations,2025-03-21T01:00:00.591Z,true,2.22,2985.17,2987.391208,258,
18,masterSectors,2025-03-21T01:00:00.591Z,true,1.69,2990.04,2991.73,1390,
19,allocationsDataResults,2025-03-21T01:00:00.591Z,true,334.69,4236.85,4571.534417000001,60961,
20,resultsBySector,2025-03-21T01:00:00.591Z,true,78.61,3031.01,3109.628208,909336,
21,resultsByDisability,2025-03-21T01:00:00.591Z,true,120.16,3033.42,3153.58425,932023,
22,resultsByType,2025-03-21T01:00:00.591Z,true,215.33,3143.03,3358.358333,2991235,
23,resultsByBeneficiaryType,2025-03-21T01:00:00.591Z,true,184.35,3066.54,3250.88275,1209556,
24,resultsByOrganization,2025-03-21T01:00:00.591Z,true,191.34,3050.16,3241.501458,1046024,
25,masterLocations,2025-03-21T01:00:00.591Z,true,133.26,3104.92,3238.180875,859198,
26,masterBeneficiaryType,2025-03-21T01:00:00.591Z,true,1.42,2999.83,3001.2432909999998,602,
27,projectSummaryProgress,2025-03-21T01:00:00.591Z,true,0.31,4271.04,4271.356292,7941,
28,sectorsData,2025-03-21T01:00:00.591Z,true,0.76,4301.03,4301.789833000001,2324,
29,globalIndicators,2025-03-21T01:00:00.591Z,true,1360.64,9172.95,10533.59325,450402,
30,masterOrganizationsProgress,2025-03-21T01:00:00.591Z,true,1350.16,4498.13,5848.2875,1038200,
31,projectStatusMaster,2025-03-21T01:00:00.591Z,true,665.12,4291.57,4956.685167000001,454318,
32,masterAllocationSource,2025-03-21T01:00:00.591Z,true,0.48,4224.25,4224.726458,54,
33,masterSectorsVo2,2025-03-21T01:00:00.591Z,true,5.09,4211.45,4216.543500000001,464,
34,masterGlobalIndicators,2025-03-21T01:00:00.591Z,true,2.51,4213.95,4216.460792,54905,
35,masterEmergencies,2025-03-21T01:00:00.591Z,true,0.55,4259.74,4260.28475,2278,
36,projectSummary,2025-03-21T01:00:00.591Z,true,0.19,4271.02,4271.21575,10591,
37,projectSummaryAggregate,2025-03-21T01:00:00.591Z,true,0.44,9550.3,9550.736041999999,20793,
38,HRPSummary,2025-03-21T01:00:00.591Z,true,2.12,4289.59,4291.71025,15934,
39,emergencySummary,2025-03-21T01:00:00.591Z,true,1316.15,4297.97,5614.1157920000005,584638,
1,masterDonors,2025-03-22T01:00:00.646Z,true,8.91,439.09,447.99587499999996,26218,
2,masterFunds,2025-03-22T01:00:00.646Z,true,8.02,365.05,373.0719169999999,112104,
3,masterRegionalFunds,2025-03-22T01:00:00.646Z,true,11.15,356.58,367.73020900000006,1650,
4,masterAllocationTypes,2025-03-22T01:00:00.646Z,true,5.19,347.13,352.318625,242,
5,launchedAllocationsData,2025-03-22T01:00:00.646Z,true,1357.94,9774.7,11132.644584,675147,
6,contributionsData,2025-03-22T01:00:00.646Z,true,6.06,360.6,366.65875,86227,
7,allocationFlowData,2025-03-22T01:00:00.646Z,true,1.24,4819.75,4820.988334,42373,
8,masterPooledFunds,2025-03-22T01:00:00.646Z,true,0.24,4250.12,4250.361166000001,2095,
9,masterPartners,2025-03-22T01:00:00.646Z,true,0.52,4245.23,4245.748584,107,
10,masterSubPartners,2025-03-22T01:00:00.646Z,true,1.26,4260.29,4261.557125,483,
11,allocationsData,2025-03-22T01:00:00.646Z,true,1011.42,4298.67,5310.088125,129745,
12,contributionsTotalData,2025-03-22T01:00:00.646Z,true,1352.92,4438.88,5791.7995,239628,
13,targetedPersonsData,2025-03-22T01:00:00.646Z,true,2367.75,5274.64,7642.39175,372666,
14,targetedPersonsDetailsData,2025-03-22T01:00:00.646Z,true,2371.69,4846.4,7218.092708,1947209,
15,dataGam,2025-03-22T01:00:00.646Z,true,1.57,6172.61,6174.181250000001,29982,
16,masterGam,2025-03-22T01:00:00.646Z,true,0.35,4274.96,4275.3114160000005,947,
17,masterOrganizations,2025-03-22T01:00:00.646Z,true,0.96,3020.68,3021.645791,258,
18,masterSectors,2025-03-22T01:00:00.646Z,true,1.54,3015.23,3016.772375,1390,
19,allocationsDataResults,2025-03-22T01:00:00.646Z,true,332.42,4248.13,4580.5565,60959,
20,resultsBySector,2025-03-22T01:00:00.646Z,true,76.83,3055.55,3132.373667,909336,
21,resultsByDisability,2025-03-22T01:00:00.646Z,true,147.17,3072.28,3219.444167,932023,
22,resultsByType,2025-03-22T01:00:00.646Z,true,217.02,3159.82,3376.844333,2991235,
23,resultsByBeneficiaryType,2025-03-22T01:00:00.646Z,true,175.76,3082.1,3257.855458,1209556,
24,resultsByOrganization,2025-03-22T01:00:00.646Z,true,170.48,3124.8,3295.2802079999997,1046024,
25,masterLocations,2025-03-22T01:00:00.646Z,true,76.59,3053.99,3130.570667,859198,
26,masterBeneficiaryType,2025-03-22T01:00:00.646Z,true,1.69,3029.71,3031.4067919999998,602,
27,projectSummaryProgress,2025-03-22T01:00:00.646Z,true,0.36,4401.09,4401.444874999999,9268,
28,sectorsData,2025-03-22T01:00:00.646Z,true,0.28,5899.81,5900.092167000001,2684,
29,globalIndicators,2025-03-22T01:00:00.646Z,true,2710.52,13027.99,15738.511541,450526,
30,masterOrganizationsProgress,2025-03-22T01:00:00.646Z,true,1454.38,5852.64,7307.013666999999,1038190,
31,projectStatusMaster,2025-03-22T01:00:00.646Z,true,677.54,5004.05,5681.589083000001,454422,
32,masterAllocationSource,2025-03-22T01:00:00.646Z,true,0.29,4269.82,4270.104208,54,
33,masterSectorsVo2,2025-03-22T01:00:00.646Z,true,0.22,4273.85,4274.073667000001,464,
34,masterGlobalIndicators,2025-03-22T01:00:00.646Z,true,1.52,4373.62,4375.135292,54905,
35,masterEmergencies,2025-03-22T01:00:00.646Z,true,0.37,4349.8,4350.1680830000005,2278,
36,projectSummary,2025-03-22T01:00:00.646Z,true,0.43,4305.72,4306.158791,12409,
37,projectSummaryAggregate,2025-03-22T01:00:00.646Z,true,0.98,4581.31,4582.2966670000005,23743,
38,HRPSummary,2025-03-22T01:00:00.646Z,true,0.91,4367.58,4368.492,15934,
39,emergencySummary,2025-03-22T01:00:00.646Z,true,3051.05,4441.94,7492.9940830000005,585474,
1,masterDonors,2025-03-24T01:00:01.213Z,true,44.89,412.79,457.683042,26218,
2,masterFunds,2025-03-24T01:00:01.213Z,true,5.26,373.77,379.031291,112104,
3,masterRegionalFunds,2025-03-24T01:00:01.213Z,true,34.49,338.55,373.03558300000003,1650,
4,masterAllocationTypes,2025-03-24T01:00:01.213Z,true,17.32,350.8,368.12179199999997,242,
5,launchedAllocationsData,2025-03-24T01:00:01.213Z,true,1431.36,8511.27,9942.629375,675153,
6,contributionsData,2025-03-24T01:00:01.213Z,true,36.97,335.6,372.57104200000003,86227,
7,allocationFlowData,2025-03-24T01:00:01.213Z,true,8.33,4614.21,4622.542209,42373,
8,masterPooledFunds,2025-03-24T01:00:01.213Z,true,12.93,4606.72,4619.652958,2095,
9,masterPartners,2025-03-24T01:00:01.213Z,true,8.91,4593.31,4602.219209,107,
10,masterSubPartners,2025-03-24T01:00:01.213Z,true,6.84,4593.67,4600.511875,483,
11,allocationsData,2025-03-24T01:00:01.213Z,true,1344.36,4593.58,5937.9475,130282,
12,contributionsTotalData,2025-03-24T01:00:01.213Z,true,991.94,4599.39,5591.336249999999,239632,
13,targetedPersonsData,2025-03-24T01:00:01.213Z,true,2794.49,5316.99,8111.480832999999,372671,
14,targetedPersonsDetailsData,2025-03-24T01:00:01.213Z,true,2355.12,4607.67,6962.785833,1947239,
15,dataGam,2025-03-24T01:00:01.213Z,true,1.01,5574.16,5575.168791,29982,
16,masterGam,2025-03-24T01:00:01.213Z,true,11.52,4595.45,4606.970833,947,
17,masterOrganizations,2025-03-24T01:00:01.213Z,true,1.43,2631.85,2633.279167,258,
18,masterSectors,2025-03-24T01:00:01.213Z,true,2.13,2621.79,2623.9182920000003,1390,
19,allocationsDataResults,2025-03-24T01:00:01.213Z,true,329.6,4585.6,4915.193208,61207,
20,resultsBySector,2025-03-24T01:00:01.213Z,true,58.5,2664.95,2723.4458750000003,909336,
21,resultsByDisability,2025-03-24T01:00:01.213Z,true,142.6,2680.65,2823.252916,932023,
22,resultsByType,2025-03-24T01:00:01.213Z,true,221.99,2767.56,2989.548125,2991235,
23,resultsByBeneficiaryType,2025-03-24T01:00:01.213Z,true,174.75,2708.46,2883.209625,1209556,
24,resultsByOrganization,2025-03-24T01:00:01.213Z,true,177.48,2723.39,2900.861333,1046024,
25,masterLocations,2025-03-24T01:00:01.213Z,true,112.72,2688.21,2800.933833,859198,
26,masterBeneficiaryType,2025-03-24T01:00:01.213Z,true,1.15,2652.24,2653.384792,602,
27,projectSummaryProgress,2025-03-24T01:00:01.213Z,true,13.22,4573.87,4587.087833,9268,
28,sectorsData,2025-03-24T01:00:01.213Z,true,2.18,4591.01,4593.193417,2684,
29,globalIndicators,2025-03-24T01:00:01.213Z,true,1440.09,11764.92,13205.007916,450544,
30,masterOrganizationsProgress,2025-03-24T01:00:01.213Z,true,1678.25,5984.71,7662.96025,1038238,
31,projectStatusMaster,2025-03-24T01:00:01.213Z,true,774.93,4973.98,5748.911499999999,454330,
32,masterAllocationSource,2025-03-24T01:00:01.213Z,true,4.45,4567.58,4572.032166,54,
33,masterSectorsVo2,2025-03-24T01:00:01.213Z,true,3.77,4584.26,4588.0355,464,
34,masterGlobalIndicators,2025-03-24T01:00:01.213Z,true,11.89,4576.22,4588.104709,54905,
35,masterEmergencies,2025-03-24T01:00:01.213Z,true,1.48,4585.41,4586.890542,2278,
36,projectSummary,2025-03-24T01:00:01.213Z,true,8.48,4576.45,4584.931375,12401,
37,projectSummaryAggregate,2025-03-24T01:00:01.213Z,true,0.28,10052.12,10052.399375,23743,
38,HRPSummary,2025-03-24T01:00:01.213Z,true,5.01,4578.59,4583.598667,15934,
39,emergencySummary,2025-03-24T01:00:01.213Z,true,1315.19,4574.23,5889.42425,585490,
1,masterDonors,2025-03-25T01:00:34.106Z,true,11.39,441.92,453.31037499999996,26218,
2,masterFunds,2025-03-25T01:00:34.106Z,true,11.71,366.9,378.608084,112104,
3,masterRegionalFunds,2025-03-25T01:00:34.106Z,true,20.54,351.87,372.40704099999994,1650,
4,masterAllocationTypes,2025-03-25T01:00:34.106Z,true,1.71,357.45,359.16333299999997,242,
5,launchedAllocationsData,2025-03-25T01:00:34.106Z,true,1649.27,6421.22,8070.494333,675156,
6,contributionsData,2025-03-25T01:00:34.106Z,true,7.82,363.72,371.54287500000004,86227,
7,allocationFlowData,2025-03-25T01:00:34.106Z,true,1.29,3986.8,3988.096417,42400,
8,masterPooledFunds,2025-03-25T01:00:34.106Z,true,0.24,3727.89,3728.12575,2095,
9,masterPartners,2025-03-25T01:00:34.106Z,true,0.6,3719.37,3719.963208,107,
10,masterSubPartners,2025-03-25T01:00:34.106Z,true,1.58,3716.52,3718.09675,483,
11,allocationsData,2025-03-25T01:00:34.106Z,true,1346.89,3760.29,5107.180249999999,130284,
12,contributionsTotalData,2025-03-25T01:00:34.106Z,true,1105.8,3878.05,4983.847917,239628,
13,targetedPersonsData,2025-03-25T01:00:34.106Z,true,1671.68,4568.83,6240.506541,372763,
14,targetedPersonsDetailsData,2025-03-25T01:00:34.106Z,true,2356.55,4171.43,6527.973749999999,1947874,
15,dataGam,2025-03-25T01:00:34.106Z,true,1.17,4959.02,4960.19025,30023,
16,masterGam,2025-03-25T01:00:34.106Z,true,1.88,3744.95,3746.820583,947,
17,masterOrganizations,2025-03-25T01:00:34.106Z,true,3.45,2591.99,2595.440833,258,
18,masterSectors,2025-03-25T01:00:34.106Z,true,1.25,2591.69,2592.934,1390,
19,allocationsDataResults,2025-03-25T01:00:34.106Z,true,335.15,3728.73,4063.8876250000003,61208,
20,resultsBySector,2025-03-25T01:00:34.106Z,true,79.96,2863.3,2943.2634169999997,909336,
21,resultsByDisability,2025-03-25T01:00:34.106Z,true,111.63,2641.52,2753.147833,932023,
22,resultsByType,2025-03-25T01:00:34.106Z,true,185.67,2720.85,2906.526625,2991235,
23,resultsByBeneficiaryType,2025-03-25T01:00:34.106Z,true,148.47,2668.86,2817.333042,1209556,
24,resultsByOrganization,2025-03-25T01:00:34.106Z,true,109.01,2623.29,2732.302209,1046024,
25,masterLocations,2025-03-25T01:00:34.106Z,true,29.71,2613.77,2643.477542,859198,
26,masterBeneficiaryType,2025-03-25T01:00:34.106Z,true,0.85,2588.22,2589.077291,602,
27,projectSummaryProgress,2025-03-25T01:00:34.106Z,true,0.74,3758.33,3759.072333,9653,
28,sectorsData,2025-03-25T01:00:34.106Z,true,0.31,3770.07,3770.3772079999994,2784,
29,globalIndicators,2025-03-25T01:00:34.106Z,true,1685.26,8084.06,9769.317958,452183,
30,masterOrganizationsProgress,2025-03-25T01:00:34.106Z,true,1553.67,4053.91,5607.582042,1038419,
31,projectStatusMaster,2025-03-25T01:00:34.106Z,true,665.43,3812.46,4477.887042,454460,
32,masterAllocationSource,2025-03-25T01:00:34.106Z,true,0.3,3719.12,3719.4148339999997,54,
33,masterSectorsVo2,2025-03-25T01:00:34.106Z,true,0.27,3730.51,3730.777417,464,
34,masterGlobalIndicators,2025-03-25T01:00:34.106Z,true,0.98,3777.78,3778.7630830000003,54905,
35,masterEmergencies,2025-03-25T01:00:34.106Z,true,0.39,3746.72,3747.1118750000005,2278,
36,projectSummary,2025-03-25T01:00:34.106Z,true,1.94,3748.21,3750.1537080000003,12796,
37,projectSummaryAggregate,2025-03-25T01:00:34.106Z,true,0.54,3815.33,3815.874917,23880,
38,HRPSummary,2025-03-25T01:00:34.106Z,true,0.42,3795.32,3795.739125,15934,
39,emergencySummary,2025-03-25T01:00:34.106Z,true,2100.38,3842.45,5942.8358339999995,585491,
1,masterDonors,2025-03-28T01:00:00.386Z,true,3.11,523.37,526.4802500000001,26218,
2,masterFunds,2025-03-28T01:00:00.386Z,true,7.35,348.8,356.150917,112104,
3,masterRegionalFunds,2025-03-28T01:00:00.386Z,true,1.72,349.37,351.08645900000005,1650,
4,masterAllocationTypes,2025-03-28T01:00:00.386Z,true,1.79,340.35,342.13820899999996,242,
5,launchedAllocationsData,2025-03-28T01:00:00.386Z,true,1352.25,6869.2,8221.445291999999,677833,
6,contributionsData,2025-03-28T01:00:00.386Z,true,21.32,327.92,349.24179200000003,86321,
7,allocationFlowData,2025-03-28T01:00:00.386Z,true,9.43,4085.1,4094.523541,42540,
8,masterPooledFunds,2025-03-28T01:00:00.386Z,true,10.56,4069.6,4080.1585829999995,2095,
9,masterPartners,2025-03-28T01:00:00.386Z,true,9.18,4069.71,4078.8887499999996,107,
10,masterSubPartners,2025-03-28T01:00:00.386Z,true,11.58,4065.27,4076.8477500000004,483,
11,allocationsData,2025-03-28T01:00:00.386Z,true,671.8,4075,4746.803292,130350,
12,contributionsTotalData,2025-03-28T01:00:00.386Z,true,1327.88,4076.47,5404.345625,239922,
13,targetedPersonsData,2025-03-28T01:00:00.386Z,true,2118.58,4808.19,6926.770458,373535,
14,targetedPersonsDetailsData,2025-03-28T01:00:00.386Z,true,2352.89,4075.97,6428.8616250000005,1951318,
15,dataGam,2025-03-28T01:00:00.386Z,true,9.56,4802.83,4812.395291999999,30126,
16,masterGam,2025-03-28T01:00:00.386Z,true,14.25,4053.51,4067.758042,947,
17,masterOrganizations,2025-03-28T01:00:00.386Z,true,2.42,2305.47,2307.895417,258,
18,masterSectors,2025-03-28T01:00:00.386Z,true,1.01,2341.98,2342.9955,1390,
19,allocationsDataResults,2025-03-28T01:00:00.386Z,true,331.3,4057.29,4388.585292000001,61235,
20,resultsBySector,2025-03-28T01:00:00.386Z,true,164.73,2571.89,2736.616667,915857,
21,resultsByDisability,2025-03-28T01:00:00.386Z,true,96.13,2408.13,2504.253584,937159,
22,resultsByType,2025-03-28T01:00:00.386Z,true,235.12,2463.92,2699.042625,3002784,
23,resultsByBeneficiaryType,2025-03-28T01:00:00.386Z,true,87.51,2401.63,2489.138167,1216524,
24,resultsByOrganization,2025-03-28T01:00:00.386Z,true,183.29,2517.73,2701.023542,1051969,
25,masterLocations,2025-03-28T01:00:00.386Z,true,62.15,2488.83,2550.9735419999997,862959,
26,masterBeneficiaryType,2025-03-28T01:00:00.386Z,true,1.25,2317,2318.251041,602,
27,projectSummaryProgress,2025-03-28T01:00:00.386Z,true,0.29,4818.11,4818.3987910000005,14969,
28,sectorsData,2025-03-28T01:00:00.386Z,true,0.27,4871.09,4871.3568749999995,4681,
29,globalIndicators,2025-03-28T01:00:00.386Z,true,1347.75,8775.27,10123.024249999999,456734,
30,masterOrganizationsProgress,2025-03-28T01:00:00.386Z,true,1677.58,5426.16,7103.741875,1038403,
31,projectStatusMaster,2025-03-28T01:00:00.386Z,true,670.54,4870.28,5540.818709,454277,
32,masterAllocationSource,2025-03-28T01:00:00.386Z,true,12.43,4036.6,4049.031125,54,
33,masterSectorsVo2,2025-03-28T01:00:00.386Z,true,13.27,4034.93,4048.2065,464,
34,masterGlobalIndicators,2025-03-28T01:00:00.386Z,true,3.86,4808.88,4812.736792,54905,
35,masterEmergencies,2025-03-28T01:00:00.386Z,true,0.52,4808.08,4808.599292,2278,
36,projectSummary,2025-03-28T01:00:00.386Z,true,12.5,4037.15,4049.6499160000003,20267,
37,projectSummaryAggregate,2025-03-28T01:00:00.386Z,true,15.27,4040.55,4055.823542,44924,
38,HRPSummary,2025-03-28T01:00:00.386Z,true,5.7,4037.24,4042.94675,15934,
39,emergencySummary,2025-03-28T01:00:00.386Z,true,1214.9,4866.85,6081.753916,591994,
1,masterDonors,2025-03-29T01:00:01.327Z,true,4.44,437.56,441.995083,26218,
2,masterFunds,2025-03-29T01:00:01.327Z,true,3.19,370.09,373.279708,112104,
3,masterRegionalFunds,2025-03-29T01:00:01.327Z,true,5.48,350.83,356.31445900000006,1650,
4,masterAllocationTypes,2025-03-29T01:00:01.327Z,true,1.5,391.15,392.648875,242,
5,launchedAllocationsData,2025-03-29T01:00:01.327Z,true,1641.64,9066.38,10708.021084,677798,
6,contributionsData,2025-03-29T01:00:01.327Z,true,18.91,336.01,354.92145800000003,86321,
7,allocationFlowData,2025-03-29T01:00:01.327Z,true,6.17,4013.03,4019.1971249999997,42540,
8,masterPooledFunds,2025-03-29T01:00:01.327Z,true,6.8,4002.52,4009.3162909999996,2095,
9,masterPartners,2025-03-29T01:00:01.327Z,true,5.91,4002.35,4008.2649170000004,107,
10,masterSubPartners,2025-03-29T01:00:01.327Z,true,4.3,4002.3,4006.601167,483,
11,allocationsData,2025-03-29T01:00:01.327Z,true,664.26,4003.46,4667.720584,130284,
12,contributionsTotalData,2025-03-29T01:00:01.327Z,true,1011.57,4009.27,5020.835542,239896,
13,targetedPersonsData,2025-03-29T01:00:01.327Z,true,2646.43,4453.25,7099.6798340000005,373664,
14,targetedPersonsDetailsData,2025-03-29T01:00:01.327Z,true,2420.21,4093.36,6513.565583,1952174,
15,dataGam,2025-03-29T01:00:01.327Z,true,1.27,5049.4,5050.671917,30126,
16,masterGam,2025-03-29T01:00:01.327Z,true,11.98,3985.52,3997.5051250000006,947,
17,masterOrganizations,2025-03-29T01:00:01.327Z,true,1.35,2368.23,2369.578958,258,
18,masterSectors,2025-03-29T01:00:01.327Z,true,2.52,2357.66,2360.174167,1390,
19,allocationsDataResults,2025-03-29T01:00:01.327Z,true,332.28,3983.12,4315.4015,61210,
20,resultsBySector,2025-03-29T01:00:01.327Z,true,56.35,2447.01,2503.357125,916045,
21,resultsByDisability,2025-03-29T01:00:01.327Z,true,0.89,2379.72,2380.608,0,
22,resultsByType,2025-03-29T01:00:01.327Z,true,167.78,2495.47,2663.252167,3002808,
23,resultsByBeneficiaryType,2025-03-29T01:00:01.327Z,true,52.68,2380.25,2432.9297920000004,1216769,
24,resultsByOrganization,2025-03-29T01:00:01.327Z,true,82.64,2490.46,2573.1057920000003,1052110,
25,masterLocations,2025-03-29T01:00:01.327Z,true,57.85,2394.45,2452.295209,862998,
26,masterBeneficiaryType,2025-03-29T01:00:01.327Z,true,1,2361.01,2362.0128750000003,602,
27,projectSummaryProgress,2025-03-29T01:00:01.327Z,true,23.02,3970.14,3993.163042,16959,
28,sectorsData,2025-03-29T01:00:01.327Z,true,4.23,3988.37,3992.594083,5205,
29,globalIndicators,2025-03-29T01:00:01.327Z,true,1337.5,8883.34,10220.833292,458251,
30,masterOrganizationsProgress,2025-03-29T01:00:01.327Z,true,1559.46,4182.85,5742.310375,1038437,
31,projectStatusMaster,2025-03-29T01:00:01.327Z,true,675.13,4072.99,4748.119791,454489,
32,masterAllocationSource,2025-03-29T01:00:01.327Z,true,6.32,3982.07,3988.3992919999996,54,
33,masterSectorsVo2,2025-03-29T01:00:01.327Z,true,2.71,3977.04,3979.7454589999998,464,
34,masterGlobalIndicators,2025-03-29T01:00:01.327Z,true,1.05,4003.47,4004.519916,54905,
35,masterEmergencies,2025-03-29T01:00:01.327Z,true,3.19,3983.1,3986.283,2278,
36,projectSummary,2025-03-29T01:00:01.327Z,true,17.11,3968.34,3985.451583,23125,
37,projectSummaryAggregate,2025-03-29T01:00:01.327Z,true,1.3,4073.92,4075.218791,49468,
38,HRPSummary,2025-03-29T01:00:01.327Z,true,0.48,4071.48,4071.9626249999997,15934,
39,emergencySummary,2025-03-29T01:00:01.327Z,true,1115.09,3981.44,5096.532583,593656,
1,masterDonors,2025-03-30T01:00:00.933Z,true,2.42,438.9,441.317958,26218,
2,masterFunds,2025-03-30T01:00:00.933Z,true,7.42,353.58,360.99783299999996,112104,
3,masterRegionalFunds,2025-03-30T01:00:00.933Z,true,5.8,349.29,355.09166600000003,1650,
4,masterAllocationTypes,2025-03-30T01:00:00.933Z,true,6.21,333.34,339.549125,242,
5,launchedAllocationsData,2025-03-30T01:00:00.933Z,true,1339.6,9486.66,10826.260458,677907,
6,contributionsData,2025-03-30T01:00:00.933Z,true,14.11,339.68,353.781542,86260,
7,allocationFlowData,2025-03-30T01:00:00.933Z,true,2.67,5087.84,5090.5149169999995,42540,
8,masterPooledFunds,2025-03-30T01:00:00.933Z,true,1.68,4798.27,4799.947959,2095,
9,masterPartners,2025-03-30T01:00:00.933Z,true,1.21,4810.68,4811.895792,107,
10,masterSubPartners,2025-03-30T01:00:00.933Z,true,0.41,4809.46,4809.872333,483,
11,allocationsData,2025-03-30T01:00:00.933Z,true,790.81,4897.43,5688.245958,130284,
12,contributionsTotalData,2025-03-30T01:00:00.933Z,true,1680.07,4960.27,6640.342042,239892,
13,targetedPersonsData,2025-03-30T01:00:00.933Z,true,1891.55,5639.14,7530.692,373664,
14,targetedPersonsDetailsData,2025-03-30T01:00:00.933Z,true,2664.32,5703.33,8367.650582999999,1952187,
15,dataGam,2025-03-30T01:00:00.933Z,true,1.84,6466.01,6467.844416,30126,
16,masterGam,2025-03-30T01:00:00.933Z,true,0.37,4872.94,4873.31675,947,
17,masterOrganizations,2025-03-30T01:00:00.933Z,true,2.02,3492.04,3494.062375,258,
18,masterSectors,2025-03-30T01:00:00.933Z,true,1.12,3501.89,3503.0116660000003,1390,
19,allocationsDataResults,2025-03-30T01:00:00.933Z,true,334.91,4827.39,5162.298374999999,61210,
20,resultsBySector,2025-03-30T01:00:00.933Z,true,60.95,3504.52,3565.471875,916045,
21,resultsByDisability,2025-03-30T01:00:00.933Z,true,138.89,3591.42,3730.309583,937298,
22,resultsByType,2025-03-30T01:00:00.933Z,true,181.49,3648.47,3829.957709,3002813,
23,resultsByBeneficiaryType,2025-03-30T01:00:00.933Z,true,137.06,3587.71,3724.7691670000004,1216769,
24,resultsByOrganization,2025-03-30T01:00:00.933Z,true,107.14,3515.01,3622.141458,1052110,
25,masterLocations,2025-03-30T01:00:00.933Z,true,86.65,3537.44,3624.0956669999996,862907,
26,masterBeneficiaryType,2025-03-30T01:00:00.933Z,true,3.12,3514.8,3517.922042,602,
27,projectSummaryProgress,2025-03-30T01:00:00.933Z,true,1.62,4808.5,4810.117875,16959,
28,sectorsData,2025-03-30T01:00:00.933Z,true,0.32,4928.96,4929.279375,5205,
29,globalIndicators,2025-03-30T01:00:00.933Z,true,1133.51,11034.34,12167.85,458288,
30,masterOrganizationsProgress,2025-03-30T01:00:00.933Z,true,1679.31,5275.6,6954.909834,1038459,
31,projectStatusMaster,2025-03-30T01:00:00.933Z,true,666.9,5526.34,6193.239791999999,454442,
32,masterAllocationSource,2025-03-30T01:00:00.933Z,true,0.32,4751.31,4751.634042000001,54,
33,masterSectorsVo2,2025-03-30T01:00:00.933Z,true,2.72,4801.31,4804.0353749999995,464,
34,masterGlobalIndicators,2025-03-30T01:00:00.933Z,true,0.85,4781.68,4782.536333,54905,
35,masterEmergencies,2025-03-30T01:00:00.933Z,true,2.85,4761.32,4764.172334000001,2278,
36,projectSummary,2025-03-30T01:00:00.933Z,true,2.7,4918.99,4921.689249999999,23101,
37,projectSummaryAggregate,2025-03-30T01:00:00.933Z,true,1.92,6349.88,6351.8025,49468,
38,HRPSummary,2025-03-30T01:00:00.933Z,true,0.29,5416.83,5417.118708,15934,
39,emergencySummary,2025-03-30T01:00:00.933Z,true,1683.26,5037.76,6721.020917,593828,
1,masterDonors,2025-03-31T01:00:00.645Z,true,3.71,474.83,478.546458,26218,
2,masterFunds,2025-03-31T01:00:00.645Z,true,9.25,387.91,397.16175000000004,112104,
3,masterRegionalFunds,2025-03-31T01:00:00.645Z,true,3.84,386.96,390.8014590000001,1650,
4,masterAllocationTypes,2025-03-31T01:00:00.645Z,true,6.98,368.04,375.0225,242,
5,launchedAllocationsData,2025-03-31T01:00:00.645Z,true,1347.07,11867.23,13214.298084,679739,
6,contributionsData,2025-03-31T01:00:00.645Z,true,14.73,374.86,389.59795900000006,86260,
7,allocationFlowData,2025-03-31T01:00:00.645Z,true,7.94,6206.98,6214.921958,42540,
8,masterPooledFunds,2025-03-31T01:00:00.645Z,true,1.33,6191.81,6193.14475,2095,
9,masterPartners,2025-03-31T01:00:00.645Z,true,0.4,6178.46,6178.862292000001,107,
10,masterSubPartners,2025-03-31T01:00:00.645Z,true,0.45,5917.53,5917.9878340000005,483,
11,allocationsData,2025-03-31T01:00:00.645Z,true,1015.65,6187.93,7203.580208,130284,
12,contributionsTotalData,2025-03-31T01:00:00.645Z,true,1663.88,6190.59,7854.4675,239894,
13,targetedPersonsData,2025-03-31T01:00:00.645Z,true,2207.29,6561.09,8768.385041,373664,
14,targetedPersonsDetailsData,2025-03-31T01:00:00.645Z,true,2520.84,6197,8717.836707999999,1952187,
15,dataGam,2025-03-31T01:00:00.645Z,true,0.95,8066.66,8067.608249999999,30126,
16,masterGam,2025-03-31T01:00:00.645Z,true,5.99,6149.2,6155.1945,947,
17,masterOrganizations,2025-03-31T01:00:00.645Z,true,3.14,4394.13,4397.268958,258,
18,masterSectors,2025-03-31T01:00:00.645Z,true,1.4,4372.56,4373.9612910000005,1390,
19,allocationsDataResults,2025-03-31T01:00:00.645Z,true,331.01,6135.74,6466.744333,61210,
20,resultsBySector,2025-03-31T01:00:00.645Z,true,134.31,4429.02,4563.338042,916045,
21,resultsByDisability,2025-03-31T01:00:00.645Z,true,76.53,4420.6,4497.1275829999995,937298,
22,resultsByType,2025-03-31T01:00:00.645Z,true,198.22,4547.79,4746.015665999999,3002813,
23,resultsByBeneficiaryType,2025-03-31T01:00:00.645Z,true,180.88,4456.65,4637.530208,1216769,
24,resultsByOrganization,2025-03-31T01:00:00.645Z,true,191.26,4440.79,4632.052334,1052110,
25,masterLocations,2025-03-31T01:00:00.645Z,true,108.28,4529.59,4637.867875,862907,
26,masterBeneficiaryType,2025-03-31T01:00:00.645Z,true,1.37,4403.48,4404.849125000001,602,
27,projectSummaryProgress,2025-03-31T01:00:00.645Z,true,3.24,6142.89,6146.129042,16959,
28,sectorsData,2025-03-31T01:00:00.645Z,true,2.77,6139.96,6142.725917,5205,
29,globalIndicators,2025-03-31T01:00:00.645Z,true,1446.6,12996.31,14442.911125,458295,
30,masterOrganizationsProgress,2025-03-31T01:00:00.645Z,true,1690.85,6213.51,7904.356000000001,1038447,
31,projectStatusMaster,2025-03-31T01:00:00.645Z,true,995.72,6141.58,7137.296042,454366,
32,masterAllocationSource,2025-03-31T01:00:00.645Z,true,2.88,6146.23,6149.112999999999,54,
33,masterSectorsVo2,2025-03-31T01:00:00.645Z,true,3.73,6135.23,6138.959625,464,
34,masterGlobalIndicators,2025-03-31T01:00:00.645Z,true,8.84,6131.9,6140.741833,54905,
35,masterEmergencies,2025-03-31T01:00:00.645Z,true,1.88,6145.85,6147.722124999999,2278,
36,projectSummary,2025-03-31T01:00:00.645Z,true,6.32,6140.88,6147.206209,23101,
37,projectSummaryAggregate,2025-03-31T01:00:00.645Z,true,1.29,6161.52,6162.8067089999995,49468,
38,HRPSummary,2025-03-31T01:00:00.645Z,true,1.76,6132.13,6133.89175,15934,
39,emergencySummary,2025-03-31T01:00:00.645Z,true,1670.35,6244.41,7914.761708,593828,
1,masterDonors,2025-04-01T01:00:01.013Z,true,3.67,441.02,444.684167,26218,
2,masterFunds,2025-04-01T01:00:01.013Z,true,3.76,402.48,406.240917,112104,
3,masterRegionalFunds,2025-04-01T01:00:01.013Z,true,1.83,385.25,387.08812500000005,1650,
4,masterAllocationTypes,2025-04-01T01:00:01.013Z,true,0.91,358.48,359.39020899999997,242,
5,launchedAllocationsData,2025-04-01T01:00:01.013Z,true,1431.26,9269,10700.262542,679739,
6,contributionsData,2025-04-01T01:00:01.013Z,true,16.21,342.87,359.08016699999996,86260,
7,allocationFlowData,2025-04-01T01:00:01.013Z,true,4.76,4871.34,4876.099667,42540,
8,masterPooledFunds,2025-04-01T01:00:01.013Z,true,10.89,4859.75,4870.640542,2095,
9,masterPartners,2025-04-01T01:00:01.013Z,true,8.01,4853.43,4861.437709,107,
10,masterSubPartners,2025-04-01T01:00:01.013Z,true,7.32,4863.07,4870.396416,483,
11,allocationsData,2025-04-01T01:00:01.013Z,true,664.99,4856.23,5521.219292,130284,
12,contributionsTotalData,2025-04-01T01:00:01.013Z,true,1328.6,4856.31,6184.909250000001,239892,
13,targetedPersonsData,2025-04-01T01:00:01.013Z,true,2112,5560.39,7672.3919160000005,373664,
14,targetedPersonsDetailsData,2025-04-01T01:00:01.013Z,true,2442,5014.57,7456.571792000001,1952187,
15,dataGam,2025-04-01T01:00:01.013Z,true,2.61,6119.32,6121.934917,30126,
16,masterGam,2025-04-01T01:00:01.013Z,true,9.34,4841.68,4851.016166,947,
17,masterOrganizations,2025-04-01T01:00:01.013Z,true,1.64,3244.3,3245.9382079999996,258,
18,masterSectors,2025-04-01T01:00:01.013Z,true,6.5,3343.38,3349.887416,1390,
19,allocationsDataResults,2025-04-01T01:00:01.013Z,true,332.4,4840.77,5173.172125,61210,
20,resultsBySector,2025-04-01T01:00:01.013Z,true,244.11,3356.44,3600.5545839999995,916045,
21,resultsByDisability,2025-04-01T01:00:01.013Z,true,64.09,3281.91,3345.990833,937298,
22,resultsByType,2025-04-01T01:00:01.013Z,true,273.75,3332.79,3606.5456249999997,3002808,
23,resultsByBeneficiaryType,2025-04-01T01:00:01.013Z,true,139.12,3326.1,3465.2207500000004,1216769,
24,resultsByOrganization,2025-04-01T01:00:01.013Z,true,239.5,3369.46,3608.963834,1052110,
25,masterLocations,2025-04-01T01:00:01.013Z,true,104.25,3337.53,3441.773375,862907,
26,masterBeneficiaryType,2025-04-01T01:00:01.013Z,true,1.54,3267.97,3269.507834,602,
27,projectSummaryProgress,2025-04-01T01:00:01.013Z,true,9.29,4837.91,4847.194791,16959,
28,sectorsData,2025-04-01T01:00:01.013Z,true,6.36,4839.21,4845.561,5205,
29,globalIndicators,2025-04-01T01:00:01.013Z,true,2122.93,13669.86,15792.798292,458362,
30,masterOrganizationsProgress,2025-04-01T01:00:01.013Z,true,1874.92,5089.51,6964.429917,1038451,
31,projectStatusMaster,2025-04-01T01:00:01.013Z,true,669.88,4988.34,5658.222666000001,454184,
32,masterAllocationSource,2025-04-01T01:00:01.013Z,true,0.34,4871.01,4871.356791,54,
33,masterSectorsVo2,2025-04-01T01:00:01.013Z,true,13.29,4824.94,4838.227125,464,
34,masterGlobalIndicators,2025-04-01T01:00:01.013Z,true,3.02,4838.82,4841.846042,54905,
35,masterEmergencies,2025-04-01T01:00:01.013Z,true,5.48,4834.33,4839.8078749999995,2278,
36,projectSummary,2025-04-01T01:00:01.013Z,true,5.57,4834.02,4839.5938750000005,23101,
37,projectSummaryAggregate,2025-04-01T01:00:01.013Z,true,1.56,5026.14,5027.690416,49468,
38,HRPSummary,2025-04-01T01:00:01.013Z,true,0.55,4937.99,4938.537458,15934,
39,emergencySummary,2025-04-01T01:00:01.013Z,true,1104.16,4835.06,5939.216042,593786,
1,masterDonors,2025-04-02T01:00:01.480Z,true,17.68,426.35,444.030083,26218,
2,masterFunds,2025-04-02T01:00:01.480Z,true,4.39,416.67,421.066417,112104,
3,masterRegionalFunds,2025-04-02T01:00:01.480Z,true,1.3,355.01,356.31475,1650,
4,masterAllocationTypes,2025-04-02T01:00:01.480Z,true,1.6,345.09,346.689625,242,
5,launchedAllocationsData,2025-04-02T01:00:01.480Z,true,1320.31,11476.65,12796.962541,679739,
6,contributionsData,2025-04-02T01:00:01.480Z,true,7.3,344.93,352.2305,86265,
7,allocationFlowData,2025-04-02T01:00:01.480Z,true,1.78,4193.96,4195.732999999999,42540,
8,masterPooledFunds,2025-04-02T01:00:01.480Z,true,0.93,3939.8,3940.7304999999997,2095,
9,masterPartners,2025-04-02T01:00:01.480Z,true,3.62,3935.64,3939.2599170000003,107,
10,masterSubPartners,2025-04-02T01:00:01.480Z,true,2.61,3934.49,3937.09325,483,
11,allocationsData,2025-04-02T01:00:01.480Z,true,766.43,3952.13,4718.564042,130284,
12,contributionsTotalData,2025-04-02T01:00:01.480Z,true,999.93,4013.12,5013.05775,239932,
13,targetedPersonsData,2025-04-02T01:00:01.480Z,true,2213.61,4755.29,6968.899625,373664,
14,targetedPersonsDetailsData,2025-04-02T01:00:01.480Z,true,2355.56,4769.73,7125.284291,1952187,
15,dataGam,2025-04-02T01:00:01.480Z,true,1.04,5662.52,5663.5563329999995,30126,
16,masterGam,2025-04-02T01:00:01.480Z,true,1.77,3925.17,3926.939708,947,
17,masterOrganizations,2025-04-02T01:00:01.480Z,true,1.78,2649.45,2651.2274580000003,258,
18,masterSectors,2025-04-02T01:00:01.480Z,true,1.58,2629.4,2630.979417,1390,
19,allocationsDataResults,2025-04-02T01:00:01.480Z,true,331.55,3923.33,4254.887084,61210,
20,resultsBySector,2025-04-02T01:00:01.480Z,true,29.46,2664.55,2694.004,916045,
21,resultsByDisability,2025-04-02T01:00:01.480Z,true,65.35,2697.46,2762.8122909999997,937298,
22,resultsByType,2025-04-02T01:00:01.480Z,true,65.34,2781.25,2846.589917,3002813,
23,resultsByBeneficiaryType,2025-04-02T01:00:01.480Z,true,43.16,2689.42,2732.581833,1216769,
24,resultsByOrganization,2025-04-02T01:00:01.480Z,true,66.18,2696.72,2762.8981249999997,1052110,
25,masterLocations,2025-04-02T01:00:01.480Z,true,36.6,2737.3,2773.894541,862907,
26,masterBeneficiaryType,2025-04-02T01:00:01.480Z,true,0.96,2652.27,2653.2315830000002,602,
27,projectSummaryProgress,2025-04-02T01:00:01.480Z,true,0.94,5520.41,5521.34825,16959,
28,sectorsData,2025-04-02T01:00:01.480Z,true,1,5517.17,5518.173209,5205,
29,globalIndicators,2025-04-02T01:00:01.480Z,true,1333.8,10034.55,11368.355542,458388,
30,masterOrganizationsProgress,2025-04-02T01:00:01.480Z,true,1653.81,5567.08,7220.897667,1038655,
31,projectStatusMaster,2025-04-02T01:00:01.480Z,true,667.42,5539.08,6206.493417,454143,
32,masterAllocationSource,2025-04-02T01:00:01.480Z,true,0.21,3918.75,3918.9680000000003,54,
33,masterSectorsVo2,2025-04-02T01:00:01.480Z,true,0.4,3915.92,3916.3247920000003,464,
34,masterGlobalIndicators,2025-04-02T01:00:01.480Z,true,1.09,5519.37,5520.453792,54905,
35,masterEmergencies,2025-04-02T01:00:01.480Z,true,8.73,5539.3,5548.023125000001,2278,
36,projectSummary,2025-04-02T01:00:01.480Z,true,1.02,3993.1,3994.1234580000005,23065,
37,projectSummaryAggregate,2025-04-02T01:00:01.480Z,true,1.31,4164.8,4166.108,49468,
38,HRPSummary,2025-04-02T01:00:01.480Z,true,0.47,4070.58,4071.0455,15934,
39,emergencySummary,2025-04-02T01:00:01.480Z,true,1323.58,5546.69,6870.264208,593786,
1,masterDonors,2025-04-04T01:00:01.213Z,true,6.59,437.86,444.44908300000003,26218,
2,masterFunds,2025-04-04T01:00:01.213Z,true,13.51,353.66,367.167541,112104,
3,masterRegionalFunds,2025-04-04T01:00:01.213Z,true,6.81,354.6,361.407875,1650,
4,masterAllocationTypes,2025-04-04T01:00:01.213Z,true,5.45,340.95,346.40454200000005,242,
5,launchedAllocationsData,2025-04-04T01:00:01.213Z,true,1332.45,11408.14,12740.582499999999,680791,
6,contributionsData,2025-04-04T01:00:01.213Z,true,7.28,350.72,357.99779200000006,86265,
7,allocationFlowData,2025-04-04T01:00:01.213Z,true,1.21,4045.26,4046.4761670000003,42571,
8,masterPooledFunds,2025-04-04T01:00:01.213Z,true,0.29,3496.83,3497.11875,2095,
9,masterPartners,2025-04-04T01:00:01.213Z,true,0.25,3424.46,3424.7105840000004,107,
10,masterSubPartners,2025-04-04T01:00:01.213Z,true,0.32,3409.54,3409.859834,483,
11,allocationsData,2025-04-04T01:00:01.213Z,true,676.48,3749.87,4426.353875000001,130865,
12,contributionsTotalData,2025-04-04T01:00:01.213Z,true,1323.4,4036.63,5360.029917,241208,
13,targetedPersonsData,2025-04-04T01:00:01.213Z,true,2139.01,4685.75,6824.757,373808,
14,targetedPersonsDetailsData,2025-04-04T01:00:01.213Z,true,2705.56,4234.82,6940.380125,1953267,
15,dataGam,2025-04-04T01:00:01.213Z,true,0.94,5311.99,5312.9321660000005,30164,
16,masterGam,2025-04-04T01:00:01.213Z,true,0.27,3406.88,3407.1483749999998,947,
17,masterOrganizations,2025-04-04T01:00:01.213Z,true,1.49,2294.86,2296.35475,258,
18,masterSectors,2025-04-04T01:00:01.213Z,true,0.9,2298.51,2299.4090419999998,1390,
19,allocationsDataResults,2025-04-04T01:00:01.213Z,true,330.74,3733.16,4063.9057089999997,61475,
20,resultsBySector,2025-04-04T01:00:01.213Z,true,24.9,2316.54,2341.43375,916045,
21,resultsByDisability,2025-04-04T01:00:01.213Z,true,71.22,2359.49,2430.714792,937298,
22,resultsByType,2025-04-04T01:00:01.213Z,true,68.49,2441.11,2509.604625,3002813,
23,resultsByBeneficiaryType,2025-04-04T01:00:01.213Z,true,60,2346.63,2406.6285,1216769,
24,resultsByOrganization,2025-04-04T01:00:01.213Z,true,66.5,2354.51,2421.00525,1052110,
25,masterLocations,2025-04-04T01:00:01.213Z,true,33.81,2348.46,2382.2737079999997,862907,
26,masterBeneficiaryType,2025-04-04T01:00:01.213Z,true,2.34,2384.53,2386.874625,602,
27,projectSummaryProgress,2025-04-04T01:00:01.213Z,true,3.17,3730.37,3733.543792,19318,
28,sectorsData,2025-04-04T01:00:01.213Z,true,0.92,3731.42,3732.331292,5832,
29,globalIndicators,2025-04-04T01:00:01.213Z,true,1336.06,10209.93,11545.995333,459296,
30,masterOrganizationsProgress,2025-04-04T01:00:01.213Z,true,1763.94,4320.25,6084.186458,1038860,
31,projectStatusMaster,2025-04-04T01:00:01.213Z,true,433.16,4008.26,4441.419,454337,
32,masterAllocationSource,2025-04-04T01:00:01.213Z,true,6.17,3721.91,3728.087917,54,
33,masterSectorsVo2,2025-04-04T01:00:01.213Z,true,3.95,3716.33,3720.2831250000004,464,
34,masterGlobalIndicators,2025-04-04T01:00:01.213Z,true,4.49,3723.38,3727.8759580000005,54905,
35,masterEmergencies,2025-04-04T01:00:01.213Z,true,5.92,3717.13,3723.049625,2278,
36,projectSummary,2025-04-04T01:00:01.213Z,true,5.19,3720.27,3725.4547079999998,26404,
37,projectSummaryAggregate,2025-04-04T01:00:01.213Z,true,1.35,4358.42,4359.778791999999,61608,
38,HRPSummary,2025-04-04T01:00:01.213Z,true,3.1,4004.04,4007.144209,15934,
39,emergencySummary,2025-04-04T01:00:01.213Z,true,2008.79,3720.16,5728.954417,595209,
1,masterDonors,2025-04-05T01:00:01.258Z,true,19.55,413.06,432.603459,26218,
2,masterFunds,2025-04-05T01:00:01.258Z,true,7.7,352.14,359.83995899999996,112104,
3,masterRegionalFunds,2025-04-05T01:00:01.258Z,true,7.39,345.39,352.77808300000004,1650,
4,masterAllocationTypes,2025-04-05T01:00:01.258Z,true,1.71,345.66,347.377291,242,
5,launchedAllocationsData,2025-04-05T01:00:01.258Z,true,1262.95,8868.96,10131.909375,680796,
6,contributionsData,2025-04-05T01:00:01.258Z,true,5.22,349.09,354.30825000000004,86265,
7,allocationFlowData,2025-04-05T01:00:01.258Z,true,1.75,4557.98,4559.726708,42571,
8,masterPooledFunds,2025-04-05T01:00:01.258Z,true,0.43,4160.21,4160.643583,2095,
9,masterPartners,2025-04-05T01:00:01.258Z,true,0.17,4217.95,4218.117125,107,
10,masterSubPartners,2025-04-05T01:00:01.258Z,true,0.33,4176.03,4176.3602089999995,483,
11,allocationsData,2025-04-05T01:00:01.258Z,true,1338.59,4276.65,5615.242208,131104,
12,contributionsTotalData,2025-04-05T01:00:01.258Z,true,2020.42,4325.01,6345.42525,241293,
13,targetedPersonsData,2025-04-05T01:00:01.258Z,true,1859.46,6389.42,8248.876792,374005,
14,targetedPersonsDetailsData,2025-04-05T01:00:01.258Z,true,2445.86,5132.18,7578.040416000001,1953555,
15,dataGam,2025-04-05T01:00:01.258Z,true,1.6,7337.58,7339.180875,30166,
16,masterGam,2025-04-05T01:00:01.258Z,true,0.49,4092.98,4093.469291,947,
17,masterOrganizations,2025-04-05T01:00:01.258Z,true,0.9,2991.55,2992.45025,258,
18,masterSectors,2025-04-05T01:00:01.258Z,true,1.44,2975.52,2976.956833,1390,
19,allocationsDataResults,2025-04-05T01:00:01.258Z,true,335.04,4233.32,4568.362792,61543,
20,resultsBySector,2025-04-05T01:00:01.258Z,true,41.45,3012.62,3054.070417,916045,
21,resultsByDisability,2025-04-05T01:00:01.258Z,true,84.75,3032.53,3117.282834,937298,
22,resultsByType,2025-04-05T01:00:01.258Z,true,64.56,3117.55,3182.118834,3002813,
23,resultsByBeneficiaryType,2025-04-05T01:00:01.258Z,true,84.78,3035,3119.7867499999998,1216769,
24,resultsByOrganization,2025-04-05T01:00:01.258Z,true,86.42,3024.76,3111.1845000000003,1052110,
25,masterLocations,2025-04-05T01:00:01.258Z,true,45.56,3021.31,3066.8672500000002,862907,
26,masterBeneficiaryType,2025-04-05T01:00:01.258Z,true,1.23,3008.86,3010.094125,602,
27,projectSummaryProgress,2025-04-05T01:00:01.258Z,true,0.71,4208,4208.7137920000005,19977,
28,sectorsData,2025-04-05T01:00:01.258Z,true,0.22,4265.57,4265.783458000001,6110,
29,globalIndicators,2025-04-05T01:00:01.258Z,true,1218.68,10863.9,12082.578875,460039,
30,masterOrganizationsProgress,2025-04-05T01:00:01.258Z,true,1447.23,4555.9,6003.133583,1038857,
31,projectStatusMaster,2025-04-05T01:00:01.258Z,true,1006.19,4463.26,5469.446459,454227,
32,masterAllocationSource,2025-04-05T01:00:01.258Z,true,0.23,4209.87,4210.0935,54,
33,masterSectorsVo2,2025-04-05T01:00:01.258Z,true,0.16,4195.03,4195.196667,464,
34,masterGlobalIndicators,2025-04-05T01:00:01.258Z,true,1.88,4146.14,4148.02075,54905,
35,masterEmergencies,2025-04-05T01:00:01.258Z,true,0.35,4168.29,4168.645417,2278,
36,projectSummary,2025-04-05T01:00:01.258Z,true,1.61,4200.1,4201.7065,27387,
37,projectSummaryAggregate,2025-04-05T01:00:01.258Z,true,1.93,4691.93,4693.858792,62753,
38,HRPSummary,2025-04-05T01:00:01.258Z,true,0.4,4425.42,4425.819542,15934,
39,emergencySummary,2025-04-05T01:00:01.258Z,true,2764.09,4236.27,7000.365875,595677,
1,masterDonors,2025-04-06T01:00:01.505Z,true,20.93,426.91,447.84045799999996,26218,
2,masterFunds,2025-04-06T01:00:01.505Z,true,12.79,354.94,367.72479200000004,112104,
3,masterRegionalFunds,2025-04-06T01:00:01.505Z,true,4.45,358.34,362.78379200000006,1650,
4,masterAllocationTypes,2025-04-06T01:00:01.505Z,true,1.69,344.78,346.470541,242,
5,launchedAllocationsData,2025-04-06T01:00:01.505Z,true,1350.04,7723.45,9073.492333999999,680800,
6,contributionsData,2025-04-06T01:00:01.505Z,true,11.01,347.53,358.540625,86265,
7,allocationFlowData,2025-04-06T01:00:01.505Z,true,1.11,4999.21,5000.321375,42626,
8,masterPooledFunds,2025-04-06T01:00:01.505Z,true,0.45,4479.18,4479.627208,2095,
9,masterPartners,2025-04-06T01:00:01.505Z,true,0.29,4485.56,4485.856834,107,
10,masterSubPartners,2025-04-06T01:00:01.505Z,true,0.3,4481.49,4481.793084,483,
11,allocationsData,2025-04-06T01:00:01.505Z,true,768.66,4481.33,5249.992708,131209,
12,contributionsTotalData,2025-04-06T01:00:01.505Z,true,996.79,4597.51,5594.2999580000005,241293,
13,targetedPersonsData,2025-04-06T01:00:01.505Z,true,2030.26,5203.16,7233.425917,374227,
14,targetedPersonsDetailsData,2025-04-06T01:00:01.505Z,true,2487.21,5165.88,7653.09225,1953795,
15,dataGam,2025-04-06T01:00:01.505Z,true,2.3,5720.16,5722.461125,30206,
16,masterGam,2025-04-06T01:00:01.505Z,true,0.56,4535.98,4536.537249999999,947,
17,masterOrganizations,2025-04-06T01:00:01.505Z,true,3.19,3272.97,3276.157375,258,
18,masterSectors,2025-04-06T01:00:01.505Z,true,1.24,3273.55,3274.788208,1390,
19,allocationsDataResults,2025-04-06T01:00:01.505Z,true,329.55,4455.92,4785.469459000001,61572,
20,resultsBySector,2025-04-06T01:00:01.505Z,true,25.59,3667.23,3692.8244999999997,916045,
21,resultsByDisability,2025-04-06T01:00:01.505Z,true,44.4,3328.68,3373.084542,937298,
22,resultsByType,2025-04-06T01:00:01.505Z,true,79.8,3388.3,3468.1054169999998,3002813,
23,resultsByBeneficiaryType,2025-04-06T01:00:01.505Z,true,40.18,3318.23,3358.418209,1216769,
24,resultsByOrganization,2025-04-06T01:00:01.505Z,true,33.67,3365.63,3399.300625,1052110,
25,masterLocations,2025-04-06T01:00:01.505Z,true,21.19,3298.2,3319.384333,862907,
26,masterBeneficiaryType,2025-04-06T01:00:01.505Z,true,2.07,3258.87,3260.939459,602,
27,projectSummaryProgress,2025-04-06T01:00:01.505Z,true,1.05,4464.7,4465.7495,20692,
28,sectorsData,2025-04-06T01:00:01.505Z,true,0.34,5500.34,5500.684625,6397,
29,globalIndicators,2025-04-06T01:00:01.505Z,true,1024.91,13019.22,14044.132834,460972,
30,masterOrganizationsProgress,2025-04-06T01:00:01.505Z,true,1642.31,5711.07,7353.380709,1038877,
31,projectStatusMaster,2025-04-06T01:00:01.505Z,true,1006.55,4578.72,5585.267583000001,454321,
32,masterAllocationSource,2025-04-06T01:00:01.505Z,true,0.21,4472.62,4472.836708,54,
33,masterSectorsVo2,2025-04-06T01:00:01.505Z,true,0.19,4461.29,4461.480208,464,
34,masterGlobalIndicators,2025-04-06T01:00:01.505Z,true,1.08,4465.62,4466.699833000001,54905,
35,masterEmergencies,2025-04-06T01:00:01.505Z,true,0.36,4485.87,4486.236,2278,
36,projectSummary,2025-04-06T01:00:01.505Z,true,2.45,4511.21,4513.661833,28395,
37,projectSummaryAggregate,2025-04-06T01:00:01.505Z,true,1.54,4966.83,4968.369459,64527,
38,HRPSummary,2025-04-06T01:00:01.505Z,true,0.31,4754.05,4754.357333,15934,
39,emergencySummary,2025-04-06T01:00:01.505Z,true,1720.41,4746.27,6466.685750000001,596159,
1,masterDonors,2025-04-07T01:00:00.581Z,true,3.43,452.03,455.453334,26218,
2,masterFunds,2025-04-07T01:00:00.581Z,true,7.77,366.62,374.388041,112104,
3,masterRegionalFunds,2025-04-07T01:00:00.581Z,true,6.65,362.1,368.75162499999993,1650,
4,masterAllocationTypes,2025-04-07T01:00:00.581Z,true,1.62,357.18,358.798167,242,
5,launchedAllocationsData,2025-04-07T01:00:00.581Z,true,1535.22,18975.27,20510.491042,680801,
6,contributionsData,2025-04-07T01:00:00.581Z,true,22.48,345.14,367.613125,86265,
7,allocationFlowData,2025-04-07T01:00:00.581Z,true,3.83,5029.43,5033.264459,42626,
8,masterPooledFunds,2025-04-07T01:00:00.581Z,true,7.54,5006.56,5014.107166000001,2095,
9,masterPartners,2025-04-07T01:00:00.581Z,true,8.61,5003.67,5012.278458000001,107,
10,masterSubPartners,2025-04-07T01:00:00.581Z,true,5.81,5004.74,5010.552667,483,
11,allocationsData,2025-04-07T01:00:00.581Z,true,781.28,5013.67,5794.949125,131209,
12,contributionsTotalData,2025-04-07T01:00:00.581Z,true,1540.16,5018.92,6559.0745,241293,
13,targetedPersonsData,2025-04-07T01:00:00.581Z,true,2311.14,5548.99,7860.127625,374226,
14,targetedPersonsDetailsData,2025-04-07T01:00:00.581Z,true,2453.31,5288.21,7741.521874999999,1953796,
15,dataGam,2025-04-07T01:00:00.581Z,true,8.73,6477,6485.727416,30206,
16,masterGam,2025-04-07T01:00:00.581Z,true,0.54,4515.81,4516.3465,947,
17,masterOrganizations,2025-04-07T01:00:00.581Z,true,1.72,3252.28,3253.998125,258,
18,masterSectors,2025-04-07T01:00:00.581Z,true,1.31,3274.07,3275.379666,1390,
19,allocationsDataResults,2025-04-07T01:00:00.581Z,true,334,4993.74,5327.741917,61572,
20,resultsBySector,2025-04-07T01:00:00.581Z,true,36.13,3312.39,3348.5126659999996,916045,
21,resultsByDisability,2025-04-07T01:00:00.581Z,true,47.57,3370.75,3418.321792,937298,
22,resultsByType,2025-04-07T01:00:00.581Z,true,70.23,3404.51,3474.744375,3002813,
23,resultsByBeneficiaryType,2025-04-07T01:00:00.581Z,true,43.93,3356.03,3399.9606670000003,1216769,
24,resultsByOrganization,2025-04-07T01:00:00.581Z,true,55.9,3315.45,3371.34875,1052110,
25,masterLocations,2025-04-07T01:00:00.581Z,true,35.49,3326.59,3362.087459,862907,
26,masterBeneficiaryType,2025-04-07T01:00:00.581Z,true,2.11,3296.79,3298.9058330000003,602,
27,projectSummaryProgress,2025-04-07T01:00:00.581Z,true,6.36,4990.89,4997.258459,20692,
28,sectorsData,2025-04-07T01:00:00.581Z,true,3.39,4989.02,4992.4057920000005,6397,
29,globalIndicators,2025-04-07T01:00:00.581Z,true,1760.94,18977.28,20738.225792,460977,
30,masterOrganizationsProgress,2025-04-07T01:00:00.581Z,true,1464.16,5256.57,6720.7291669999995,1038896,
31,projectStatusMaster,2025-04-07T01:00:00.581Z,true,770.59,4988.76,5759.349209,454333,
32,masterAllocationSource,2025-04-07T01:00:00.581Z,true,0.71,4977.64,4978.356667,54,
33,masterSectorsVo2,2025-04-07T01:00:00.581Z,true,4.43,4972.53,4976.956125000001,464,
34,masterGlobalIndicators,2025-04-07T01:00:00.581Z,true,4.88,4988.73,4993.611625,54905,
35,masterEmergencies,2025-04-07T01:00:00.581Z,true,0.51,4991.9,4992.4052919999995,2278,
36,projectSummary,2025-04-07T01:00:00.581Z,true,4.04,4970.69,4974.724625,28395,
37,projectSummaryAggregate,2025-04-07T01:00:00.581Z,true,1.98,5380.01,5381.993458,64527,
38,HRPSummary,2025-04-07T01:00:00.581Z,true,4.61,4977.81,4982.422667,15934,
39,emergencySummary,2025-04-07T01:00:00.581Z,true,1762.6,4986.08,6748.684249999999,596159,
1,masterDonors,2025-04-08T01:00:01.326Z,true,8.15,401.65,409.80225,26218,
2,masterFunds,2025-04-08T01:00:01.326Z,true,8.08,336.7,344.77637500000003,112104,
3,masterRegionalFunds,2025-04-08T01:00:01.326Z,true,3.63,334.99,338.619125,1650,
4,masterAllocationTypes,2025-04-08T01:00:01.326Z,true,1.26,334.88,336.13841699999995,242,
5,launchedAllocationsData,2025-04-08T01:00:01.326Z,true,1337.71,7221.28,8558.9885,680801,
6,contributionsData,2025-04-08T01:00:01.326Z,true,20.39,318.06,338.454541,86265,
7,allocationFlowData,2025-04-08T01:00:01.326Z,true,2.26,4884.36,4886.618875,42626,
8,masterPooledFunds,2025-04-08T01:00:01.326Z,true,0.43,4546.15,4546.587082999999,2095,
9,masterPartners,2025-04-08T01:00:01.326Z,true,0.44,4574.39,4574.8322499999995,107,
10,masterSubPartners,2025-04-08T01:00:01.326Z,true,0.45,4460.39,4460.839875,483,
11,allocationsData,2025-04-08T01:00:01.326Z,true,772.29,4550.75,5323.041084,131209,
12,contributionsTotalData,2025-04-08T01:00:01.326Z,true,1109.23,4619.52,5728.7505,241576,
13,targetedPersonsData,2025-04-08T01:00:01.326Z,true,1433.57,5217.7,6651.264291,374241,
14,targetedPersonsDetailsData,2025-04-08T01:00:01.326Z,true,2335.39,5190.22,7525.614875,1953919,
15,dataGam,2025-04-08T01:00:01.326Z,true,0.9,5772.97,5773.874209,30206,
16,masterGam,2025-04-08T01:00:01.326Z,true,0.29,4470.6,4470.8898340000005,947,
17,masterOrganizations,2025-04-08T01:00:01.326Z,true,1.14,3364.7,3365.842333,258,
18,masterSectors,2025-04-08T01:00:01.326Z,true,0.93,3380.96,3381.895333,1390,
19,allocationsDataResults,2025-04-08T01:00:01.326Z,true,332.52,4544.17,4876.688875,61572,
20,resultsBySector,2025-04-08T01:00:01.326Z,true,56.57,3392.55,3449.123875,916045,
21,resultsByDisability,2025-04-08T01:00:01.326Z,true,64.42,3389.39,3453.803333,937298,
22,resultsByType,2025-04-08T01:00:01.326Z,true,66.15,3496.1,3562.249459,3002813,
23,resultsByBeneficiaryType,2025-04-08T01:00:01.326Z,true,88.91,3392.5,3481.4135840000004,1216769,
24,resultsByOrganization,2025-04-08T01:00:01.326Z,true,85.27,3413.81,3499.0787920000002,1052110,
25,masterLocations,2025-04-08T01:00:01.326Z,true,46.45,3384.16,3430.607,862907,
26,masterBeneficiaryType,2025-04-08T01:00:01.326Z,true,3.15,3355.31,3358.461458,602,
27,projectSummaryProgress,2025-04-08T01:00:01.326Z,true,1.62,4555.57,4557.187167,20692,
28,sectorsData,2025-04-08T01:00:01.326Z,true,0.19,4591.65,4591.840125,6397,
29,globalIndicators,2025-04-08T01:00:01.326Z,true,1656.23,9451.78,11108.008833,460981,
30,masterOrganizationsProgress,2025-04-08T01:00:01.326Z,true,1435.71,4995.46,6431.17475,1039002,
31,projectStatusMaster,2025-04-08T01:00:01.326Z,true,763.93,4738.33,5502.253874999999,454303,
32,masterAllocationSource,2025-04-08T01:00:01.326Z,true,2.64,4531.49,4534.129916,54,
33,masterSectorsVo2,2025-04-08T01:00:01.326Z,true,0.17,4550.35,4550.516416,464,
34,masterGlobalIndicators,2025-04-08T01:00:01.326Z,true,0.94,4568.89,4569.82575,54905,
35,masterEmergencies,2025-04-08T01:00:01.326Z,true,0.19,4528.27,4528.457958,2278,
36,projectSummary,2025-04-08T01:00:01.326Z,true,1.61,4531.31,4532.916875000001,28395,
37,projectSummaryAggregate,2025-04-08T01:00:01.326Z,true,1.77,16751.19,16752.9635,64527,
38,HRPSummary,2025-04-08T01:00:01.326Z,true,0.18,4595.07,4595.250833,15934,
39,emergencySummary,2025-04-08T01:00:01.326Z,true,1649.72,4720.63,6370.347208,596161,
1,masterDonors,2025-04-12T01:00:00.896Z,true,14.24,424.23,438.46329199999997,26218,
2,masterFunds,2025-04-12T01:00:00.896Z,true,24.99,333.1,358.08783300000005,112104,
3,masterRegionalFunds,2025-04-12T01:00:00.896Z,true,10.03,341.81,351.8422499999999,1650,
4,masterAllocationTypes,2025-04-12T01:00:00.896Z,true,2,342.83,344.825208,242,
5,launchedAllocationsData,2025-04-12T01:00:00.896Z,true,1296.19,7233.4,8529.592792,685926,
6,contributionsData,2025-04-12T01:00:00.896Z,true,9.02,342.76,351.777375,86747,
7,allocationFlowData,2025-04-12T01:00:00.896Z,true,9.3,4999.58,5008.8765,42653,
8,masterPooledFunds,2025-04-12T01:00:00.896Z,true,8.24,4997.59,5005.826083,2095,
9,masterPartners,2025-04-12T01:00:00.896Z,true,8.63,4985.71,4994.3395,107,
10,masterSubPartners,2025-04-12T01:00:00.896Z,true,9.06,4993.75,5002.810874999999,483,
11,allocationsData,2025-04-12T01:00:00.896Z,true,1325.3,4987.15,6312.452584,131139,
12,contributionsTotalData,2025-04-12T01:00:00.896Z,true,1335.63,4993.47,6329.096208999999,241599,
13,targetedPersonsData,2025-04-12T01:00:00.896Z,true,1431.83,4996.33,6428.1551660000005,374892,
14,targetedPersonsDetailsData,2025-04-12T01:00:00.896Z,true,2440.14,4993.99,7434.133792,1955776,
15,dataGam,2025-04-12T01:00:00.896Z,true,1.09,5400.5,5401.58375,30259,
16,masterGam,2025-04-12T01:00:00.896Z,true,6.42,4977.66,4984.079292,947,
17,masterOrganizations,2025-04-12T01:00:00.896Z,true,1.21,3069.72,3070.936125,258,
18,masterSectors,2025-04-12T01:00:00.896Z,true,1.7,3059.15,3060.847333,1390,
19,allocationsDataResults,2025-04-12T01:00:00.896Z,true,329.43,4976.16,5305.592625,61541,
20,resultsBySector,2025-04-12T01:00:00.896Z,true,42.43,3088.44,3130.8749169999996,919442,
21,resultsByDisability,2025-04-12T01:00:00.896Z,true,30.63,3080.21,3110.831833,940442,
22,resultsByType,2025-04-12T01:00:00.896Z,true,81.77,3173.35,3255.1219579999997,3013223,
23,resultsByBeneficiaryType,2025-04-12T01:00:00.896Z,true,55.52,3129.79,3185.308792,1221726,
24,resultsByOrganization,2025-04-12T01:00:00.896Z,true,49.41,3112.17,3161.578208,1055548,
25,masterLocations,2025-04-12T01:00:00.896Z,true,44.06,3123.93,3167.9905000000003,865183,
26,masterBeneficiaryType,2025-04-12T01:00:00.896Z,true,0.98,3065.57,3066.5533339999997,602,
27,projectSummaryProgress,2025-04-12T01:00:00.896Z,true,17.84,4961.95,4979.794333,23413,
28,sectorsData,2025-04-12T01:00:00.896Z,true,5,4963.48,4968.486167,7566,
29,globalIndicators,2025-04-12T01:00:00.896Z,true,1101.17,8073.74,9174.905874999999,462992,
30,masterOrganizationsProgress,2025-04-12T01:00:00.896Z,true,1671.31,5053.16,6724.475209,1039002,
31,projectStatusMaster,2025-04-12T01:00:00.896Z,true,664.17,5028.74,5692.913166,454363,
32,masterAllocationSource,2025-04-12T01:00:00.896Z,true,9.73,4964.52,4974.258583,54,
33,masterSectorsVo2,2025-04-12T01:00:00.896Z,true,4.8,4969.5,4974.297458,464,
34,masterGlobalIndicators,2025-04-12T01:00:00.896Z,true,13.19,4961.6,4974.797458,54905,
35,masterEmergencies,2025-04-12T01:00:00.896Z,true,5.64,4966.97,4972.614375,2278,
36,projectSummary,2025-04-12T01:00:00.896Z,true,2.75,4970.36,4973.115875,31966,
37,projectSummaryAggregate,2025-04-12T01:00:00.896Z,true,5.88,4966.79,4972.6692920000005,79978,
38,HRPSummary,2025-04-12T01:00:00.896Z,true,0.32,5087.79,5088.103083,15934,
39,emergencySummary,2025-04-12T01:00:00.896Z,true,1214.82,5058.2,6273.012709,598963,
1,masterDonors,2025-04-15T01:00:01.167Z,true,3.74,421.1,424.845709,26218,
2,masterFunds,2025-04-15T01:00:01.167Z,true,18.01,332.47,350.48600000000005,112104,
3,masterRegionalFunds,2025-04-15T01:00:01.167Z,true,1.37,344.09,345.46141600000004,1650,
4,masterAllocationTypes,2025-04-15T01:00:01.167Z,true,1.7,334.83,336.530042,242,
5,launchedAllocationsData,2025-04-15T01:00:01.167Z,true,1339.42,6933,8272.417708,688312,
6,contributionsData,2025-04-15T01:00:01.167Z,true,9.36,335.15,344.511708,86747,
7,allocationFlowData,2025-04-15T01:00:01.167Z,true,2.16,4292.58,4294.738625,42654,
8,masterPooledFunds,2025-04-15T01:00:01.167Z,true,5.37,4286.66,4292.029958,2095,
9,masterPartners,2025-04-15T01:00:01.167Z,true,4.66,4286.36,4291.0164159999995,107,
10,masterSubPartners,2025-04-15T01:00:01.167Z,true,7.1,4282.2,4289.298291,483,
11,allocationsData,2025-04-15T01:00:01.167Z,true,769.91,4302.68,5072.594958,131141,
12,contributionsTotalData,2025-04-15T01:00:01.167Z,true,1436.65,4282.88,5719.532625,241622,
13,targetedPersonsData,2025-04-15T01:00:01.167Z,true,2683.97,4290.04,6974.008833,374901,
14,targetedPersonsDetailsData,2025-04-15T01:00:01.167Z,true,2319.1,4282.92,6602.02075,1956461,
15,dataGam,2025-04-15T01:00:01.167Z,true,1.06,5184.75,5185.8067089999995,30264,
16,masterGam,2025-04-15T01:00:01.167Z,true,6.16,4273.38,4279.537,947,
17,masterOrganizations,2025-04-15T01:00:01.167Z,true,1.21,2266.94,2268.158166,258,
18,masterSectors,2025-04-15T01:00:01.167Z,true,3.05,2263.81,2266.857291,1390,
19,allocationsDataResults,2025-04-15T01:00:01.167Z,true,332.83,4273.23,4606.055792,61543,
20,resultsBySector,2025-04-15T01:00:01.167Z,true,43.42,2313.2,2356.610584,920116,
21,resultsByDisability,2025-04-15T01:00:01.167Z,true,53.8,2371.41,2425.20675,941172,
22,resultsByType,2025-04-15T01:00:01.167Z,true,98.24,2367.1,2465.344208,3014025,
23,resultsByBeneficiaryType,2025-04-15T01:00:01.167Z,true,56.86,2307.49,2364.349208,1222562,
24,resultsByOrganization,2025-04-15T01:00:01.167Z,true,63.33,2325.62,2388.9575,1056288,
25,masterLocations,2025-04-15T01:00:01.167Z,true,16.92,2284.15,2301.063542,865183,
26,masterBeneficiaryType,2025-04-15T01:00:01.167Z,true,0.77,2279.88,2280.653542,602,
27,projectSummaryProgress,2025-04-15T01:00:01.167Z,true,8.58,4274.72,4283.2934589999995,24693,
28,sectorsData,2025-04-15T01:00:01.167Z,true,4.31,4275.23,4279.539417,7918,
29,globalIndicators,2025-04-15T01:00:01.167Z,true,1989.9,7348.19,9338.095208,463267,
30,masterOrganizationsProgress,2025-04-15T01:00:01.167Z,true,1771.03,4376.03,6147.0560829999995,1039112,
31,projectStatusMaster,2025-04-15T01:00:01.167Z,true,669.37,4393.25,5062.6233330000005,454324,
32,masterAllocationSource,2025-04-15T01:00:01.167Z,true,1.95,4276.34,4278.295375,54,
33,masterSectorsVo2,2025-04-15T01:00:01.167Z,true,2.39,4260.66,4263.056042,464,
34,masterGlobalIndicators,2025-04-15T01:00:01.167Z,true,6.91,4270.28,4277.191500000001,54905,
35,masterEmergencies,2025-04-15T01:00:01.167Z,true,4.78,4270.72,4275.496708000001,2278,
36,projectSummary,2025-04-15T01:00:01.167Z,true,3.96,4271.65,4275.604916,33848,
37,projectSummaryAggregate,2025-04-15T01:00:01.167Z,true,5.22,4269.73,4274.94675,81314,
38,HRPSummary,2025-04-15T01:00:01.167Z,true,0.24,4366.25,4366.497083,15934,
39,emergencySummary,2025-04-15T01:00:01.167Z,true,1673.67,4261.27,5934.946875,599944,
1,masterDonors,2025-04-17T01:00:01.239Z,true,4.87,434.57,439.444208,26218,
2,masterFunds,2025-04-17T01:00:01.239Z,true,15.78,335.49,351.275333,112104,
3,masterRegionalFunds,2025-04-17T01:00:01.239Z,true,2.22,355.77,357.99316699999997,1650,
4,masterAllocationTypes,2025-04-17T01:00:01.239Z,true,1.46,342.03,343.486,242,
5,launchedAllocationsData,2025-04-17T01:00:01.239Z,true,1333.2,6859.32,8192.518708,691189,
6,contributionsData,2025-04-17T01:00:01.239Z,true,7.06,348.36,355.42075,86748,
7,allocationFlowData,2025-04-17T01:00:01.239Z,true,2.74,3879.76,3882.5001249999996,42655,
8,masterPooledFunds,2025-04-17T01:00:01.239Z,true,1.47,3758.49,3759.960708,2095,
9,masterPartners,2025-04-17T01:00:01.239Z,true,0.35,3829.49,3829.8395830000004,107,
10,masterSubPartners,2025-04-17T01:00:01.239Z,true,0.22,3879.61,3879.825167,483,
11,allocationsData,2025-04-17T01:00:01.239Z,true,672.39,3870.14,4542.525375,131345,
12,contributionsTotalData,2025-04-17T01:00:01.239Z,true,1755.98,3870.38,5626.360541,241611,
13,targetedPersonsData,2025-04-17T01:00:01.239Z,true,2012.55,4661.95,6674.4977499999995,374924,
14,targetedPersonsDetailsData,2025-04-17T01:00:01.239Z,true,2549.68,3963.35,6513.026709000001,1957563,
15,dataGam,2025-04-17T01:00:01.239Z,true,1.27,4784.29,4785.5665,30268,
16,masterGam,2025-04-17T01:00:01.239Z,true,0.44,3746.49,3746.9290410000003,947,
17,masterOrganizations,2025-04-17T01:00:01.239Z,true,4.05,2496.32,2500.37525,258,
18,masterSectors,2025-04-17T01:00:01.239Z,true,1.46,2460.55,2462.011292,1390,
19,allocationsDataResults,2025-04-17T01:00:01.239Z,true,345.41,3853.26,4198.6680830000005,61650,
20,resultsBySector,2025-04-17T01:00:01.239Z,true,61.78,2502.93,2564.716625,921706,
21,resultsByDisability,2025-04-17T01:00:01.239Z,true,46.52,2481.21,2527.731458,942145,
22,resultsByType,2025-04-17T01:00:01.239Z,true,82.12,2567.36,2649.483667,3015762,
23,resultsByBeneficiaryType,2025-04-17T01:00:01.239Z,true,71.58,2500.48,2572.059042,1223921,
24,resultsByOrganization,2025-04-17T01:00:01.239Z,true,67.3,2527.24,2594.534833,1057275,
25,masterLocations,2025-04-17T01:00:01.239Z,true,32.35,2487.27,2519.619125,865956,
26,masterBeneficiaryType,2025-04-17T01:00:01.239Z,true,1.24,2469.86,2471.097792,602,
27,projectSummaryProgress,2025-04-17T01:00:01.239Z,true,5.18,3845.52,3850.705167,26168,
28,sectorsData,2025-04-17T01:00:01.239Z,true,5.61,3842.73,3848.345,8293,
29,globalIndicators,2025-04-17T01:00:01.239Z,true,3103.24,6260.88,9364.114958,464533,
30,masterOrganizationsProgress,2025-04-17T01:00:01.239Z,true,1673.83,4214.89,5888.720958,1039067,
31,projectStatusMaster,2025-04-17T01:00:01.239Z,true,675.09,4205.29,4880.381875,454480,
32,masterAllocationSource,2025-04-17T01:00:01.239Z,true,1.78,3842.67,3844.4449999999997,54,
33,masterSectorsVo2,2025-04-17T01:00:01.239Z,true,6.8,3836.56,3843.3600420000002,464,
34,masterGlobalIndicators,2025-04-17T01:00:01.239Z,true,1.41,3843.26,3844.6735,54905,
35,masterEmergencies,2025-04-17T01:00:01.239Z,true,0.31,3869.58,3869.893791,2278,
36,projectSummary,2025-04-17T01:00:01.239Z,true,0.89,3877.17,3878.0521659999995,35694,
37,projectSummaryAggregate,2025-04-17T01:00:01.239Z,true,1.44,12009.21,12010.649707999999,84897,
38,HRPSummary,2025-04-17T01:00:01.239Z,true,1.18,3931.91,3933.08375,15934,
39,emergencySummary,2025-04-17T01:00:01.239Z,true,1676.84,3895.27,5572.107540999999,601548,
1,masterDonors,2025-04-21T01:00:01.120Z,true,5.72,462.72,468.435875,26218,
2,masterFunds,2025-04-21T01:00:01.120Z,true,10.82,347.14,357.95941700000003,112104,
3,masterRegionalFunds,2025-04-21T01:00:01.120Z,true,9.88,341.71,351.5916249999999,1650,
4,masterAllocationTypes,2025-04-21T01:00:01.120Z,true,5.89,331.44,337.32516599999997,242,
5,launchedAllocationsData,2025-04-21T01:00:01.120Z,true,1419.36,6317.95,7737.306333,695086,
6,contributionsData,2025-04-21T01:00:01.120Z,true,6.65,345.22,351.87795800000004,86748,
7,allocationFlowData,2025-04-21T01:00:01.120Z,true,330.41,5855.38,6185.78575,42678,
8,masterPooledFunds,2025-04-21T01:00:01.120Z,true,0.36,4494.92,4495.278542,2095,
9,masterPartners,2025-04-21T01:00:01.120Z,true,2.43,4520.61,4523.033208,107,
10,masterSubPartners,2025-04-21T01:00:01.120Z,true,0.63,4414.53,4415.160583,483,
11,allocationsData,2025-04-21T01:00:01.120Z,true,1088.5,4524.36,5612.861375,131456,
12,contributionsTotalData,2025-04-21T01:00:01.120Z,true,1345.02,4549.44,5894.452625,241605,
13,targetedPersonsData,2025-04-21T01:00:01.120Z,true,1654.3,4918.97,6573.268417,374942,
14,targetedPersonsDetailsData,2025-04-21T01:00:01.120Z,true,2643.69,4788.28,7431.961834,1958077,
15,dataGam,2025-04-21T01:00:01.120Z,true,1.38,5630.42,5631.800292,30300,
16,masterGam,2025-04-21T01:00:01.120Z,true,0.52,4423.95,4424.469417,947,
17,masterOrganizations,2025-04-21T01:00:01.120Z,true,3.44,3279.23,3282.6701249999996,258,
18,masterSectors,2025-04-21T01:00:01.120Z,true,1.37,3280.13,3281.50075,1390,
19,allocationsDataResults,2025-04-21T01:00:01.120Z,true,336.04,4506.78,4842.820417,61703,
20,resultsBySector,2025-04-21T01:00:01.120Z,true,70.2,3331.22,3401.417417,922280,
21,resultsByDisability,2025-04-21T01:00:01.120Z,true,49.41,3306.09,3355.4962920000003,942682,
22,resultsByType,2025-04-21T01:00:01.120Z,true,70.77,3405.74,3476.512292,3019251,
23,resultsByBeneficiaryType,2025-04-21T01:00:01.120Z,true,79.96,3324.74,3404.6984580000003,1225183,
24,resultsByOrganization,2025-04-21T01:00:01.120Z,true,83.28,3326.52,3409.797208,1057820,
25,masterLocations,2025-04-21T01:00:01.120Z,true,50.11,3318.49,3368.600958,868273,
26,masterBeneficiaryType,2025-04-21T01:00:01.120Z,true,1.51,3279.4,3280.911333,602,
27,projectSummaryProgress,2025-04-21T01:00:01.120Z,true,4.71,4495.17,4499.8836249999995,26863,
28,sectorsData,2025-04-21T01:00:01.120Z,true,0.33,4628.61,4628.936084,8661,
29,globalIndicators,2025-04-21T01:00:01.120Z,true,1671.72,7813.11,9484.836833000001,465440,
30,masterOrganizationsProgress,2025-04-21T01:00:01.120Z,true,1443.11,5201.38,6644.488208,1042372,
31,projectStatusMaster,2025-04-21T01:00:01.120Z,true,1002.1,4634.44,5636.541292,454342,
32,masterAllocationSource,2025-04-21T01:00:01.120Z,true,4.69,4489.4,4494.089833,54,
33,masterSectorsVo2,2025-04-21T01:00:01.120Z,true,1.43,4493.19,4494.618917,464,
34,masterGlobalIndicators,2025-04-21T01:00:01.120Z,true,1.43,4553.16,4554.589792,54905,
35,masterEmergencies,2025-04-21T01:00:01.120Z,true,1.91,4518.21,4520.118792,2278,
36,projectSummary,2025-04-21T01:00:01.120Z,true,3.61,4489.66,4493.274125,36618,
37,projectSummaryAggregate,2025-04-21T01:00:01.120Z,true,1.67,4716.97,4718.636333,86165,
38,HRPSummary,2025-04-21T01:00:01.120Z,true,0.38,4598.58,4598.9590419999995,15934,
39,emergencySummary,2025-04-21T01:00:01.120Z,true,2002.95,4641.71,6644.657375000001,601984,
1,masterDonors,2025-04-22T01:00:00.927Z,true,8.42,456.46,464.879541,26218,
2,masterFunds,2025-04-22T01:00:00.927Z,true,8.67,376.59,385.25691699999993,112104,
3,masterRegionalFunds,2025-04-22T01:00:00.927Z,true,20.44,359.8,380.24,1650,
4,masterAllocationTypes,2025-04-22T01:00:00.927Z,true,2.45,374.84,377.281792,242,
5,launchedAllocationsData,2025-04-22T01:00:00.927Z,true,1454.74,5950.69,7405.427959,695272,
6,contributionsData,2025-04-22T01:00:00.927Z,true,14.84,363.82,378.662292,86748,
7,allocationFlowData,2025-04-22T01:00:00.927Z,true,0.9,4368.81,4369.714667,42679,
8,masterPooledFunds,2025-04-22T01:00:00.927Z,true,2.12,3576.32,3578.442459,2095,
9,masterPartners,2025-04-22T01:00:00.927Z,true,1.37,3695.61,3696.9829159999995,107,
10,masterSubPartners,2025-04-22T01:00:00.927Z,true,1.1,3630.23,3631.329,483,
11,allocationsData,2025-04-22T01:00:00.927Z,true,1004.47,3623.69,4628.155708,131961,
12,contributionsTotalData,2025-04-22T01:00:00.927Z,true,1789.79,3721.63,5511.415875,241613,
13,targetedPersonsData,2025-04-22T01:00:00.927Z,true,2051.38,4623.05,6674.431167,374944,
14,targetedPersonsDetailsData,2025-04-22T01:00:00.927Z,true,2347.42,3852.52,6199.937708,1958314,
15,dataGam,2025-04-22T01:00:00.927Z,true,1.02,4450.96,4451.977,30304,
16,masterGam,2025-04-22T01:00:00.927Z,true,0.33,3615.02,3615.345292,947,
17,masterOrganizations,2025-04-22T01:00:00.927Z,true,1.56,2297.31,2298.871375,258,
18,masterSectors,2025-04-22T01:00:00.927Z,true,1.69,2273.21,2274.904875,1390,
19,allocationsDataResults,2025-04-22T01:00:00.927Z,true,336.04,3614.23,3950.2715,61935,
20,resultsBySector,2025-04-22T01:00:00.927Z,true,75.19,2327.71,2402.903625,922280,
21,resultsByDisability,2025-04-22T01:00:00.927Z,true,59.17,2355.38,2414.543542,942682,
22,resultsByType,2025-04-22T01:00:00.927Z,true,75.6,2392.64,2468.244917,3019251,
23,resultsByBeneficiaryType,2025-04-22T01:00:00.927Z,true,55.67,2307.72,2363.391,1225183,
24,resultsByOrganization,2025-04-22T01:00:00.927Z,true,39.23,2299.39,2338.61375,1057820,
25,masterLocations,2025-04-22T01:00:00.927Z,true,51.68,2336.1,2387.773708,868273,
26,masterBeneficiaryType,2025-04-22T01:00:00.927Z,true,3.63,2310.44,2314.072667,602,
27,projectSummaryProgress,2025-04-22T01:00:00.927Z,true,0.92,3545.06,3545.9837090000005,27577,
28,sectorsData,2025-04-22T01:00:00.927Z,true,1.21,3543.42,3544.625583,8942,
29,globalIndicators,2025-04-22T01:00:00.927Z,true,1680.78,6768.45,8449.222917,465878,
30,masterOrganizationsProgress,2025-04-22T01:00:00.927Z,true,1346.82,3650.74,4997.5585,1042381,
31,projectStatusMaster,2025-04-22T01:00:00.927Z,true,678.19,3935.72,4613.915166,454329,
32,masterAllocationSource,2025-04-22T01:00:00.927Z,true,1.03,3660.04,3661.0722080000005,54,
33,masterSectorsVo2,2025-04-22T01:00:00.927Z,true,0.41,3615.82,3616.222042,464,
34,masterGlobalIndicators,2025-04-22T01:00:00.927Z,true,1.57,3492.94,3494.502667,54905,
35,masterEmergencies,2025-04-22T01:00:00.927Z,true,0.28,3453.23,3453.515792,2278,
36,projectSummary,2025-04-22T01:00:00.927Z,true,0.72,3657.29,3658.0122499999998,37494,
37,projectSummaryAggregate,2025-04-22T01:00:00.927Z,true,2.24,3824.4,3826.637625,86875,
38,HRPSummary,2025-04-22T01:00:00.927Z,true,0.37,3653.83,3654.201916,15934,
39,emergencySummary,2025-04-22T01:00:00.927Z,true,1782.27,3589.83,5372.09225,601984,
1,masterDonors,2025-04-23T01:00:01.339Z,true,6.76,420.8,427.557167,26218,
2,masterFunds,2025-04-23T01:00:01.339Z,true,11.68,344,355.68154200000004,112104,
3,masterRegionalFunds,2025-04-23T01:00:01.339Z,true,14.97,334.03,349.0025,1650,
4,masterAllocationTypes,2025-04-23T01:00:01.339Z,true,1.28,345.91,347.19,242,
5,launchedAllocationsData,2025-04-23T01:00:01.339Z,true,1353.16,3417.39,4770.548209,695285,
6,contributionsData,2025-04-23T01:00:01.339Z,true,5.27,345.67,350.94570799999997,86748,
7,allocationFlowData,2025-04-23T01:00:01.339Z,true,2.49,2263.49,2265.981917,42728,
8,masterPooledFunds,2025-04-23T01:00:01.339Z,true,0.35,1897.81,1898.153209,2095,
9,masterPartners,2025-04-23T01:00:01.339Z,true,0.47,1889.32,1889.7838330000002,107,
10,masterSubPartners,2025-04-23T01:00:01.339Z,true,0.51,1902.07,1902.5729159999999,483,
11,allocationsData,2025-04-23T01:00:01.339Z,true,1011.59,1918.31,2929.899375,131792,
12,contributionsTotalData,2025-04-23T01:00:01.339Z,true,774.3,2010.68,2784.974667,241695,
13,targetedPersonsData,2025-04-23T01:00:01.339Z,true,1782.08,2871.34,4653.41525,375083,
14,targetedPersonsDetailsData,2025-04-23T01:00:01.339Z,true,2624.47,2169.16,4793.63175,1958752,
15,dataGam,2025-04-23T01:00:01.339Z,true,1.21,2569.13,2570.336667,30339,
16,masterGam,2025-04-23T01:00:01.339Z,true,0.36,1913.59,1913.950958,947,
17,masterOrganizations,2025-04-23T01:00:01.339Z,true,4.17,709.5,713.674167,258,
18,masterSectors,2025-04-23T01:00:01.339Z,true,1.57,710.96,712.5354590000001,1390,
19,allocationsDataResults,2025-04-23T01:00:01.339Z,true,341.02,1891.92,2232.943083,61881,
20,resultsBySector,2025-04-23T01:00:01.339Z,true,34.36,729.48,763.8400829999998,922280,
21,resultsByDisability,2025-04-23T01:00:01.339Z,true,49.29,743.91,793.1998329999999,942682,
22,resultsByType,2025-04-23T01:00:01.339Z,true,72.81,820.95,893.7602079999999,3019251,
23,resultsByBeneficiaryType,2025-04-23T01:00:01.339Z,true,64.27,769.68,833.941958,1225183,
24,resultsByOrganization,2025-04-23T01:00:01.339Z,true,64.15,765.9,830.0457920000001,1057820,
25,masterLocations,2025-04-23T01:00:01.339Z,true,27.18,730.18,757.365583,868273,
26,masterBeneficiaryType,2025-04-23T01:00:01.339Z,true,1.03,706.28,707.3152499999999,602,
27,projectSummaryProgress,2025-04-23T01:00:01.339Z,true,4.05,1965.77,1969.8182920000002,27960,
28,sectorsData,2025-04-23T01:00:01.339Z,true,0.36,2106.63,2106.997667,9037,
29,globalIndicators,2025-04-23T01:00:01.339Z,true,1781.98,5519.01,7300.993542,466464,
30,masterOrganizationsProgress,2025-04-23T01:00:01.339Z,true,1553.09,2188.9,3741.9957919999997,1042863,
31,projectStatusMaster,2025-04-23T01:00:01.339Z,true,667.07,2118.26,2785.3275830000002,454259,
32,masterAllocationSource,2025-04-23T01:00:01.339Z,true,0.41,1938.01,1938.415583,54,
33,masterSectorsVo2,2025-04-23T01:00:01.339Z,true,0.31,1918.7,1919.010125,464,
34,masterGlobalIndicators,2025-04-23T01:00:01.339Z,true,1.61,1963.93,1965.5480420000001,54905,
35,masterEmergencies,2025-04-23T01:00:01.339Z,true,0.43,1993.27,1993.698125,2278,
36,projectSummary,2025-04-23T01:00:01.339Z,true,1.62,1913.26,1914.8870829999998,38089,
37,projectSummaryAggregate,2025-04-23T01:00:01.339Z,true,4,2146.7,2150.692416,88272,
38,HRPSummary,2025-04-23T01:00:01.339Z,true,1.42,1960.51,1961.9255000000003,15934,
39,emergencySummary,2025-04-23T01:00:01.339Z,true,1353.24,1971.35,3324.586542,603093,
1,masterDonors,2025-04-25T01:00:01.007Z,true,8.32,401.81,410.12537499999996,26218,
2,masterFunds,2025-04-25T01:00:01.007Z,true,19.59,325.76,345.35425000000004,112104,
3,masterRegionalFunds,2025-04-25T01:00:01.007Z,true,1.37,339.6,340.96995799999996,1650,
4,masterAllocationTypes,2025-04-25T01:00:01.007Z,true,0.87,336.71,337.578958,242,
5,launchedAllocationsData,2025-04-25T01:00:01.007Z,true,1329.26,8025.79,9355.05525,696054,
6,contributionsData,2025-04-25T01:00:01.007Z,true,8.65,331.32,339.97158299999995,86763,
7,allocationFlowData,2025-04-25T01:00:01.007Z,true,1.4,3666.62,3668.022667,42785,
8,masterPooledFunds,2025-04-25T01:00:01.007Z,true,9.37,3448.21,3457.580875,2095,
9,masterPartners,2025-04-25T01:00:01.007Z,true,12.15,3444.44,3456.590416,107,
10,masterSubPartners,2025-04-25T01:00:01.007Z,true,8.1,3447.16,3455.259667,483,
11,allocationsData,2025-04-25T01:00:01.007Z,true,660.47,3448.72,4109.190042,131815,
12,contributionsTotalData,2025-04-25T01:00:01.007Z,true,1328.74,3451.79,4780.535,241677,
13,targetedPersonsData,2025-04-25T01:00:01.007Z,true,1676.39,3848.29,5524.674625,375247,
14,targetedPersonsDetailsData,2025-04-25T01:00:01.007Z,true,2358.19,3722.87,6081.061042,1959739,
15,dataGam,2025-04-25T01:00:01.007Z,true,1.36,4742.58,4743.938042,30420,
16,masterGam,2025-04-25T01:00:01.007Z,true,2.2,3446.1,3448.294916,947,
17,masterOrganizations,2025-04-25T01:00:01.007Z,true,5.17,2203.5,2208.6656660000003,258,
18,masterSectors,2025-04-25T01:00:01.007Z,true,2.88,2306.82,2309.691917,1390,
19,allocationsDataResults,2025-04-25T01:00:01.007Z,true,322,3441.09,3763.087208,61875,
20,resultsBySector,2025-04-25T01:00:01.007Z,true,84.97,2217.38,2302.3562079999997,924027,
21,resultsByDisability,2025-04-25T01:00:01.007Z,true,100.95,2230.15,2331.1042079999997,944296,
22,resultsByType,2025-04-25T01:00:01.007Z,true,97.39,2308.15,2405.546625,3021979,
23,resultsByBeneficiaryType,2025-04-25T01:00:01.007Z,true,105.34,2222.84,2328.1820000000002,1227551,
24,resultsByOrganization,2025-04-25T01:00:01.007Z,true,87.1,2274.82,2361.921583,1059741,
25,masterLocations,2025-04-25T01:00:01.007Z,true,79.75,2228.64,2308.3885,868810,
26,masterBeneficiaryType,2025-04-25T01:00:01.007Z,true,2.26,2198.08,2200.332916,602,
27,projectSummaryProgress,2025-04-25T01:00:01.007Z,true,1.31,3677.77,3679.075875,29947,
28,sectorsData,2025-04-25T01:00:01.007Z,true,3.94,3433.04,3436.9804169999998,9591,
29,globalIndicators,2025-04-25T01:00:01.007Z,true,1677.26,6189.06,7866.3215,467255,
30,masterOrganizationsProgress,2025-04-25T01:00:01.007Z,true,1676.63,3602.35,5278.9785,1043466,
31,projectStatusMaster,2025-04-25T01:00:01.007Z,true,998.92,3751.26,4750.175458000001,454434,
32,masterAllocationSource,2025-04-25T01:00:01.007Z,true,10.67,3423.57,3434.243,54,
33,masterSectorsVo2,2025-04-25T01:00:01.007Z,true,6.52,3427.23,3433.7497080000003,464,
34,masterGlobalIndicators,2025-04-25T01:00:01.007Z,true,2.05,3456.28,3458.330875,54905,
35,masterEmergencies,2025-04-25T01:00:01.007Z,true,0.32,3507.11,3507.425459,2278,
36,projectSummary,2025-04-25T01:00:01.007Z,true,2.62,3453.72,3456.3403749999998,40799,
37,projectSummaryAggregate,2025-04-25T01:00:01.007Z,true,2.82,11797.31,11800.135416000001,89777,
38,HRPSummary,2025-04-25T01:00:01.007Z,true,0.34,3633.99,3634.3283330000004,15934,
39,emergencySummary,2025-04-25T01:00:01.007Z,true,2358.72,3529.28,5888.005625000001,604291,
1,masterDonors,2025-04-26T01:00:00.888Z,true,2.9,395.1,398.00450000000006,26218,
2,masterFunds,2025-04-26T01:00:00.888Z,true,12.38,318.31,330.692584,112104,
3,masterRegionalFunds,2025-04-26T01:00:00.888Z,true,3.45,322.83,326.281084,1650,
4,masterAllocationTypes,2025-04-26T01:00:00.888Z,true,0.68,328.69,329.376458,242,
5,launchedAllocationsData,2025-04-26T01:00:00.888Z,true,1344.89,7709.64,9054.536917,696053,
6,contributionsData,2025-04-26T01:00:00.888Z,true,4.16,414.53,418.687083,86763,
7,allocationFlowData,2025-04-26T01:00:00.888Z,true,4.58,4642.19,4646.769959,42785,
8,masterPooledFunds,2025-04-26T01:00:00.888Z,true,4.42,4604.1,4608.525500000001,2095,
9,masterPartners,2025-04-26T01:00:00.888Z,true,5.29,4602.01,4607.299417,107,
10,masterSubPartners,2025-04-26T01:00:00.888Z,true,3.72,4602.15,4605.866292,483,
11,allocationsData,2025-04-26T01:00:00.888Z,true,673.52,4603.99,5277.505625,131815,
12,contributionsTotalData,2025-04-26T01:00:00.888Z,true,2120.3,4630.9,6751.198125,241669,
13,targetedPersonsData,2025-04-26T01:00:00.888Z,true,2802.29,4632.75,7435.033292,375248,
14,targetedPersonsDetailsData,2025-04-26T01:00:00.888Z,true,2370.6,4629.58,7000.1786250000005,1959772,
15,dataGam,2025-04-26T01:00:00.888Z,true,2.69,4633.51,4636.205542,30420,
16,masterGam,2025-04-26T01:00:00.888Z,true,3.09,4595.17,4598.265292,947,
17,masterOrganizations,2025-04-26T01:00:00.888Z,true,1.45,2536.31,2537.76,258,
18,masterSectors,2025-04-26T01:00:00.888Z,true,0.92,2542.3,2543.227167,1390,
19,allocationsDataResults,2025-04-26T01:00:00.888Z,true,332.56,4593.34,4925.896709000001,61875,
20,resultsBySector,2025-04-26T01:00:00.888Z,true,24.99,2554.77,2579.753959,924725,
21,resultsByDisability,2025-04-26T01:00:00.888Z,true,60.22,2602.67,2662.886083,944720,
22,resultsByType,2025-04-26T01:00:00.888Z,true,70.51,2649.73,2720.243167,3022262,
23,resultsByBeneficiaryType,2025-04-26T01:00:00.888Z,true,53.65,2582.19,2635.8337920000004,1228220,
24,resultsByOrganization,2025-04-26T01:00:00.888Z,true,53.66,2595.88,2649.543375,1060171,
25,masterLocations,2025-04-26T01:00:00.888Z,true,21.03,2570.13,2591.155417,868890,
26,masterBeneficiaryType,2025-04-26T01:00:00.888Z,true,0.76,2546.1,2546.8543750000003,602,
27,projectSummaryProgress,2025-04-26T01:00:00.888Z,true,3.18,4621.02,4624.204291,29947,
28,sectorsData,2025-04-26T01:00:00.888Z,true,2.2,4584.48,4586.672583,9591,
29,globalIndicators,2025-04-26T01:00:00.888Z,true,2116.25,8720.41,10836.666958,467259,
30,masterOrganizationsProgress,2025-04-26T01:00:00.888Z,true,1696.8,4712.71,6409.505042000001,1043631,
31,projectStatusMaster,2025-04-26T01:00:00.888Z,true,1008.27,4621.6,5629.867249999999,454420,
32,masterAllocationSource,2025-04-26T01:00:00.888Z,true,0.85,4610.33,4611.17225,54,
33,masterSectorsVo2,2025-04-26T01:00:00.888Z,true,0.89,4618.56,4619.452875,464,
34,masterGlobalIndicators,2025-04-26T01:00:00.888Z,true,0.84,4620.86,4621.6996659999995,54905,
35,masterEmergencies,2025-04-26T01:00:00.888Z,true,2.02,4612.96,4614.982584,2278,
36,projectSummary,2025-04-26T01:00:00.888Z,true,1.48,4679.98,4681.463917,40795,
37,projectSummaryAggregate,2025-04-26T01:00:00.888Z,true,1.48,5816.47,5817.947625,89777,
38,HRPSummary,2025-04-26T01:00:00.888Z,true,0.21,4759.86,4760.0732499999995,15934,
39,emergencySummary,2025-04-26T01:00:00.888Z,true,2456.84,4613.63,7070.463125,604334,
1,masterDonors,2025-04-27T01:00:00.411Z,true,8.43,410.64,419.07787499999995,26218,
2,masterFunds,2025-04-27T01:00:00.411Z,true,7.43,352.45,359.886541,112104,
3,masterRegionalFunds,2025-04-27T01:00:00.411Z,true,1.28,359.9,361.188542,1650,
4,masterAllocationTypes,2025-04-27T01:00:00.411Z,true,1.25,361.33,362.58062500000005,242,
5,launchedAllocationsData,2025-04-27T01:00:00.411Z,true,1627.06,6569.6,8196.663665999999,696081,
6,contributionsData,2025-04-27T01:00:00.411Z,true,5.39,349.18,354.572833,86763,
7,allocationFlowData,2025-04-27T01:00:00.411Z,true,0.99,4656.71,4657.6993330000005,42786,
8,masterPooledFunds,2025-04-27T01:00:00.411Z,true,0.71,4504.05,4504.756916,2095,
9,masterPartners,2025-04-27T01:00:00.411Z,true,5.97,4638.74,4644.709707999999,107,
10,masterSubPartners,2025-04-27T01:00:00.411Z,true,2.19,4499.9,4502.093083,483,
11,allocationsData,2025-04-27T01:00:00.411Z,true,991.29,4570.71,5561.990542,131817,
12,contributionsTotalData,2025-04-27T01:00:00.411Z,true,1766.05,4889.22,6655.266417,241671,
13,targetedPersonsData,2025-04-27T01:00:00.411Z,true,1431.59,4884.38,6315.972208,375328,
14,targetedPersonsDetailsData,2025-04-27T01:00:00.411Z,true,2338.63,4799.12,7137.7465,1959934,
15,dataGam,2025-04-27T01:00:00.411Z,true,1.83,5310.91,5312.739125,30417,
16,masterGam,2025-04-27T01:00:00.411Z,true,4.74,4629.9,4634.641208,947,
17,masterOrganizations,2025-04-27T01:00:00.411Z,true,1.77,3246.94,3248.709292,258,
18,masterSectors,2025-04-27T01:00:00.411Z,true,0.99,3250.78,3251.774,1390,
19,allocationsDataResults,2025-04-27T01:00:00.411Z,true,331.47,4628.06,4959.53275,61876,
20,resultsBySector,2025-04-27T01:00:00.411Z,true,39.99,3262.43,3302.42025,924725,
21,resultsByDisability,2025-04-27T01:00:00.411Z,true,67.16,3266.19,3333.346958,944720,
22,resultsByType,2025-04-27T01:00:00.411Z,true,102.05,3329.56,3431.604375,3022262,
23,resultsByBeneficiaryType,2025-04-27T01:00:00.411Z,true,67.58,3301.7,3369.273625,1228220,
24,resultsByOrganization,2025-04-27T01:00:00.411Z,true,67,3312.1,3379.097417,1060171,
25,masterLocations,2025-04-27T01:00:00.411Z,true,46.23,3267.29,3313.514833,868890,
26,masterBeneficiaryType,2025-04-27T01:00:00.411Z,true,3.64,3253.76,3257.402042,602,
27,projectSummaryProgress,2025-04-27T01:00:00.411Z,true,12.85,4613.47,4626.318166999999,29947,
28,sectorsData,2025-04-27T01:00:00.411Z,true,3.23,4618.35,4621.588583,9591,
29,globalIndicators,2025-04-27T01:00:00.411Z,true,1369.17,7544.54,8913.709125,467273,
30,masterOrganizationsProgress,2025-04-27T01:00:00.411Z,true,1801.3,4866.39,6667.692541,1043639,
31,projectStatusMaster,2025-04-27T01:00:00.411Z,true,671.53,5070.46,5741.980625,454263,
32,masterAllocationSource,2025-04-27T01:00:00.411Z,true,3.98,4614.52,4618.497875,54,
33,masterSectorsVo2,2025-04-27T01:00:00.411Z,true,3.18,4618.61,4621.791458000001,464,
34,masterGlobalIndicators,2025-04-27T01:00:00.411Z,true,0.94,4624.51,4625.450542,54905,
35,masterEmergencies,2025-04-27T01:00:00.411Z,true,7.01,4609.14,4616.150417000001,2278,
36,projectSummary,2025-04-27T01:00:00.411Z,true,5.24,4614.81,4620.053042,40793,
37,projectSummaryAggregate,2025-04-27T01:00:00.411Z,true,3.81,4616.22,4620.035375,89777,
38,HRPSummary,2025-04-27T01:00:00.411Z,true,0.32,4824.47,4824.782292,15934,
39,emergencySummary,2025-04-27T01:00:00.411Z,true,2000.97,4615.98,6616.950084,604650,
1,masterDonors,2025-04-29T01:00:00.896Z,true,5.1,451.77,456.872667,26218,
2,masterFunds,2025-04-29T01:00:00.896Z,true,10.64,371.38,382.017625,112104,
3,masterRegionalFunds,2025-04-29T01:00:00.896Z,true,1.74,448.82,450.556,1650,
4,masterAllocationTypes,2025-04-29T01:00:00.896Z,true,5.47,355.27,360.74420900000007,242,
5,launchedAllocationsData,2025-04-29T01:00:00.896Z,true,1549.63,6005.12,7554.743667000001,696081,
6,contributionsData,2025-04-29T01:00:00.896Z,true,6.08,366.59,372.666459,86804,
7,allocationFlowData,2025-04-29T01:00:00.896Z,true,1.37,3614.86,3616.228375,42787,
8,masterPooledFunds,2025-04-29T01:00:00.896Z,true,2.82,3146.27,3149.091125,2095,
9,masterPartners,2025-04-29T01:00:00.896Z,true,0.37,3100.7,3101.071541,107,
10,masterSubPartners,2025-04-29T01:00:00.896Z,true,1.46,3144.62,3146.0746670000003,483,
11,allocationsData,2025-04-29T01:00:00.896Z,true,768.31,3203.63,3971.9305409999997,131817,
12,contributionsTotalData,2025-04-29T01:00:00.896Z,true,1649.15,3216.72,4865.874375,241831,
13,targetedPersonsData,2025-04-29T01:00:00.896Z,true,2013.91,3752.62,5766.529750000001,375330,
14,targetedPersonsDetailsData,2025-04-29T01:00:00.896Z,true,2427.63,3474.24,5901.8715,1959979,
15,dataGam,2025-04-29T01:00:00.896Z,true,4.56,3957.16,3961.7226660000006,30417,
16,masterGam,2025-04-29T01:00:00.896Z,true,0.62,3135.97,3136.59625,947,
17,masterOrganizations,2025-04-29T01:00:00.896Z,true,0.92,1943.18,1944.096208,258,
18,masterSectors,2025-04-29T01:00:00.896Z,true,1.67,1936.71,1938.38425,1390,
19,allocationsDataResults,2025-04-29T01:00:00.896Z,true,330.9,3160.11,3491.008833,61876,
20,resultsBySector,2025-04-29T01:00:00.896Z,true,34.11,1983.37,2017.4859579999998,924926,
21,resultsByDisability,2025-04-29T01:00:00.896Z,true,0.33,1930.03,1930.36125,0,
22,resultsByType,2025-04-29T01:00:00.896Z,true,62.73,2029.19,2091.915292,3026411,
23,resultsByBeneficiaryType,2025-04-29T01:00:00.896Z,true,27.36,2138.47,2165.8295420000004,1229032,
24,resultsByOrganization,2025-04-29T01:00:00.896Z,true,41.53,1960.19,2001.717833,1061052,
25,masterLocations,2025-04-29T01:00:00.896Z,true,26.64,1955.01,1981.6511250000003,870451,
26,masterBeneficiaryType,2025-04-29T01:00:00.896Z,true,2.19,1931.78,1933.968709,602,
27,projectSummaryProgress,2025-04-29T01:00:00.896Z,true,1.11,3238.69,3239.807125,29947,
28,sectorsData,2025-04-29T01:00:00.896Z,true,0.3,3189.78,3190.0839589999996,9591,
29,globalIndicators,2025-04-29T01:00:00.896Z,true,2485.42,5939.95,8425.363459,467284,
30,masterOrganizationsProgress,2025-04-29T01:00:00.896Z,true,1851.4,3476.85,5328.248167,1043646,
31,projectStatusMaster,2025-04-29T01:00:00.896Z,true,662.66,3362.1,4024.7606250000003,454261,
32,masterAllocationSource,2025-04-29T01:00:00.896Z,true,0.27,3132.29,3132.557791,54,
33,masterSectorsVo2,2025-04-29T01:00:00.896Z,true,0.2,3143.58,3143.776041,464,
34,masterGlobalIndicators,2025-04-29T01:00:00.896Z,true,1.07,3205.59,3206.654416,54905,
35,masterEmergencies,2025-04-29T01:00:00.896Z,true,0.21,3149.55,3149.752458,2278,
36,projectSummary,2025-04-29T01:00:00.896Z,true,0.91,3130.73,3131.6397079999997,40793,
37,projectSummaryAggregate,2025-04-29T01:00:00.896Z,true,1.45,3434.59,3436.0339169999997,89777,
38,HRPSummary,2025-04-29T01:00:00.896Z,true,0.24,3205.82,3206.059917,15934,
39,emergencySummary,2025-04-29T01:00:00.896Z,true,2096.18,3238.2,5334.382083,604634,
1,masterDonors,2025-04-30T01:02:24.911Z,true,3.62,439.35,442.96945800000003,26218,
2,masterFunds,2025-04-30T01:02:24.911Z,true,11.32,359.58,370.89654099999996,112104,
3,masterRegionalFunds,2025-04-30T01:02:24.911Z,true,8.34,355.36,363.70533299999994,1650,
4,masterAllocationTypes,2025-04-30T01:02:24.911Z,true,1.78,357.48,359.26183399999996,242,
5,launchedAllocationsData,2025-04-30T01:02:24.911Z,true,1344.88,4986.05,6330.925625,696902,
6,contributionsData,2025-04-30T01:02:24.911Z,true,23.46,340.8,364.26925000000006,86804,
7,allocationFlowData,2025-04-30T01:02:24.911Z,true,1.48,3722.39,3723.875125,42838,
8,masterPooledFunds,2025-04-30T01:02:24.911Z,true,0.32,3498.18,3498.493459,2095,
9,masterPartners,2025-04-30T01:02:24.911Z,true,0.53,3516.97,3517.505542,107,
10,masterSubPartners,2025-04-30T01:02:24.911Z,true,0.45,3504.22,3504.674125,483,
11,allocationsData,2025-04-30T01:02:24.911Z,true,673.64,3564.59,4238.232875,131886,
12,contributionsTotalData,2025-04-30T01:02:24.911Z,true,2415.49,3611.75,6027.242291,241839,
13,targetedPersonsData,2025-04-30T01:02:24.911Z,true,2435.84,3955.99,6391.825792,375441,
14,targetedPersonsDetailsData,2025-04-30T01:02:24.911Z,true,2440.2,3860.75,6300.949708,1960263,
15,dataGam,2025-04-30T01:02:24.911Z,true,0.9,4144.86,4145.757584,30453,
16,masterGam,2025-04-30T01:02:24.911Z,true,0.29,3572.89,3573.185208,947,
17,masterOrganizations,2025-04-30T01:02:24.911Z,true,1.46,2362.21,2363.66425,258,
18,masterSectors,2025-04-30T01:02:24.911Z,true,1.98,2388.46,2390.437,1390,
19,allocationsDataResults,2025-04-30T01:02:24.911Z,true,330.51,3531.98,3862.48825,61904,
20,resultsBySector,2025-04-30T01:02:24.911Z,true,33.75,2376.27,2410.018042,925119,
21,resultsByDisability,2025-04-30T01:02:24.911Z,true,66.63,2393.85,2460.476291,945596,
22,resultsByType,2025-04-30T01:02:24.911Z,true,80.55,2469.33,2549.8860409999998,3026634,
23,resultsByBeneficiaryType,2025-04-30T01:02:24.911Z,true,43.69,2455.19,2498.884417,1229286,
24,resultsByOrganization,2025-04-30T01:02:24.911Z,true,68.54,2392.8,2461.3354580000005,1061216,
25,masterLocations,2025-04-30T01:02:24.911Z,true,47.54,2411.73,2459.271625,870451,
26,masterBeneficiaryType,2025-04-30T01:02:24.911Z,true,2.56,2370.28,2372.840583,602,
27,projectSummaryProgress,2025-04-30T01:02:24.911Z,true,0.93,3572.13,3573.061333,30655,
28,sectorsData,2025-04-30T01:02:24.911Z,true,0.25,3931.03,3931.2821249999997,9780,
29,globalIndicators,2025-04-30T01:02:24.911Z,true,1987.44,7087.57,9075.003042,467296,
30,masterOrganizationsProgress,2025-04-30T01:02:24.911Z,true,1658.27,3744.85,5403.116292000001,1043703,
31,projectStatusMaster,2025-04-30T01:02:24.911Z,true,994.6,3792.39,4786.994625,454511,
32,masterAllocationSource,2025-04-30T01:02:24.911Z,true,0.35,3540.56,3540.9077500000003,54,
33,masterSectorsVo2,2025-04-30T01:02:24.911Z,true,1.28,3537.36,3538.6355829999998,464,
34,masterGlobalIndicators,2025-04-30T01:02:24.911Z,true,2.47,3518.1,3520.570833,54905,
35,masterEmergencies,2025-04-30T01:02:24.911Z,true,0.58,3557.4,3557.9813750000003,2278,
36,projectSummary,2025-04-30T01:02:24.911Z,true,1.2,3545.99,3547.18975,41740,
37,projectSummaryAggregate,2025-04-30T01:02:24.911Z,true,329.85,3699.83,4029.683584,102249,
38,HRPSummary,2025-04-30T01:02:24.911Z,true,0.21,3556.42,3556.632125,15934,
39,emergencySummary,2025-04-30T01:02:24.911Z,true,1343.46,3740.71,5084.171291000001,605079,
1,masterDonors,2025-05-01T01:00:01.076Z,true,9.41,470.9,480.314334,26218,
2,masterFunds,2025-05-01T01:00:01.076Z,true,10.08,363.44,373.522375,112104,
3,masterRegionalFunds,2025-05-01T01:00:01.076Z,true,10.77,356.34,367.11424999999997,1650,
4,masterAllocationTypes,2025-05-01T01:00:01.076Z,true,6.13,345.4,351.530625,242,
5,launchedAllocationsData,2025-05-01T01:00:01.076Z,true,1690.37,5853.88,7544.249334,697198,
6,contributionsData,2025-05-01T01:00:01.076Z,true,8.22,358.33,366.547458,86827,
7,allocationFlowData,2025-05-01T01:00:01.076Z,true,1.83,4080.71,4082.542208,42839,
8,masterPooledFunds,2025-05-01T01:00:01.076Z,true,0.29,3871.27,3871.5596660000006,2095,
9,masterPartners,2025-05-01T01:00:01.076Z,true,0.19,3863.38,3863.5704579999997,107,
10,masterSubPartners,2025-05-01T01:00:01.076Z,true,0.37,3859.2,3859.566167,483,
11,allocationsData,2025-05-01T01:00:01.076Z,true,1002.35,3864.92,4867.272208,131886,
12,contributionsTotalData,2025-05-01T01:00:01.076Z,true,1203.79,3996.18,5199.966334000001,241925,
13,targetedPersonsData,2025-05-01T01:00:01.076Z,true,1685.3,4441.12,6126.423084,375441,
14,targetedPersonsDetailsData,2025-05-01T01:00:01.076Z,true,2675.06,4395.19,7070.249833,1960272,
15,dataGam,2025-05-01T01:00:01.076Z,true,0.96,4937.19,4938.151583,30456,
16,masterGam,2025-05-01T01:00:01.076Z,true,0.56,3898.65,3899.2117919999996,947,
17,masterOrganizations,2025-05-01T01:00:01.076Z,true,2.09,2664.8,2666.883958,258,
18,masterSectors,2025-05-01T01:00:01.076Z,true,4.16,2661.19,2665.355583,1390,
19,allocationsDataResults,2025-05-01T01:00:01.076Z,true,337.14,3871.22,4208.362667,61904,
20,resultsBySector,2025-05-01T01:00:01.076Z,true,83.37,2725.3,2808.6625409999997,925616,
21,resultsByDisability,2025-05-01T01:00:01.076Z,true,83.23,2743.14,2826.3645,946062,
22,resultsByType,2025-05-01T01:00:01.076Z,true,86.67,2790.43,2877.099583,3027389,
23,resultsByBeneficiaryType,2025-05-01T01:00:01.076Z,true,72.28,2709.99,2782.264042,1230033,
24,resultsByOrganization,2025-05-01T01:00:01.076Z,true,67.05,2706.94,2773.988958,1061690,
25,masterLocations,2025-05-01T01:00:01.076Z,true,70.84,2735.5,2806.3392080000003,871088,
26,masterBeneficiaryType,2025-05-01T01:00:01.076Z,true,1.5,2677.06,2678.560291,602,
27,projectSummaryProgress,2025-05-01T01:00:01.076Z,true,1.84,3861.46,3863.2918329999998,30655,
28,sectorsData,2025-05-01T01:00:01.076Z,true,0.26,4321.9,4322.163792,9780,
29,globalIndicators,2025-05-01T01:00:01.076Z,true,2211.89,7381.11,9593.002457999999,467451,
30,masterOrganizationsProgress,2025-05-01T01:00:01.076Z,true,1668.88,4101.69,5770.567666,1043689,
31,projectStatusMaster,2025-05-01T01:00:01.076Z,true,671.96,3936.42,4608.3745,454394,
32,masterAllocationSource,2025-05-01T01:00:01.076Z,true,0.23,3849,3849.2277920000006,54,
33,masterSectorsVo2,2025-05-01T01:00:01.076Z,true,1.44,3858.49,3859.93525,464,
34,masterGlobalIndicators,2025-05-01T01:00:01.076Z,true,1.17,3858.33,3859.4921249999998,54905,
35,masterEmergencies,2025-05-01T01:00:01.076Z,true,0.36,3855.24,3855.598709,2278,
36,projectSummary,2025-05-01T01:00:01.076Z,true,4.48,3872.94,3877.422333,41740,
37,projectSummaryAggregate,2025-05-01T01:00:01.076Z,true,335.99,4263.8,4599.7958340000005,102249,
38,HRPSummary,2025-05-01T01:00:01.076Z,true,0.44,3894.64,3895.0869159999993,15934,
39,emergencySummary,2025-05-01T01:00:01.076Z,true,1442.99,3905.08,5348.072625000001,604959,
1,masterDonors,2025-05-02T01:00:00.956Z,true,11.34,442.75,454.08941699999997,26218,
2,masterFunds,2025-05-02T01:00:00.956Z,true,4.37,385.1,389.472833,112104,
3,masterRegionalFunds,2025-05-02T01:00:00.956Z,true,2.18,375.3,377.47895800000003,1650,
4,masterAllocationTypes,2025-05-02T01:00:00.956Z,true,2.45,363.86,366.3075,242,
5,launchedAllocationsData,2025-05-02T01:00:00.956Z,true,1327.25,7226.55,8553.794083,703452,
6,contributionsData,2025-05-02T01:00:00.956Z,true,8.58,365.96,374.532375,86827,
7,allocationFlowData,2025-05-02T01:00:00.956Z,true,1.37,4556.07,4557.440042,42980,
8,masterPooledFunds,2025-05-02T01:00:00.956Z,true,0.32,4225.51,4225.827667,2095,
9,masterPartners,2025-05-02T01:00:00.956Z,true,1.31,4208.04,4209.353,107,
10,masterSubPartners,2025-05-02T01:00:00.956Z,true,0.3,4211.26,4211.557041,483,
11,allocationsData,2025-05-02T01:00:00.956Z,true,1001.1,4263.35,5264.441083,132158,
12,contributionsTotalData,2025-05-02T01:00:00.956Z,true,1105.41,4360.97,5466.374583999999,242158,
13,targetedPersonsData,2025-05-02T01:00:00.956Z,true,2190.28,4708.37,6898.643541,376136,
14,targetedPersonsDetailsData,2025-05-02T01:00:00.956Z,true,2330.21,4520.11,6850.312542,1961450,
15,dataGam,2025-05-02T01:00:00.956Z,true,1.27,5022.07,5023.338833,30544,
16,masterGam,2025-05-02T01:00:00.956Z,true,1.2,4256.04,4257.248583,947,
17,masterOrganizations,2025-05-02T01:00:00.956Z,true,3.52,3098.76,3102.275208,258,
18,masterSectors,2025-05-02T01:00:00.956Z,true,1.18,3099.71,3100.89,1390,
19,allocationsDataResults,2025-05-02T01:00:00.956Z,true,336.3,4251.73,4588.029584,62016,
20,resultsBySector,2025-05-02T01:00:00.956Z,true,63.31,3182.35,3245.660583,925616,
21,resultsByDisability,2025-05-02T01:00:00.956Z,true,64.61,3188.19,3252.803375,946062,
22,resultsByType,2025-05-02T01:00:00.956Z,true,64.65,3252.85,3317.504833,3027389,
23,resultsByBeneficiaryType,2025-05-02T01:00:00.956Z,true,65.53,3192.49,3258.0175000000004,1230033,
24,resultsByOrganization,2025-05-02T01:00:00.956Z,true,46.06,3147.74,3193.799541,1061690,
25,masterLocations,2025-05-02T01:00:00.956Z,true,24.7,3143.88,3168.5773750000003,871088,
26,masterBeneficiaryType,2025-05-02T01:00:00.956Z,true,1.18,3112.2,3113.373125,602,
27,projectSummaryProgress,2025-05-02T01:00:00.956Z,true,3.16,4356.62,4359.778625,33712,
28,sectorsData,2025-05-02T01:00:00.956Z,true,0.26,4381.8,4382.062291,11328,
29,globalIndicators,2025-05-02T01:00:00.956Z,true,1785.82,8160.49,9946.303583,468935,
30,masterOrganizationsProgress,2025-05-02T01:00:00.956Z,true,1665.93,4495.54,6161.473125,1044205,
31,projectStatusMaster,2025-05-02T01:00:00.956Z,true,993.95,4398.35,5392.296917,454391,
32,masterAllocationSource,2025-05-02T01:00:00.956Z,true,0.28,4295.4,4295.672375,54,
33,masterSectorsVo2,2025-05-02T01:00:00.956Z,true,0.23,4245.12,4245.349416999999,464,
34,masterGlobalIndicators,2025-05-02T01:00:00.956Z,true,1.07,4360.92,4361.995290999999,54905,
35,masterEmergencies,2025-05-02T01:00:00.956Z,true,0.47,4342.41,4342.8785419999995,2278,
36,projectSummary,2025-05-02T01:00:00.956Z,true,0.93,4239.96,4240.893292000001,46237,
37,projectSummaryAggregate,2025-05-02T01:00:00.956Z,true,334.01,4629.68,4963.683833,117216,
38,HRPSummary,2025-05-02T01:00:00.956Z,true,1.12,4338.24,4339.353875000001,15934,
39,emergencySummary,2025-05-02T01:00:00.956Z,true,1341.06,4598.09,5939.144708,606763,
1,masterDonors,2025-05-03T01:00:01.298Z,true,8.6,443.89,452.48437499999994,26218,
2,masterFunds,2025-05-03T01:00:01.298Z,true,19.39,341.24,360.632125,112104,
3,masterRegionalFunds,2025-05-03T01:00:01.298Z,true,4.98,351.05,356.02595800000006,1650,
4,masterAllocationTypes,2025-05-03T01:00:01.298Z,true,1.73,351.83,353.556458,242,
5,launchedAllocationsData,2025-05-03T01:00:01.298Z,true,1688.8,6045.2,7733.994749999999,706130,
6,contributionsData,2025-05-03T01:00:01.298Z,true,5.06,355.2,360.2551669999999,86827,
7,allocationFlowData,2025-05-03T01:00:01.298Z,true,1.21,4458.67,4459.886084,43091,
8,masterPooledFunds,2025-05-03T01:00:01.298Z,true,0.3,4082.99,4083.291208,2095,
9,masterPartners,2025-05-03T01:00:01.298Z,true,0.59,4066.5,4067.0904590000005,107,
10,masterSubPartners,2025-05-03T01:00:01.298Z,true,0.36,3976.58,3976.9384999999997,483,
11,allocationsData,2025-05-03T01:00:01.298Z,true,686.11,4086.58,4772.684542,132232,
12,contributionsTotalData,2025-05-03T01:00:01.298Z,true,1446.77,4154.55,5601.319917,244647,
13,targetedPersonsData,2025-05-03T01:00:01.298Z,true,1552.8,4499.68,6052.47825,376629,
14,targetedPersonsDetailsData,2025-05-03T01:00:01.298Z,true,2471.8,4398.34,6870.132875,1963443,
15,dataGam,2025-05-03T01:00:01.298Z,true,4.21,4813.11,4817.316333,30676,
16,masterGam,2025-05-03T01:00:01.298Z,true,0.3,4051.03,4051.33625,947,
17,masterOrganizations,2025-05-03T01:00:01.298Z,true,1.48,2779.35,2780.8272079999997,258,
18,masterSectors,2025-05-03T01:00:01.298Z,true,1.05,2791.19,2792.237959,1390,
19,allocationsDataResults,2025-05-03T01:00:01.298Z,true,339.83,3988.01,4327.840459,62047,
20,resultsBySector,2025-05-03T01:00:01.298Z,true,79.73,2875.25,2954.977083,925616,
21,resultsByDisability,2025-05-03T01:00:01.298Z,true,52.49,2851.39,2903.881458,946062,
22,resultsByType,2025-05-03T01:00:01.298Z,true,100.15,2899.71,2999.852042,3027389,
23,resultsByBeneficiaryType,2025-05-03T01:00:01.298Z,true,49.88,2844.07,2893.946333,1230033,
24,resultsByOrganization,2025-05-03T01:00:01.298Z,true,76.93,2885.31,2962.242333,1061690,
25,masterLocations,2025-05-03T01:00:01.298Z,true,34.1,2817.85,2851.949458,871088,
26,masterBeneficiaryType,2025-05-03T01:00:01.298Z,true,1.16,2805.84,2807.001709,602,
27,projectSummaryProgress,2025-05-03T01:00:01.298Z,true,1.41,3976.11,3977.519667,38686,
28,sectorsData,2025-05-03T01:00:01.298Z,true,0.35,3986.53,3986.8744589999997,14237,
29,globalIndicators,2025-05-03T01:00:01.298Z,true,1442.52,7296.53,8739.055583,470645,
30,masterOrganizationsProgress,2025-05-03T01:00:01.298Z,true,1559.63,4146.38,5706.011292,1044252,
31,projectStatusMaster,2025-05-03T01:00:01.298Z,true,999.38,4130.74,5130.113542,454322,
32,masterAllocationSource,2025-05-03T01:00:01.298Z,true,0.25,4108.16,4108.414542,54,
33,masterSectorsVo2,2025-05-03T01:00:01.298Z,true,1.14,4102.04,4103.1741250000005,464,
34,masterGlobalIndicators,2025-05-03T01:00:01.298Z,true,1.85,3990.01,3991.8605420000004,54905,
35,masterEmergencies,2025-05-03T01:00:01.298Z,true,0.33,3986.81,3987.144375,2278,
36,projectSummary,2025-05-03T01:00:01.298Z,true,2.39,4103.17,4105.551416,53814,
37,projectSummaryAggregate,2025-05-03T01:00:01.298Z,true,668.04,5150.88,5818.924333,133399,
38,HRPSummary,2025-05-03T01:00:01.298Z,true,0.34,4230.16,4230.503125,15934,
39,emergencySummary,2025-05-03T01:00:01.298Z,true,1692.82,4063.44,5756.261584,610005,
1,masterDonors,2025-05-04T01:00:00.829Z,true,16.49,458.71,475.20304100000004,26218,
2,masterFunds,2025-05-04T01:00:00.829Z,true,8.07,383.2,391.265625,112104,
3,masterRegionalFunds,2025-05-04T01:00:00.829Z,true,3.11,380.46,383.5684580000001,1650,
4,masterAllocationTypes,2025-05-04T01:00:00.829Z,true,1.22,385.14,386.3630830000001,242,
5,launchedAllocationsData,2025-05-04T01:00:00.829Z,true,1438.33,5055.49,6493.821334,706138,
6,contributionsData,2025-05-04T01:00:00.829Z,true,4.71,383.74,388.447,86827,
7,allocationFlowData,2025-05-04T01:00:00.829Z,true,1.32,3623.81,3625.13225,43091,
8,masterPooledFunds,2025-05-04T01:00:00.829Z,true,4.06,3450.11,3454.168833,2095,
9,masterPartners,2025-05-04T01:00:00.829Z,true,2.91,3450.15,3453.059917,107,
10,masterSubPartners,2025-05-04T01:00:00.829Z,true,5.4,3445.79,3451.194542,483,
11,allocationsData,2025-05-04T01:00:00.829Z,true,1011.37,3538.55,4549.92575,132232,
12,contributionsTotalData,2025-05-04T01:00:00.829Z,true,1426.01,3639.12,5065.136333,244647,
13,targetedPersonsData,2025-05-04T01:00:00.829Z,true,2418.79,3927.18,6345.968334,376629,
14,targetedPersonsDetailsData,2025-05-04T01:00:00.829Z,true,2334.52,3800.36,6134.882958,1963448,
15,dataGam,2025-05-04T01:00:00.829Z,true,1.32,4194.23,4195.551583,30676,
16,masterGam,2025-05-04T01:00:00.829Z,true,6.37,3431.67,3438.034666,947,
17,masterOrganizations,2025-05-04T01:00:00.829Z,true,1.7,2110.95,2112.650167,258,
18,masterSectors,2025-05-04T01:00:00.829Z,true,1.34,2136.82,2138.1569579999996,1390,
19,allocationsDataResults,2025-05-04T01:00:00.829Z,true,329.84,3431.04,3760.875125,62047,
20,resultsBySector,2025-05-04T01:00:00.829Z,true,34.03,2323.57,2357.5954580000002,925616,
21,resultsByDisability,2025-05-04T01:00:00.829Z,true,34.48,2149.42,2183.89825,946062,
22,resultsByType,2025-05-04T01:00:00.829Z,true,64.95,2231.6,2296.5497910000004,3027389,
23,resultsByBeneficiaryType,2025-05-04T01:00:00.829Z,true,35.4,2194.78,2230.1796670000003,1230033,
24,resultsByOrganization,2025-05-04T01:00:00.829Z,true,46.43,2152.08,2198.50675,1061690,
25,masterLocations,2025-05-04T01:00:00.829Z,true,22.74,2185.3,2208.036209,871088,
26,masterBeneficiaryType,2025-05-04T01:00:00.829Z,true,1.23,2124.02,2125.243208,602,
27,projectSummaryProgress,2025-05-04T01:00:00.829Z,true,1.16,3601.78,3602.9449999999997,38686,
28,sectorsData,2025-05-04T01:00:00.829Z,true,6.04,3602.67,3608.711333,14237,
29,globalIndicators,2025-05-04T01:00:00.829Z,true,1533.62,9291.87,10825.493042,470646,
30,masterOrganizationsProgress,2025-05-04T01:00:00.829Z,true,1490.31,3860.71,5351.027833,1044276,
31,projectStatusMaster,2025-05-04T01:00:00.829Z,true,436.09,4844.84,5280.933875000001,454336,
32,masterAllocationSource,2025-05-04T01:00:00.829Z,true,0.31,3670.06,3670.366042,54,
33,masterSectorsVo2,2025-05-04T01:00:00.829Z,true,0.62,3503.26,3503.879625,464,
34,masterGlobalIndicators,2025-05-04T01:00:00.829Z,true,1.08,3589.16,3590.23375,54905,
35,masterEmergencies,2025-05-04T01:00:00.829Z,true,0.23,3613.68,3613.9128330000003,2278,
36,projectSummary,2025-05-04T01:00:00.829Z,true,2.14,3551.14,3553.274625,53810,
37,projectSummaryAggregate,2025-05-04T01:00:00.829Z,true,340.51,4009.43,4349.9422079999995,133399,
38,HRPSummary,2025-05-04T01:00:00.829Z,true,0.58,4172.59,4173.174459,15934,
39,emergencySummary,2025-05-04T01:00:00.829Z,true,2437.04,3886.79,6323.820791,610020,
1,masterDonors,2025-05-05T01:00:01.256Z,true,7.74,420.01,427.74291700000003,26218,
2,masterFunds,2025-05-05T01:00:01.256Z,true,4.43,354.83,359.25858300000004,112104,
3,masterRegionalFunds,2025-05-05T01:00:01.256Z,true,14.89,338.94,353.830375,1650,
4,masterAllocationTypes,2025-05-05T01:00:01.256Z,true,1.17,342.88,344.058,242,
5,launchedAllocationsData,2025-05-05T01:00:01.256Z,true,1320.32,11224.46,12544.778667,706136,
6,contributionsData,2025-05-05T01:00:01.256Z,true,9.27,344.79,354.064042,86827,
7,allocationFlowData,2025-05-05T01:00:01.256Z,true,0.86,4546.22,4547.089,43091,
8,masterPooledFunds,2025-05-05T01:00:01.256Z,true,0.6,4258.47,4259.068499999999,2095,
9,masterPartners,2025-05-05T01:00:01.256Z,true,1.27,4256.78,4258.046166,107,
10,masterSubPartners,2025-05-05T01:00:01.256Z,true,1.93,4254.56,4256.489041999999,483,
11,allocationsData,2025-05-05T01:00:01.256Z,true,1095.36,4298.54,5393.903709,132234,
12,contributionsTotalData,2025-05-05T01:00:01.256Z,true,1667.48,4296.24,5963.722041,244647,
13,targetedPersonsData,2025-05-05T01:00:01.256Z,true,2349.99,4712.32,7062.307083,376635,
14,targetedPersonsDetailsData,2025-05-05T01:00:01.256Z,true,2544.52,4697.86,7242.379,1963551,
15,dataGam,2025-05-05T01:00:01.256Z,true,0.93,4979.67,4980.5978749999995,30676,
16,masterGam,2025-05-05T01:00:01.256Z,true,2.78,4246.27,4249.056709,947,
17,masterOrganizations,2025-05-05T01:00:01.256Z,true,0.88,2962.74,2963.619917,258,
18,masterSectors,2025-05-05T01:00:01.256Z,true,2.16,3057.81,3059.970583,1390,
19,allocationsDataResults,2025-05-05T01:00:01.256Z,true,336.73,4258.1,4594.832167,62047,
20,resultsBySector,2025-05-05T01:00:01.256Z,true,83.56,3009.74,3093.302584,925616,
21,resultsByDisability,2025-05-05T01:00:01.256Z,true,79.63,3009.43,3089.061791,946062,
22,resultsByType,2025-05-05T01:00:01.256Z,true,69.17,3093.63,3162.797875,3027389,
23,resultsByBeneficiaryType,2025-05-05T01:00:01.256Z,true,62.21,2994.22,3056.433917,1230033,
24,resultsByOrganization,2025-05-05T01:00:01.256Z,true,80.21,3020.84,3101.0464589999997,1061690,
25,masterLocations,2025-05-05T01:00:01.256Z,true,58.91,2999.94,3058.841375,871088,
26,masterBeneficiaryType,2025-05-05T01:00:01.256Z,true,1.52,2949.89,2951.4064999999996,602,
27,projectSummaryProgress,2025-05-05T01:00:01.256Z,true,1.55,4388.69,4390.234709,38686,
28,sectorsData,2025-05-05T01:00:01.256Z,true,0.95,4504.42,4505.364583,14237,
29,globalIndicators,2025-05-05T01:00:01.256Z,true,2318.22,10322.19,12640.415042,470647,
30,masterOrganizationsProgress,2025-05-05T01:00:01.256Z,true,1673.9,4559.2,6233.099209,1044272,
31,projectStatusMaster,2025-05-05T01:00:01.256Z,true,674.71,4701.12,5375.833167,454447,
32,masterAllocationSource,2025-05-05T01:00:01.256Z,true,3.74,4230.51,4234.250292,54,
33,masterSectorsVo2,2025-05-05T01:00:01.256Z,true,0.18,4243.12,4243.300542,464,
34,masterGlobalIndicators,2025-05-05T01:00:01.256Z,true,3.43,4273.62,4277.0485,54905,
35,masterEmergencies,2025-05-05T01:00:01.256Z,true,0.19,4237.47,4237.664667,2278,
36,projectSummary,2025-05-05T01:00:01.256Z,true,1,4232.98,4233.980375,53810,
37,projectSummaryAggregate,2025-05-05T01:00:01.256Z,true,671.42,4689.27,5360.690833000001,133399,
38,HRPSummary,2025-05-05T01:00:01.256Z,true,0.22,4497.56,4497.783916,15934,
39,emergencySummary,2025-05-05T01:00:01.256Z,true,1530.03,4534.24,6064.270708,610020,
1,masterDonors,2025-05-07T01:00:34.458Z,true,5.93,420.47,426.39883399999997,26218,
2,masterFunds,2025-05-07T01:00:34.458Z,true,6.22,351.38,357.59416600000003,112104,
3,masterRegionalFunds,2025-05-07T01:00:34.458Z,true,1.74,350.26,351.99549999999994,1650,
4,masterAllocationTypes,2025-05-07T01:00:34.458Z,true,6.87,330.73,337.60304099999996,242,
5,launchedAllocationsData,2025-05-07T01:00:34.458Z,true,1454.47,5404.49,6858.957958,706498,
6,contributionsData,2025-05-07T01:00:34.458Z,true,13.52,337.2,350.7222909999999,87597,
7,allocationFlowData,2025-05-07T01:00:34.458Z,true,5.75,4002.76,4008.509208,43096,
8,masterPooledFunds,2025-05-07T01:00:34.458Z,true,0.48,3409.72,3410.1938339999997,2095,
9,masterPartners,2025-05-07T01:00:34.458Z,true,0.17,3375.93,3376.103167,107,
10,masterSubPartners,2025-05-07T01:00:34.458Z,true,0.33,3372.99,3373.3220420000002,483,
11,allocationsData,2025-05-07T01:00:34.458Z,true,1105.42,3901.84,5007.259167,132397,
12,contributionsTotalData,2025-05-07T01:00:34.458Z,true,1115.41,3993.59,5109.001333,244845,
13,targetedPersonsData,2025-05-07T01:00:34.458Z,true,2461.58,4001.13,6462.708834,376742,
14,targetedPersonsDetailsData,2025-05-07T01:00:34.458Z,true,2477.96,3993.57,6471.529041999999,1964470,
15,dataGam,2025-05-07T01:00:34.458Z,true,1.46,4252.97,4254.421083,30713,
16,masterGam,2025-05-07T01:00:34.458Z,true,1.31,3999.69,4000.9934579999995,947,
17,masterOrganizations,2025-05-07T01:00:34.458Z,true,1.3,2261.86,2263.164334,258,
18,masterSectors,2025-05-07T01:00:34.458Z,true,3.15,2250.76,2253.909208,1390,
19,allocationsDataResults,2025-05-07T01:00:34.458Z,true,334.91,3424.75,3759.6646249999994,62133,
20,resultsBySector,2025-05-07T01:00:34.458Z,true,66.46,2397.99,2464.4517499999997,928413,
21,resultsByDisability,2025-05-07T01:00:34.458Z,true,52.17,2293.32,2345.489791,949017,
22,resultsByType,2025-05-07T01:00:34.458Z,true,76.79,2361.74,2438.530209,3034526,
23,resultsByBeneficiaryType,2025-05-07T01:00:34.458Z,true,60.63,2287.81,2348.4425,1233677,
24,resultsByOrganization,2025-05-07T01:00:34.458Z,true,62.76,2302.42,2365.183417,1064687,
25,masterLocations,2025-05-07T01:00:34.458Z,true,12.65,2283.28,2295.9336249999997,872242,
26,masterBeneficiaryType,2025-05-07T01:00:34.458Z,true,1.12,2269.2,2270.316625,602,
27,projectSummaryProgress,2025-05-07T01:00:34.458Z,true,6.41,3978.81,3985.223667,40701,
28,sectorsData,2025-05-07T01:00:34.458Z,true,3.42,3969.62,3973.0455410000004,15082,
29,globalIndicators,2025-05-07T01:00:34.458Z,true,1875.48,6140.31,8015.789,471249,
30,masterOrganizationsProgress,2025-05-07T01:00:34.458Z,true,1788.12,3975.45,5763.565667,1044347,
31,projectStatusMaster,2025-05-07T01:00:34.458Z,true,437.88,3971.91,4409.793042,454323,
32,masterAllocationSource,2025-05-07T01:00:34.458Z,true,2.93,3968.61,3971.540167,54,
33,masterSectorsVo2,2025-05-07T01:00:34.458Z,true,0.24,3886.82,3887.0608330000005,464,
34,masterGlobalIndicators,2025-05-07T01:00:34.458Z,true,1.11,4014.6,4015.7125829999995,54905,
35,masterEmergencies,2025-05-07T01:00:34.458Z,true,0.41,3546.53,3546.945292,2278,
36,projectSummary,2025-05-07T01:00:34.458Z,true,8.79,3969.14,3977.928959,56673,
37,projectSummaryAggregate,2025-05-07T01:00:34.458Z,true,337.67,4150.55,4488.226667,138281,
38,HRPSummary,2025-05-07T01:00:34.458Z,true,1.95,3972.8,3974.747333,15934,
39,emergencySummary,2025-05-07T01:00:34.458Z,true,1673.34,4027.83,5701.17025,611257,
1,masterDonors,2025-05-08T01:00:01.293Z,true,5.57,475.39,480.95804100000004,26218,
2,masterFunds,2025-05-08T01:00:01.293Z,true,19.53,368.45,387.98533299999997,112104,
3,masterRegionalFunds,2025-05-08T01:00:01.293Z,true,1.45,376.06,377.51991699999996,1650,
4,masterAllocationTypes,2025-05-08T01:00:01.293Z,true,1.68,370.79,372.472083,242,
5,launchedAllocationsData,2025-05-08T01:00:01.293Z,true,1434.27,6238.67,7672.934499999999,706330,
6,contributionsData,2025-05-08T01:00:01.293Z,true,6.79,375.15,381.945875,87623,
7,allocationFlowData,2025-05-08T01:00:01.293Z,true,6.21,4196.1,4202.314667,43177,
8,masterPooledFunds,2025-05-08T01:00:01.293Z,true,0.3,4052.53,4052.8282090000002,2095,
9,masterPartners,2025-05-08T01:00:01.293Z,true,1.74,3877.71,3879.454917,107,
10,masterSubPartners,2025-05-08T01:00:01.293Z,true,0.6,3876.97,3877.569292,483,
11,allocationsData,2025-05-08T01:00:01.293Z,true,1331.87,4193.34,5525.211375,132681,
12,contributionsTotalData,2025-05-08T01:00:01.293Z,true,2464.19,4182.83,6647.02225,244942,
13,targetedPersonsData,2025-05-08T01:00:01.293Z,true,2421.03,4865.05,7286.078375,377414,
14,targetedPersonsDetailsData,2025-05-08T01:00:01.293Z,true,2436.83,4184.23,6621.064917,1966523,
15,dataGam,2025-05-08T01:00:01.293Z,true,0.94,4587.72,4588.6660839999995,30717,
16,masterGam,2025-05-08T01:00:01.293Z,true,0.31,3965.11,3965.415916,947,
17,masterOrganizations,2025-05-08T01:00:01.293Z,true,1.31,2699.78,2701.092791,258,
18,masterSectors,2025-05-08T01:00:01.293Z,true,1.5,2670.66,2672.157167,1390,
19,allocationsDataResults,2025-05-08T01:00:01.293Z,true,335.93,4152.07,4488.008416000001,62232,
20,resultsBySector,2025-05-08T01:00:01.293Z,true,64.3,2741.75,2806.0519999999997,929027,
21,resultsByDisability,2025-05-08T01:00:01.293Z,true,41.16,2719.06,2760.225,949395,
22,resultsByType,2025-05-08T01:00:01.293Z,true,96.07,2780.35,2876.4146659999997,3035145,
23,resultsByBeneficiaryType,2025-05-08T01:00:01.293Z,true,59.29,2723.75,2783.0318340000003,1234320,
24,resultsByOrganization,2025-05-08T01:00:01.293Z,true,68.33,2760.89,2829.21775,1065071,
25,masterLocations,2025-05-08T01:00:01.293Z,true,37.04,2701.09,2738.127667,872584,
26,masterBeneficiaryType,2025-05-08T01:00:01.293Z,true,3.08,2718.64,2721.717625,602,
27,projectSummaryProgress,2025-05-08T01:00:01.293Z,true,335.3,4138.33,4473.622125,45734,
28,sectorsData,2025-05-08T01:00:01.293Z,true,1.45,4151.62,4153.073417,16978,
29,globalIndicators,2025-05-08T01:00:01.293Z,true,1997.27,6912.99,8910.252874999998,475829,
30,masterOrganizationsProgress,2025-05-08T01:00:01.293Z,true,1442.87,4322.33,5765.200334,1044496,
31,projectStatusMaster,2025-05-08T01:00:01.293Z,true,656.07,4238.54,4894.604542,454384,
32,masterAllocationSource,2025-05-08T01:00:01.293Z,true,4.44,4140.95,4145.387291,54,
33,masterSectorsVo2,2025-05-08T01:00:01.293Z,true,3.32,4134.34,4137.658292,464,
34,masterGlobalIndicators,2025-05-08T01:00:01.293Z,true,4.81,4142.97,4147.7754589999995,54905,
35,masterEmergencies,2025-05-08T01:00:01.293Z,true,0.28,4184.37,4184.648959,2278,
36,projectSummary,2025-05-08T01:00:01.293Z,true,329.13,4128.55,4457.6813329999995,63738,
37,projectSummaryAggregate,2025-05-08T01:00:01.293Z,true,670.66,4596.84,5267.499208,158964,
38,HRPSummary,2025-05-08T01:00:01.293Z,true,5.53,4134.83,4140.3568749999995,15934,
39,emergencySummary,2025-05-08T01:00:01.293Z,true,1534.51,4132.11,5666.612666999999,615452,
1,masterDonors,2025-05-09T01:00:01.108Z,true,18.15,462.86,481.01216700000003,26218,
2,masterFunds,2025-05-09T01:00:01.108Z,true,8.34,389.24,397.57508300000006,112104,
3,masterRegionalFunds,2025-05-09T01:00:01.108Z,true,1.54,389.18,390.725584,1650,
4,masterAllocationTypes,2025-05-09T01:00:01.108Z,true,2.1,372.1,374.194125,242,
5,launchedAllocationsData,2025-05-09T01:00:01.108Z,true,1339.93,7104.77,8444.697625,708434,
6,contributionsData,2025-05-09T01:00:01.108Z,true,15.87,373.35,389.21404100000007,87623,
7,allocationFlowData,2025-05-09T01:00:01.108Z,true,3.52,3727.03,3730.547625,43177,
8,masterPooledFunds,2025-05-09T01:00:01.108Z,true,2.17,3467.26,3469.4372919999996,2095,
9,masterPartners,2025-05-09T01:00:01.108Z,true,2.48,3467.19,3469.6637499999997,107,
10,masterSubPartners,2025-05-09T01:00:01.108Z,true,0.4,3465.09,3465.490792,483,
11,allocationsData,2025-05-09T01:00:01.108Z,true,1000.58,3486.59,4487.175417,132679,
12,contributionsTotalData,2025-05-09T01:00:01.108Z,true,1443.59,3637.2,5080.787875,244948,
13,targetedPersonsData,2025-05-09T01:00:01.108Z,true,1443.79,4041.58,5485.362167,377700,
14,targetedPersonsDetailsData,2025-05-09T01:00:01.108Z,true,2377.2,3872.08,6249.28075,1966945,
15,dataGam,2025-05-09T01:00:01.108Z,true,1.4,4069.17,4070.5752910000006,30718,
16,masterGam,2025-05-09T01:00:01.108Z,true,0.65,3571.77,3572.4184579999996,947,
17,masterOrganizations,2025-05-09T01:00:01.108Z,true,4.76,2348.8,2353.5532089999997,258,
18,masterSectors,2025-05-09T01:00:01.108Z,true,1.91,2349.69,2351.59925,1390,
19,allocationsDataResults,2025-05-09T01:00:01.108Z,true,334.4,3569.56,3903.9628749999997,62230,
20,resultsBySector,2025-05-09T01:00:01.108Z,true,50.1,2392.62,2442.712083,929184,
21,resultsByDisability,2025-05-09T01:00:01.108Z,true,64.27,2403.71,2467.9799169999997,949651,
22,resultsByType,2025-05-09T01:00:01.108Z,true,69.51,2458.73,2528.2442499999997,3035516,
23,resultsByBeneficiaryType,2025-05-09T01:00:01.108Z,true,77.3,2395.25,2472.5505000000003,1234575,
24,resultsByOrganization,2025-05-09T01:00:01.108Z,true,32,2758.72,2790.7210830000004,1065331,
25,masterLocations,2025-05-09T01:00:01.108Z,true,43.31,2382.5,2425.8022920000003,872584,
26,masterBeneficiaryType,2025-05-09T01:00:01.108Z,true,1.55,2352.26,2353.805334,602,
27,projectSummaryProgress,2025-05-09T01:00:01.108Z,true,339.58,3739.87,4079.4494589999995,46745,
28,sectorsData,2025-05-09T01:00:01.108Z,true,4,3737.16,3741.162208,17460,
29,globalIndicators,2025-05-09T01:00:01.108Z,true,1797.9,8810.8,10608.697042,476894,
30,masterOrganizationsProgress,2025-05-09T01:00:01.108Z,true,1667.84,3797.38,5465.216166,1044507,
31,projectStatusMaster,2025-05-09T01:00:01.108Z,true,438.88,3700.65,4139.523042,454359,
32,masterAllocationSource,2025-05-09T01:00:01.108Z,true,0.42,3601.91,3602.332834,54,
33,masterSectorsVo2,2025-05-09T01:00:01.108Z,true,0.44,3607.81,3608.24575,464,
34,masterGlobalIndicators,2025-05-09T01:00:01.108Z,true,1.32,3689.17,3690.483084,54905,
35,masterEmergencies,2025-05-09T01:00:01.108Z,true,3.18,3676.24,3679.421375,2278,
36,projectSummary,2025-05-09T01:00:01.108Z,true,330.75,3558.71,3889.4523750000003,65221,
37,projectSummaryAggregate,2025-05-09T01:00:01.108Z,true,668.3,4124.23,4792.527125,162199,
38,HRPSummary,2025-05-09T01:00:01.108Z,true,1.03,3675.47,3676.5035000000003,15934,
39,emergencySummary,2025-05-09T01:00:01.108Z,true,1668.48,3726.9,5395.374417,616105,
1,masterDonors,2025-05-10T01:00:01.062Z,true,5.12,561.89,567.0065000000001,26218,
2,masterFunds,2025-05-10T01:00:01.062Z,true,14.27,334.19,348.459875,112104,
3,masterRegionalFunds,2025-05-10T01:00:01.062Z,true,1.36,343.08,344.434834,1650,
4,masterAllocationTypes,2025-05-10T01:00:01.062Z,true,1.52,337.91,339.42704200000003,242,
5,launchedAllocationsData,2025-05-10T01:00:01.062Z,true,1208.85,6989.06,8197.911750000001,708557,
6,contributionsData,2025-05-10T01:00:01.062Z,true,4.89,352.21,357.098125,87623,
7,allocationFlowData,2025-05-10T01:00:01.062Z,true,2.36,4911.65,4914.008916000001,43177,
8,masterPooledFunds,2025-05-10T01:00:01.062Z,true,3.42,4902.53,4905.955417,2095,
9,masterPartners,2025-05-10T01:00:01.062Z,true,2.71,4901.47,4904.181334000001,107,
10,masterSubPartners,2025-05-10T01:00:01.062Z,true,6.5,4899.93,4906.424916999999,483,
11,allocationsData,2025-05-10T01:00:01.062Z,true,1007.55,4904.12,5911.667542,132894,
12,contributionsTotalData,2025-05-10T01:00:01.062Z,true,1438.51,4925.38,6363.889125000001,244949,
13,targetedPersonsData,2025-05-10T01:00:01.062Z,true,2096.19,5121.15,7217.338333,377710,
14,targetedPersonsDetailsData,2025-05-10T01:00:01.062Z,true,2365.2,5042.13,7407.33,1967399,
15,dataGam,2025-05-10T01:00:01.062Z,true,0.83,5387,5387.823125000001,30719,
16,masterGam,2025-05-10T01:00:01.062Z,true,4.19,4885.11,4889.304834,947,
17,masterOrganizations,2025-05-10T01:00:01.062Z,true,0.91,3295.48,3296.391416,258,
18,masterSectors,2025-05-10T01:00:01.062Z,true,0.9,3282.5,3283.404,1390,
19,allocationsDataResults,2025-05-10T01:00:01.062Z,true,336.56,4909.51,5246.069416,62316,
20,resultsBySector,2025-05-10T01:00:01.062Z,true,90.93,3309.19,3400.114458,929184,
21,resultsByDisability,2025-05-10T01:00:01.062Z,true,84.04,3304.66,3388.706209,949651,
22,resultsByType,2025-05-10T01:00:01.062Z,true,163.02,3389.63,3552.6537500000004,3035516,
23,resultsByBeneficiaryType,2025-05-10T01:00:01.062Z,true,141.14,3359.57,3500.7129999999997,1234742,
24,resultsByOrganization,2025-05-10T01:00:01.062Z,true,129.36,3397.73,3527.09025,1065331,
25,masterLocations,2025-05-10T01:00:01.062Z,true,65.07,3311.15,3376.224083,872584,
26,masterBeneficiaryType,2025-05-10T01:00:01.062Z,true,1.67,3265.52,3267.1881249999997,602,
27,projectSummaryProgress,2025-05-10T01:00:01.062Z,true,342.89,4879.73,5222.624916000001,47773,
28,sectorsData,2025-05-10T01:00:01.062Z,true,3.86,4877.61,4881.466833,17754,
29,globalIndicators,2025-05-10T01:00:01.062Z,true,2343.14,7773.76,10116.902834,477684,
30,masterOrganizationsProgress,2025-05-10T01:00:01.062Z,true,1683.22,4906.41,6589.628458,1044569,
31,projectStatusMaster,2025-05-10T01:00:01.062Z,true,1000.14,4971.82,5971.961542,454312,
32,masterAllocationSource,2025-05-10T01:00:01.062Z,true,5.14,4867.72,4872.864209,54,
33,masterSectorsVo2,2025-05-10T01:00:01.062Z,true,1.16,4899.79,4900.947709,464,
34,masterGlobalIndicators,2025-05-10T01:00:01.062Z,true,3.83,4874.37,4878.198458,54905,
35,masterEmergencies,2025-05-10T01:00:01.062Z,true,2.01,4897.73,4899.747084,2278,
36,projectSummary,2025-05-10T01:00:01.062Z,true,346.35,4870.28,5216.63275,66668,
37,projectSummaryAggregate,2025-05-10T01:00:01.062Z,true,771.77,5711.44,6483.214207999999,163754,
38,HRPSummary,2025-05-10T01:00:01.062Z,true,0.51,4898.87,4899.3844579999995,15934,
39,emergencySummary,2025-05-10T01:00:01.062Z,true,1769.59,4869.48,6639.068417,617445,
1,masterDonors,2025-05-14T01:00:01.280Z,true,13.15,400.03,413.176042,26218,
2,masterFunds,2025-05-14T01:00:01.280Z,true,2.85,346.95,349.80558300000007,112104,
3,masterRegionalFunds,2025-05-14T01:00:01.280Z,true,1,342.89,343.895084,1650,
4,masterAllocationTypes,2025-05-14T01:00:01.280Z,true,1.99,328.87,330.855583,242,
5,launchedAllocationsData,2025-05-14T01:00:01.280Z,true,1426.35,8080.66,9507.008792,708864,
6,contributionsData,2025-05-14T01:00:01.280Z,true,5.4,328.61,334.004292,87644,
7,allocationFlowData,2025-05-14T01:00:01.280Z,true,3.58,4816.73,4820.311709,43205,
8,masterPooledFunds,2025-05-14T01:00:01.280Z,true,8.17,4806.42,4814.586082999999,2095,
9,masterPartners,2025-05-14T01:00:01.280Z,true,11.14,4802.38,4813.514458,107,
10,masterSubPartners,2025-05-14T01:00:01.280Z,true,9.56,4802.41,4811.969667,483,
11,allocationsData,2025-05-14T01:00:01.280Z,true,1095.2,4803.75,5898.9524169999995,132830,
12,contributionsTotalData,2025-05-14T01:00:01.280Z,true,1329.53,4804.77,6134.300375,244947,
13,targetedPersonsData,2025-05-14T01:00:01.280Z,true,1873.04,5086.22,6959.258667,377803,
14,targetedPersonsDetailsData,2025-05-14T01:00:01.280Z,true,2327.71,5041.62,7369.332417,1968529,
15,dataGam,2025-05-14T01:00:01.280Z,true,1.45,5349.09,5350.544834,30719,
16,masterGam,2025-05-14T01:00:01.280Z,true,6.5,4800.86,4807.355041000001,947,
17,masterOrganizations,2025-05-14T01:00:01.280Z,true,2.49,3269.86,3272.354166,258,
18,masterSectors,2025-05-14T01:00:01.280Z,true,1.32,3306.49,3307.8115,1390,
19,allocationsDataResults,2025-05-14T01:00:01.280Z,true,326.32,4798.05,5124.376584,62291,
20,resultsBySector,2025-05-14T01:00:01.280Z,true,27.54,3378.36,3405.906583,930964,
21,resultsByDisability,2025-05-14T01:00:01.280Z,true,48.82,3334.75,3383.56525,950790,
22,resultsByType,2025-05-14T01:00:01.280Z,true,72.21,3392.11,3464.317666,3037777,
23,resultsByBeneficiaryType,2025-05-14T01:00:01.280Z,true,44.24,3334.94,3379.171167,1236043,
24,resultsByOrganization,2025-05-14T01:00:01.280Z,true,29.52,3466.53,3496.045542,1066486,
25,masterLocations,2025-05-14T01:00:01.280Z,true,24.92,3313.34,3338.258416,873326,
26,masterBeneficiaryType,2025-05-14T01:00:01.280Z,true,1.89,3291.25,3293.140875,602,
27,projectSummaryProgress,2025-05-14T01:00:01.280Z,true,326.17,4793.08,5119.245917,49819,
28,sectorsData,2025-05-14T01:00:01.280Z,true,4.79,4791.46,4796.25425,18750,
29,globalIndicators,2025-05-14T01:00:01.280Z,true,1444.33,7898.13,9342.466042,478954,
30,masterOrganizationsProgress,2025-05-14T01:00:01.280Z,true,1661.29,5305.09,6966.3880420000005,1045843,
31,projectStatusMaster,2025-05-14T01:00:01.280Z,true,345.13,4893,5238.134333999999,454085,
32,masterAllocationSource,2025-05-14T01:00:01.280Z,true,1.66,4790.64,4792.300542,54,
33,masterSectorsVo2,2025-05-14T01:00:01.280Z,true,0.99,4790.38,4791.368542,464,
34,masterGlobalIndicators,2025-05-14T01:00:01.280Z,true,1.65,4872.22,4873.872208,54905,
35,masterEmergencies,2025-05-14T01:00:01.280Z,true,2,4875.07,4877.065167,2278,
36,projectSummary,2025-05-14T01:00:01.280Z,true,333.72,4824.8,5158.519083,69742,
37,projectSummaryAggregate,2025-05-14T01:00:01.280Z,false,,,,,The operation was aborted.
38,HRPSummary,2025-05-14T01:00:01.280Z,true,0.73,4874.61,4875.343707999999,18664,
39,emergencySummary,2025-05-14T01:00:01.280Z,true,2092.05,4851.12,6943.173791,618734,
1,masterDonors,2025-05-15T01:00:00.779Z,true,8.98,420.18,429.163667,26218,
2,masterFunds,2025-05-15T01:00:00.779Z,true,17.95,333.82,351.768084,112104,
3,masterRegionalFunds,2025-05-15T01:00:00.779Z,true,5.94,340.33,346.26949999999994,1650,
4,masterAllocationTypes,2025-05-15T01:00:00.779Z,true,1.34,340.1,341.439584,242,
5,launchedAllocationsData,2025-05-15T01:00:00.779Z,true,1354.54,8108.28,9462.823875,709645,
6,contributionsData,2025-05-15T01:00:00.779Z,true,5.93,339.46,345.38595900000007,87644,
7,allocationFlowData,2025-05-15T01:00:00.779Z,true,1.19,4854.73,4855.926292,43204,
8,masterPooledFunds,2025-05-15T01:00:00.779Z,true,2.44,4360.42,4362.863666,2095,
9,masterPartners,2025-05-15T01:00:00.779Z,true,3.71,4355.9,4359.603875,107,
10,masterSubPartners,2025-05-15T01:00:00.779Z,true,3.73,4351.62,4355.3529579999995,483,
11,allocationsData,2025-05-15T01:00:00.779Z,true,1686.43,4356.1,6042.526,132833,
12,contributionsTotalData,2025-05-15T01:00:00.779Z,true,1675.36,4354.33,6029.695041999999,244947,
13,targetedPersonsData,2025-05-15T01:00:00.779Z,true,1454.65,4737.77,6192.417333,377940,
14,targetedPersonsDetailsData,2025-05-15T01:00:00.779Z,true,2487.74,4569.17,7056.913333,1968785,
15,dataGam,2025-05-15T01:00:00.779Z,true,0.92,4899.22,4900.144875,30719,
16,masterGam,2025-05-15T01:00:00.779Z,true,3.12,4345.45,4348.564042,947,
17,masterOrganizations,2025-05-15T01:00:00.779Z,true,0.86,2874.88,2875.739459,258,
18,masterSectors,2025-05-15T01:00:00.779Z,true,1.49,2864.49,2865.980083,1390,
19,allocationsDataResults,2025-05-15T01:00:00.779Z,true,336.05,4344.97,4681.0226250000005,62291,
20,resultsBySector,2025-05-15T01:00:00.779Z,true,32.4,2909.92,2942.320375,930964,
21,resultsByDisability,2025-05-15T01:00:00.779Z,true,49.68,2914.22,2963.894792,950790,
22,resultsByType,2025-05-15T01:00:00.779Z,true,68.5,3007.95,3076.4537499999997,3037777,
23,resultsByBeneficiaryType,2025-05-15T01:00:00.779Z,true,58.01,2940.66,2998.676958,1236043,
24,resultsByOrganization,2025-05-15T01:00:00.779Z,true,45.85,2966.91,3012.766084,1066486,
25,masterLocations,2025-05-15T01:00:00.779Z,true,47.1,2922.81,2969.908458,873326,
26,masterBeneficiaryType,2025-05-15T01:00:00.779Z,true,0.67,2893.3,2893.9697910000004,602,
27,projectSummaryProgress,2025-05-15T01:00:00.779Z,true,337.57,4408.51,4746.076458,50537,
28,sectorsData,2025-05-15T01:00:00.779Z,true,4.91,4335.33,4340.248333,19224,
29,globalIndicators,2025-05-15T01:00:00.779Z,true,2448.72,7694.33,10143.054250000001,479812,
30,masterOrganizationsProgress,2025-05-15T01:00:00.779Z,true,1689.96,4533.54,6223.505917,1045803,
31,projectStatusMaster,2025-05-15T01:00:00.779Z,true,436.45,4829.62,5266.062667,454244,
32,masterAllocationSource,2025-05-15T01:00:00.779Z,true,1.15,4337.75,4338.898792,54,
33,masterSectorsVo2,2025-05-15T01:00:00.779Z,true,0.29,4384.67,4384.952333,464,
34,masterGlobalIndicators,2025-05-15T01:00:00.779Z,true,0.93,4336.95,4337.883708,54905,
35,masterEmergencies,2025-05-15T01:00:00.779Z,true,4.61,4327.03,4331.646458,2278,
36,projectSummary,2025-05-15T01:00:00.779Z,true,334.85,4334.29,4669.1432079999995,70728,
37,projectSummaryAggregate,2025-05-15T01:00:00.779Z,false,,,,,The operation was aborted.
38,HRPSummary,2025-05-15T01:00:00.779Z,true,0.35,4488.65,4489.00825,18664,
39,emergencySummary,2025-05-15T01:00:00.779Z,true,2792.6,4399.39,7191.99125,619101,
1,masterDonors,2025-05-18T01:00:01.378Z,true,2.04,421.64,423.681333,26218,
2,masterFunds,2025-05-18T01:00:01.378Z,true,11.39,344.69,356.079292,112104,
3,masterRegionalFunds,2025-05-18T01:00:01.378Z,true,2.95,347.76,350.70904099999996,1650,
4,masterAllocationTypes,2025-05-18T01:00:01.378Z,true,6.17,331.93,338.094708,242,
5,launchedAllocationsData,2025-05-18T01:00:01.378Z,true,1628.19,13118.98,14747.169667,709636,
6,contributionsData,2025-05-18T01:00:01.378Z,true,9.11,340.09,349.192583,87644,
7,allocationFlowData,2025-05-18T01:00:01.378Z,true,2.1,4862.5,4864.603042000001,43288,
8,masterPooledFunds,2025-05-18T01:00:01.378Z,true,0.57,4692.28,4692.85175,2095,
9,masterPartners,2025-05-18T01:00:01.378Z,true,0.21,5683.97,5684.175208000001,107,
10,masterSubPartners,2025-05-18T01:00:01.378Z,true,0.52,4723.88,4724.401,483,
11,allocationsData,2025-05-18T01:00:01.378Z,true,1690.57,4654.02,6344.587082999999,132768,
12,contributionsTotalData,2025-05-18T01:00:01.378Z,true,1229.92,4742.18,5972.1,245953,
13,targetedPersonsData,2025-05-18T01:00:01.378Z,true,2343.93,5236.15,7580.080834,378980,
14,targetedPersonsDetailsData,2025-05-18T01:00:01.378Z,true,2597.93,5188.17,7786.095334000001,1971669,
15,dataGam,2025-05-18T01:00:01.378Z,true,1.68,5361.81,5363.486959000001,30763,
16,masterGam,2025-05-18T01:00:01.378Z,true,2.19,4618.71,4620.8997500000005,947,
17,masterOrganizations,2025-05-18T01:00:01.378Z,true,2.13,3386.92,3389.047917,258,
18,masterSectors,2025-05-18T01:00:01.378Z,true,1.02,3392.1,3393.119167,1390,
19,allocationsDataResults,2025-05-18T01:00:01.378Z,true,346.78,4651.91,4998.691125,62295,
20,resultsBySector,2025-05-18T01:00:01.378Z,true,36.42,3422.63,3459.0521670000003,930964,
21,resultsByDisability,2025-05-18T01:00:01.378Z,true,113.16,3638.85,3752.005666,950790,
22,resultsByType,2025-05-18T01:00:01.378Z,true,81.48,3485.05,3566.529167,3037777,
23,resultsByBeneficiaryType,2025-05-18T01:00:01.378Z,true,65.68,3440.17,3505.846833,1236043,
24,resultsByOrganization,2025-05-18T01:00:01.378Z,true,60.19,3434.2,3494.384083,1066486,
25,masterLocations,2025-05-18T01:00:01.378Z,true,37.96,3431.19,3469.1500419999998,873326,
26,masterBeneficiaryType,2025-05-18T01:00:01.378Z,true,0.8,3403.21,3404.006708,602,
27,projectSummaryProgress,2025-05-18T01:00:01.378Z,true,341.34,4728.08,5069.416667,58301,
28,sectorsData,2025-05-18T01:00:01.378Z,true,1.35,5223.17,5224.514083,24457,
29,globalIndicators,2025-05-18T01:00:01.378Z,true,2050.06,13805.86,15855.92375,484261,
30,masterOrganizationsProgress,2025-05-18T01:00:01.378Z,true,1557.87,5680.82,7238.685791999999,1047848,
31,projectStatusMaster,2025-05-18T01:00:01.378Z,true,704.24,4878.88,5583.127333,454378,
32,masterAllocationSource,2025-05-18T01:00:01.378Z,true,0.33,4712.01,4712.341458,54,
33,masterSectorsVo2,2025-05-18T01:00:01.378Z,true,1.84,4695.52,4697.356125,464,
34,masterGlobalIndicators,2025-05-18T01:00:01.378Z,true,1.92,4600.52,4602.43675,54905,
35,masterEmergencies,2025-05-18T01:00:01.378Z,true,0.59,4600.68,4601.268916,2278,
36,projectSummary,2025-05-18T01:00:01.378Z,true,334.79,4729.26,5064.056209,81502,
37,projectSummaryAggregate,2025-05-18T01:00:01.378Z,true,1000.67,6447.92,7448.5925,227078,
38,HRPSummary,2025-05-18T01:00:01.378Z,true,0.53,4712.02,4712.5415,18664,
39,emergencySummary,2025-05-18T01:00:01.378Z,true,1715.51,4987.35,6702.855957999999,624168,
1,masterDonors,2025-05-20T01:00:01.241Z,true,14.37,394.87,409.24933400000003,26218,
2,masterFunds,2025-05-20T01:00:01.241Z,true,9.94,328.85,338.793834,112104,
3,masterRegionalFunds,2025-05-20T01:00:01.241Z,true,1.18,342.77,343.947084,1650,
4,masterAllocationTypes,2025-05-20T01:00:01.241Z,true,1.47,327.15,328.62145799999996,242,
5,launchedAllocationsData,2025-05-20T01:00:01.241Z,true,1326.64,10707.75,12034.384167,709751,
6,contributionsData,2025-05-20T01:00:01.241Z,true,6.04,327.2,333.23924999999997,87644,
7,allocationFlowData,2025-05-20T01:00:01.241Z,true,1.04,4311.5,4312.54025,43288,
8,masterPooledFunds,2025-05-20T01:00:01.241Z,true,2.51,3937.11,3939.6207500000005,2095,
9,masterPartners,2025-05-20T01:00:01.241Z,true,0.33,3896.07,3896.398833,107,
10,masterSubPartners,2025-05-20T01:00:01.241Z,true,2.72,3940.22,3942.942375,483,
11,allocationsData,2025-05-20T01:00:01.241Z,true,998.05,3936.9,4934.953667,132768,
12,contributionsTotalData,2025-05-20T01:00:01.241Z,true,2426.05,3938.65,6364.700167,245958,
13,targetedPersonsData,2025-05-20T01:00:01.241Z,true,1875.88,4474.09,6349.969167,378984,
14,targetedPersonsDetailsData,2025-05-20T01:00:01.241Z,true,2344.56,4228.74,6573.295999999999,1971778,
15,dataGam,2025-05-20T01:00:01.241Z,true,0.99,4751.34,4752.325916,30763,
16,masterGam,2025-05-20T01:00:01.241Z,true,1.57,3928.37,3929.940125,947,
17,masterOrganizations,2025-05-20T01:00:01.241Z,true,1.09,2696.62,2697.711583,258,
18,masterSectors,2025-05-20T01:00:01.241Z,true,1.41,2688.43,2689.844208,1390,
19,allocationsDataResults,2025-05-20T01:00:01.241Z,true,331.74,3925.44,4257.1735419999995,62295,
20,resultsBySector,2025-05-20T01:00:01.241Z,true,48.25,2731.49,2779.731792,930964,
21,resultsByDisability,2025-05-20T01:00:01.241Z,true,72.56,2768.66,2841.217584,950790,
22,resultsByType,2025-05-20T01:00:01.241Z,true,88.87,2804.07,2892.945625,3037777,
23,resultsByBeneficiaryType,2025-05-20T01:00:01.241Z,true,78.29,2744.45,2822.7338330000002,1236043,
24,resultsByOrganization,2025-05-20T01:00:01.241Z,true,77.43,2737.01,2814.442167,1066486,
25,masterLocations,2025-05-20T01:00:01.241Z,true,25.17,2720.95,2746.123083,873326,
26,masterBeneficiaryType,2025-05-20T01:00:01.241Z,true,0.65,2702.55,2703.204083,602,
27,projectSummaryProgress,2025-05-20T01:00:01.241Z,true,331.24,4079.71,4410.946917,58301,
28,sectorsData,2025-05-20T01:00:01.241Z,true,1.26,3966.09,3967.3457919999996,24457,
29,globalIndicators,2025-05-20T01:00:01.241Z,true,1337.3,10143.67,11480.97125,484292,
30,masterOrganizationsProgress,2025-05-20T01:00:01.241Z,true,1669.55,4316.97,5986.5221249999995,1047944,
31,projectStatusMaster,2025-05-20T01:00:01.241Z,true,667.16,4203.15,4870.3085,454305,
32,masterAllocationSource,2025-05-20T01:00:01.241Z,true,3.81,3916.88,3920.6974159999995,54,
33,masterSectorsVo2,2025-05-20T01:00:01.241Z,true,0.41,4024.52,4024.9349999999995,464,
34,masterGlobalIndicators,2025-05-20T01:00:01.241Z,true,0.85,3929.75,3930.603667,54905,
35,masterEmergencies,2025-05-20T01:00:01.241Z,true,1.26,3917.41,3918.673958,2278,
36,projectSummary,2025-05-20T01:00:01.241Z,true,330.64,3917.14,4247.778708,81502,
37,projectSummaryAggregate,2025-05-20T01:00:01.241Z,true,672.64,5636.69,6309.330749999999,227078,
38,HRPSummary,2025-05-20T01:00:01.241Z,true,0.24,3977.58,3977.8225410000005,18664,
39,emergencySummary,2025-05-20T01:00:01.241Z,true,2001.14,4086.2,6087.342583000001,624148,
1,masterDonors,2025-05-21T01:00:01.219Z,true,4.67,425.68,430.34883300000007,26218,
2,masterFunds,2025-05-21T01:00:01.219Z,true,4.84,351.91,356.75020799999993,112104,
3,masterRegionalFunds,2025-05-21T01:00:01.219Z,true,7.73,344.05,351.78175000000005,1650,
4,masterAllocationTypes,2025-05-21T01:00:01.219Z,true,1.48,344.15,345.63162500000004,242,
5,launchedAllocationsData,2025-05-21T01:00:01.219Z,true,1195.39,7777.55,8972.937792,710121,
6,contributionsData,2025-05-21T01:00:01.219Z,true,22.25,328.6,350.853875,87644,
7,allocationFlowData,2025-05-21T01:00:01.219Z,true,2.09,4869.29,4871.382041,43288,
8,masterPooledFunds,2025-05-21T01:00:01.219Z,true,7.59,4755.56,4763.150250000001,2095,
9,masterPartners,2025-05-21T01:00:01.219Z,true,0.54,4612.16,4612.695208,107,
10,masterSubPartners,2025-05-21T01:00:01.219Z,true,0.33,4621.74,4622.062999999999,483,
11,allocationsData,2025-05-21T01:00:01.219Z,true,660.33,4749.25,5409.579417,132768,
12,contributionsTotalData,2025-05-21T01:00:01.219Z,true,1763.52,4757.68,6521.195417,245956,
13,targetedPersonsData,2025-05-21T01:00:01.219Z,true,2641.01,5268.16,7909.172291,378987,
14,targetedPersonsDetailsData,2025-05-21T01:00:01.219Z,true,2393.2,4900.02,7293.221417,1971847,
15,dataGam,2025-05-21T01:00:01.219Z,true,1.39,5342.21,5343.599625,30763,
16,masterGam,2025-05-21T01:00:01.219Z,true,6.3,4746.53,4752.827542,947,
17,masterOrganizations,2025-05-21T01:00:01.219Z,true,2.78,3498.4,3501.179333,258,
18,masterSectors,2025-05-21T01:00:01.219Z,true,1.67,3519.3,3520.9696670000003,1390,
19,allocationsDataResults,2025-05-21T01:00:01.219Z,true,328.9,4747.78,5076.675083,62295,
20,resultsBySector,2025-05-21T01:00:01.219Z,true,76.77,3590.55,3667.3152499999997,930964,
21,resultsByDisability,2025-05-21T01:00:01.219Z,true,54.62,3564.05,3618.6708750000003,950790,
22,resultsByType,2025-05-21T01:00:01.219Z,true,112.75,3598.81,3711.553375,3037777,
23,resultsByBeneficiaryType,2025-05-21T01:00:01.219Z,true,82.36,3571.06,3653.413042,1236043,
24,resultsByOrganization,2025-05-21T01:00:01.219Z,true,42.56,3548.7,3591.267041,1066486,
25,masterLocations,2025-05-21T01:00:01.219Z,true,26.55,3540.07,3566.6166249999997,873326,
26,masterBeneficiaryType,2025-05-21T01:00:01.219Z,true,1.27,3515.67,3516.932041,602,
27,projectSummaryProgress,2025-05-21T01:00:01.219Z,true,337.37,4793.94,5131.312291,58301,
28,sectorsData,2025-05-21T01:00:01.219Z,true,1.77,4973.31,4975.073292,24457,
29,globalIndicators,2025-05-21T01:00:01.219Z,true,1318.14,8811.8,10129.940417,484539,
30,masterOrganizationsProgress,2025-05-21T01:00:01.219Z,true,1616.06,5118.6,6734.653834000001,1048122,
31,projectStatusMaster,2025-05-21T01:00:01.219Z,true,656.92,4739.36,5396.27175,454131,
32,masterAllocationSource,2025-05-21T01:00:01.219Z,true,0.43,5398,5398.425042,54,
33,masterSectorsVo2,2025-05-21T01:00:01.219Z,true,4.08,4734.18,4738.258208,464,
34,masterGlobalIndicators,2025-05-21T01:00:01.219Z,true,0.95,4739.48,4740.429499999999,54905,
35,masterEmergencies,2025-05-21T01:00:01.219Z,true,0.31,5388.44,5388.7485830000005,2278,
36,projectSummary,2025-05-21T01:00:01.219Z,true,331.62,4730.15,5061.772083,81496,
37,projectSummaryAggregate,2025-05-21T01:00:01.219Z,true,668.63,6157.31,6825.940917000001,227078,
38,HRPSummary,2025-05-21T01:00:01.219Z,true,3.44,4751.45,4754.895875,18664,
39,emergencySummary,2025-05-21T01:00:01.219Z,true,1330.08,4795.64,6125.720583,624157,
1,masterDonors,2025-05-24T01:00:01.314Z,true,9.75,446.51,456.25612500000005,26218,
2,masterFunds,2025-05-24T01:00:01.314Z,true,21.49,351.2,372.69312499999995,112104,
3,masterRegionalFunds,2025-05-24T01:00:01.314Z,true,1.74,365.82,367.5575,1650,
4,masterAllocationTypes,2025-05-24T01:00:01.314Z,true,1.65,358.41,360.063208,242,
5,launchedAllocationsData,2025-05-24T01:00:01.314Z,true,1429.03,7491.38,8920.404167,716227,
6,contributionsData,2025-05-24T01:00:01.314Z,true,8.22,358.1,366.32695900000004,87644,
7,allocationFlowData,2025-05-24T01:00:01.314Z,true,8.01,3950.59,3958.6048330000003,43397,
8,masterPooledFunds,2025-05-24T01:00:01.314Z,true,0.35,3576,3576.346625,2095,
9,masterPartners,2025-05-24T01:00:01.314Z,true,0.16,3419.22,3419.3747089999997,107,
10,masterSubPartners,2025-05-24T01:00:01.314Z,true,0.32,3414.97,3415.292458,483,
11,allocationsData,2025-05-24T01:00:01.314Z,true,1099.81,3937.23,5037.037792,133081,
12,contributionsTotalData,2025-05-24T01:00:01.314Z,true,1773.97,3940.9,5714.864417000001,246425,
13,targetedPersonsData,2025-05-24T01:00:01.314Z,true,2770.69,4118.25,6888.942125,379696,
14,targetedPersonsDetailsData,2025-05-24T01:00:01.314Z,true,2319.96,3943.59,6263.554417,1974347,
15,dataGam,2025-05-24T01:00:01.314Z,true,1.41,4143.86,4145.2649169999995,30843,
16,masterGam,2025-05-24T01:00:01.314Z,true,1.09,3563.38,3564.467833,947,
17,masterOrganizations,2025-05-24T01:00:01.314Z,true,1.09,2311.06,2312.142584,258,
18,masterSectors,2025-05-24T01:00:01.314Z,true,6.36,2289.54,2295.900917,1390,
19,allocationsDataResults,2025-05-24T01:00:01.314Z,true,330.74,3922.51,4253.247458999999,62407,
20,resultsBySector,2025-05-24T01:00:01.314Z,true,44.8,2367.98,2412.779333,930964,
21,resultsByDisability,2025-05-24T01:00:01.314Z,true,35.21,2363.4,2398.609667,950790,
22,resultsByType,2025-05-24T01:00:01.314Z,true,100.87,2417.59,2518.456291,3037777,
23,resultsByBeneficiaryType,2025-05-24T01:00:01.314Z,true,59.38,2407.82,2467.205834,1236043,
24,resultsByOrganization,2025-05-24T01:00:01.314Z,true,56.98,2397.12,2454.098917,1066486,
25,masterLocations,2025-05-24T01:00:01.314Z,true,26.92,2339.62,2366.540958,873326,
26,masterBeneficiaryType,2025-05-24T01:00:01.314Z,true,0.88,2317.86,2318.741042,602,
27,projectSummaryProgress,2025-05-24T01:00:01.314Z,true,332.86,3922.33,4255.187375,65003,
28,sectorsData,2025-05-24T01:00:01.314Z,true,1.35,4233.3,4234.656833000001,27810,
29,globalIndicators,2025-05-24T01:00:01.314Z,true,2102.18,8077.02,10179.196583,488446,
30,masterOrganizationsProgress,2025-05-24T01:00:01.314Z,true,1764.39,3951.17,5715.5535,1048799,
31,projectStatusMaster,2025-05-24T01:00:01.314Z,true,660.7,3919.3,4579.99675,454355,
32,masterAllocationSource,2025-05-24T01:00:01.314Z,true,5.62,3911.64,3917.261292,54,
33,masterSectorsVo2,2025-05-24T01:00:01.314Z,true,3.17,3919.63,3922.800166,464,
34,masterGlobalIndicators,2025-05-24T01:00:01.314Z,true,1.2,3566.06,3567.2554160000004,54905,
35,masterEmergencies,2025-05-24T01:00:01.314Z,true,1.26,3908.27,3909.5352919999996,2278,
36,projectSummary,2025-05-24T01:00:01.314Z,true,662.08,3894.34,4556.424625,91287,
37,projectSummaryAggregate,2025-05-24T01:00:01.314Z,false,,,,,The operation was aborted.
38,HRPSummary,2025-05-24T01:00:01.314Z,true,8.15,3893.89,3902.0336669999997,18665,
39,emergencySummary,2025-05-24T01:00:01.314Z,true,2438.69,3898.66,6337.3486250000005,629263,
1,masterDonors,2025-05-26T01:00:01.036Z,true,10.99,402.81,413.80070800000004,26218,
2,masterFunds,2025-05-26T01:00:01.036Z,true,20.39,325.45,345.844917,112104,
3,masterRegionalFunds,2025-05-26T01:00:01.036Z,true,2.91,338.48,341.39016699999996,1650,
4,masterAllocationTypes,2025-05-26T01:00:01.036Z,true,1.05,335.06,336.10875,242,
5,launchedAllocationsData,2025-05-26T01:00:01.036Z,true,1321.35,3272.71,4594.057166,716225,
6,contributionsData,2025-05-26T01:00:01.036Z,true,12.55,329.47,342.01808399999993,87644,
7,allocationFlowData,2025-05-26T01:00:01.036Z,true,1.09,1643.22,1644.3131670000002,43446,
8,masterPooledFunds,2025-05-26T01:00:01.036Z,true,6.99,1547.45,1554.433708,2095,
9,masterPartners,2025-05-26T01:00:01.036Z,true,11.77,1541.45,1553.21525,107,
10,masterSubPartners,2025-05-26T01:00:01.036Z,true,8.22,1543.65,1551.866833,483,
11,allocationsData,2025-05-26T01:00:01.036Z,true,771.48,1540.64,2312.1231249999996,133043,
12,contributionsTotalData,2025-05-26T01:00:01.036Z,true,1638.54,1546.29,3184.8290420000003,246425,
13,targetedPersonsData,2025-05-26T01:00:01.036Z,true,2655.65,2007.92,4663.571708,379971,
14,targetedPersonsDetailsData,2025-05-26T01:00:01.036Z,true,2431.39,1808.63,4240.022208,1975036,
15,dataGam,2025-05-26T01:00:01.036Z,true,1361.25,3637.9,4999.146874999999,30843,
16,masterGam,2025-05-26T01:00:01.036Z,true,0.76,1546.55,1547.3127499999998,947,
17,masterOrganizations,2025-05-26T01:00:01.036Z,true,1.81,322.88,324.69216600000004,258,
18,masterSectors,2025-05-26T01:00:01.036Z,true,5.4,391.13,396.53570799999994,1390,
19,allocationsDataResults,2025-05-26T01:00:01.036Z,true,324.11,1530.14,1854.252458,62399,
20,resultsBySector,2025-05-26T01:00:01.036Z,true,69.53,398.52,468.049084,930964,
21,resultsByDisability,2025-05-26T01:00:01.036Z,true,52.71,390.58,443.291333,950790,
22,resultsByType,2025-05-26T01:00:01.036Z,true,110.56,428.99,539.546167,3037777,
23,resultsByBeneficiaryType,2025-05-26T01:00:01.036Z,true,57.93,380.47,438.399625,1236043,
24,resultsByOrganization,2025-05-26T01:00:01.036Z,true,82.99,431.45,514.4436659999999,1066486,
25,masterLocations,2025-05-26T01:00:01.036Z,true,15.7,332.73,348.426333,873326,
26,masterBeneficiaryType,2025-05-26T01:00:01.036Z,true,0.78,308.24,309.0215,602,
27,projectSummaryProgress,2025-05-26T01:00:01.036Z,true,331.6,1578.01,1909.614333,67096,
28,sectorsData,2025-05-26T01:00:01.036Z,true,1.11,1787.78,1788.8874580000002,29560,
29,globalIndicators,2025-05-26T01:00:01.036Z,true,1876.12,4709.52,6585.637875,490346,
30,masterOrganizationsProgress,2025-05-26T01:00:01.036Z,true,1740.91,1682.52,3423.4309590000003,1048836,
31,projectStatusMaster,2025-05-26T01:00:01.036Z,true,435.18,1923.38,2358.562833,454446,
32,masterAllocationSource,2025-05-26T01:00:01.036Z,true,2.77,1516.82,1519.589292,54,
33,masterSectorsVo2,2025-05-26T01:00:01.036Z,true,9,1507.33,1516.331333,464,
34,masterGlobalIndicators,2025-05-26T01:00:01.036Z,true,0.96,1525.4,1526.362583,54905,
35,masterEmergencies,2025-05-26T01:00:01.036Z,true,0.28,1546.59,1546.872875,2278,
36,projectSummary,2025-05-26T01:00:01.036Z,true,334.58,1574.36,1908.934,94200,
37,projectSummaryAggregate,2025-05-26T01:00:01.036Z,true,1336.55,3663.9,5000.449208,276011,
38,HRPSummary,2025-05-26T01:00:01.036Z,true,0.43,1739.75,1740.1762499999998,18665,
39,emergencySummary,2025-05-26T01:00:01.036Z,true,1537.64,1610.15,3147.785917,630607,
1,masterDonors,2025-05-27T01:00:00.742Z,true,3.07,432.88,435.9540840000001,26218,
2,masterFunds,2025-05-27T01:00:00.742Z,true,11.17,345.47,356.64004199999994,112104,
3,masterRegionalFunds,2025-05-27T01:00:00.742Z,true,21.64,329.58,351.21816699999994,1650,
4,masterAllocationTypes,2025-05-27T01:00:00.742Z,true,1.81,337.6,339.41541599999994,242,
5,launchedAllocationsData,2025-05-27T01:00:00.742Z,true,1337.22,4756.95,6094.171458,716230,
6,contributionsData,2025-05-27T01:00:00.742Z,true,8.89,342.54,351.4343329999999,88015,
7,allocationFlowData,2025-05-27T01:00:00.742Z,true,1.7,3216.57,3218.2638340000003,43446,
8,masterPooledFunds,2025-05-27T01:00:00.742Z,true,0.62,2908.64,2909.261417,2095,
9,masterPartners,2025-05-27T01:00:00.742Z,true,2.05,3201.12,3203.16825,107,
10,masterSubPartners,2025-05-27T01:00:00.742Z,true,9.2,3192.23,3201.42875,483,
11,allocationsData,2025-05-27T01:00:00.742Z,true,989.15,3211.13,4200.274209,133217,
12,contributionsTotalData,2025-05-27T01:00:00.742Z,true,987.86,3200.2,4188.059375,246417,
13,targetedPersonsData,2025-05-27T01:00:00.742Z,true,1332.46,3586.2,4918.662125,379979,
14,targetedPersonsDetailsData,2025-05-27T01:00:00.742Z,true,2368.63,3401.79,5770.422459,1975107,
15,dataGam,2025-05-27T01:00:00.742Z,true,1.38,4620.66,4622.041833,30843,
16,masterGam,2025-05-27T01:00:00.742Z,true,3.66,3191.18,3194.836542,947,
17,masterOrganizations,2025-05-27T01:00:00.742Z,true,2.16,1808.34,1810.4999579999999,258,
18,masterSectors,2025-05-27T01:00:00.742Z,true,2.44,1782.09,1784.536,1390,
19,allocationsDataResults,2025-05-27T01:00:00.742Z,true,333.02,3183.32,3516.344166,62480,
20,resultsBySector,2025-05-27T01:00:00.742Z,true,29.11,1799.81,1828.9159169999998,937357,
21,resultsByDisability,2025-05-27T01:00:00.742Z,true,63.84,1850.65,1914.495125,955319,
22,resultsByType,2025-05-27T01:00:00.742Z,true,76.73,1892.53,1969.2573750000001,3049585,
23,resultsByBeneficiaryType,2025-05-27T01:00:00.742Z,true,76.43,1819.02,1895.448875,1242813,
24,resultsByOrganization,2025-05-27T01:00:00.742Z,true,63.64,1826.25,1889.8895420000001,1071503,
25,masterLocations,2025-05-27T01:00:00.742Z,true,37.2,1822.9,1860.098333,876236,
26,masterBeneficiaryType,2025-05-27T01:00:00.742Z,true,10.28,1792.3,1802.5849580000001,602,
27,projectSummaryProgress,2025-05-27T01:00:00.742Z,true,323.31,3184.94,3508.247708,67096,
28,sectorsData,2025-05-27T01:00:00.742Z,true,1.45,3502.24,3503.69575,29560,
29,globalIndicators,2025-05-27T01:00:00.742Z,true,1973.49,6926.46,8899.947,490479,
30,masterOrganizationsProgress,2025-05-27T01:00:00.742Z,true,1531.94,3316.89,4848.833124999999,1048829,
31,projectStatusMaster,2025-05-27T01:00:00.742Z,true,653.61,3378.23,4031.8381249999998,454344,
32,masterAllocationSource,2025-05-27T01:00:00.742Z,true,1.4,3184.68,3186.086334,54,
33,masterSectorsVo2,2025-05-27T01:00:00.742Z,true,5.01,3175.95,3180.954584,464,
34,masterGlobalIndicators,2025-05-27T01:00:00.742Z,true,3.17,3181.79,3184.951833,54905,
35,masterEmergencies,2025-05-27T01:00:00.742Z,true,6.72,3172.47,3179.1875,2278,
36,projectSummary,2025-05-27T01:00:00.742Z,true,434.88,3200.24,3635.126125,94186,
37,projectSummaryAggregate,2025-05-27T01:00:00.742Z,true,1104.53,4110.52,5215.054749999999,276011,
38,HRPSummary,2025-05-27T01:00:00.742Z,true,0.5,3256.32,3256.827375,18665,
39,emergencySummary,2025-05-27T01:00:00.742Z,true,1188.56,3179.69,4368.2505,630607,
1,masterDonors,2025-05-28T01:00:23.608Z,true,9.81,403.51,413.31550000000004,26218,
2,masterFunds,2025-05-28T01:00:23.608Z,true,9.05,338.66,347.71316599999994,112104,
3,masterRegionalFunds,2025-05-28T01:00:23.608Z,true,4.11,338.79,342.904334,1650,
4,masterAllocationTypes,2025-05-28T01:00:23.608Z,true,7.11,322.73,329.842459,242,
5,launchedAllocationsData,2025-05-28T01:00:23.608Z,true,1640.98,6482.84,8123.820291999999,715711,
6,contributionsData,2025-05-28T01:00:23.608Z,true,6.19,335.99,342.182791,88015,
7,allocationFlowData,2025-05-28T01:00:23.608Z,true,11.21,4022.53,4033.7396660000004,43446,
8,masterPooledFunds,2025-05-28T01:00:23.608Z,true,0.5,3940.78,3941.288834,2095,
9,masterPartners,2025-05-28T01:00:23.608Z,true,3.79,4013.58,4017.3621669999993,107,
10,masterSubPartners,2025-05-28T01:00:23.608Z,true,6.47,4009.25,4015.724375,483,
11,allocationsData,2025-05-28T01:00:23.608Z,true,1316.78,4009.47,5326.254292,133217,
12,contributionsTotalData,2025-05-28T01:00:23.608Z,true,1421.61,4013.12,5434.7305830000005,246425,
13,targetedPersonsData,2025-05-28T01:00:23.608Z,true,2191.58,4066.54,6258.118541,379979,
14,targetedPersonsDetailsData,2025-05-28T01:00:23.608Z,true,2672.29,4020.45,6692.7366250000005,1975107,
15,dataGam,2025-05-28T01:00:23.608Z,true,1.33,4574.24,4575.57125,30843,
16,masterGam,2025-05-28T01:00:23.608Z,true,4.83,4016.38,4021.208417,947,
17,masterOrganizations,2025-05-28T01:00:23.608Z,true,1.24,2087.48,2088.7245,258,
18,masterSectors,2025-05-28T01:00:23.608Z,true,4.87,2060.68,2065.5499999999997,1390,
19,allocationsDataResults,2025-05-28T01:00:23.608Z,true,324.36,4008.19,4332.5459169999995,62480,
20,resultsBySector,2025-05-28T01:00:23.608Z,true,34.03,2100.78,2134.804667,937357,
21,resultsByDisability,2025-05-28T01:00:23.608Z,true,43.67,2183.88,2227.5455,955319,
22,resultsByType,2025-05-28T01:00:23.608Z,true,63.72,2268.78,2332.505417,3049585,
23,resultsByBeneficiaryType,2025-05-28T01:00:23.608Z,true,47.34,2179.36,2226.6994999999997,1242813,
24,resultsByOrganization,2025-05-28T01:00:23.608Z,true,35.84,2327.21,2363.050042,1071503,
25,masterLocations,2025-05-28T01:00:23.608Z,true,20.85,2144.69,2165.5467909999998,876236,
26,masterBeneficiaryType,2025-05-28T01:00:23.608Z,true,1.89,2057.63,2059.5242089999997,602,
27,projectSummaryProgress,2025-05-28T01:00:23.608Z,true,669.18,4009.9,4679.083541,67096,
28,sectorsData,2025-05-28T01:00:23.608Z,true,3.01,4009.91,4012.927416,29560,
29,globalIndicators,2025-05-28T01:00:23.608Z,true,1653.07,6397.74,8050.805666,490484,
30,masterOrganizationsProgress,2025-05-28T01:00:23.608Z,true,1420.54,4001.46,5421.993042,1048881,
31,projectStatusMaster,2025-05-28T01:00:23.608Z,true,648.92,4005.17,4654.084333,454313,
32,masterAllocationSource,2025-05-28T01:00:23.608Z,true,9.15,3993.92,4003.0698329999996,54,
33,masterSectorsVo2,2025-05-28T01:00:23.608Z,true,5.75,4001.14,4006.8891670000003,464,
34,masterGlobalIndicators,2025-05-28T01:00:23.608Z,true,9.34,3998.94,4008.277208,54905,
35,masterEmergencies,2025-05-28T01:00:23.608Z,true,10.09,3994.79,4004.8827499999998,2278,
36,projectSummary,2025-05-28T01:00:23.608Z,true,666.58,4005.91,4672.486375,94184,
37,projectSummaryAggregate,2025-05-28T01:00:23.608Z,false,,,,,The operation was aborted.
38,HRPSummary,2025-05-28T01:00:23.608Z,true,0.31,4038.82,4039.133375,18665,
39,emergencySummary,2025-05-28T01:00:23.608Z,true,2304.49,4000.25,6304.7398330000005,630737,
1,masterDonors,2025-05-29T01:00:00.895Z,true,11.25,414.88,426.12966700000004,26218,
2,masterFunds,2025-05-29T01:00:00.895Z,true,10.87,343.6,354.47270899999995,112104,
3,masterRegionalFunds,2025-05-29T01:00:00.895Z,true,19.01,330.34,349.357,1650,
4,masterAllocationTypes,2025-05-29T01:00:00.895Z,true,2.02,345.26,347.28137499999997,242,
5,launchedAllocationsData,2025-05-29T01:00:00.895Z,true,1319.7,6538.96,7858.660709000001,716210,
6,contributionsData,2025-05-29T01:00:00.895Z,true,9.01,339.99,348.993792,88033,
7,allocationFlowData,2025-05-29T01:00:00.895Z,true,0.99,3384.65,3385.643417,43446,
8,masterPooledFunds,2025-05-29T01:00:00.895Z,true,0.33,3241.22,3241.54125,2095,
9,masterPartners,2025-05-29T01:00:00.895Z,true,1.57,3196.18,3197.7442499999997,107,
10,masterSubPartners,2025-05-29T01:00:00.895Z,true,0.66,3257.31,3257.9709580000003,483,
11,allocationsData,2025-05-29T01:00:00.895Z,true,1324.79,3170.29,4495.08,133246,
12,contributionsTotalData,2025-05-29T01:00:00.895Z,true,2644.38,3229.65,5874.025166,246421,
13,targetedPersonsData,2025-05-29T01:00:00.895Z,true,1616.19,3673.72,5289.911958,380460,
14,targetedPersonsDetailsData,2025-05-29T01:00:00.895Z,true,2298.73,3779.08,6077.809832999999,1977488,
15,dataGam,2025-05-29T01:00:00.895Z,true,1.34,4561.13,4562.471458,30885,
16,masterGam,2025-05-29T01:00:00.895Z,true,0.21,3149.43,3149.645667,947,
17,masterOrganizations,2025-05-29T01:00:00.895Z,true,2.41,1776.81,1779.21675,258,
18,masterSectors,2025-05-29T01:00:00.895Z,true,17.47,1834.76,1852.230834,1390,
19,allocationsDataResults,2025-05-29T01:00:00.895Z,true,327.68,3191.98,3519.657875,62507,
20,resultsBySector,2025-05-29T01:00:00.895Z,true,64.65,1836.19,1900.8412919999998,938526,
21,resultsByDisability,2025-05-29T01:00:00.895Z,true,87.31,1850.87,1938.1827090000002,956857,
22,resultsByType,2025-05-29T01:00:00.895Z,true,84.47,1905.55,1990.011083,3052039,
23,resultsByBeneficiaryType,2025-05-29T01:00:00.895Z,true,64.83,1838.47,1903.3076250000001,1244701,
24,resultsByOrganization,2025-05-29T01:00:00.895Z,true,75.97,1843.75,1919.7186669999999,1073063,
25,masterLocations,2025-05-29T01:00:00.895Z,true,38.66,1820.31,1858.9655000000002,876597,
26,masterBeneficiaryType,2025-05-29T01:00:00.895Z,true,1.95,1783.34,1785.287625,602,
27,projectSummaryProgress,2025-05-29T01:00:00.895Z,true,332.67,3271.74,3604.4104579999994,73809,
28,sectorsData,2025-05-29T01:00:00.895Z,true,1.85,3361.71,3363.564209,34360,
29,globalIndicators,2025-05-29T01:00:00.895Z,true,1742.22,6468.63,8210.844916,495475,
30,masterOrganizationsProgress,2025-05-29T01:00:00.895Z,true,1645.05,3309.23,4954.272291,1049247,
31,projectStatusMaster,2025-05-29T01:00:00.895Z,true,656.57,3643.7,4300.2757090000005,454470,
32,masterAllocationSource,2025-05-29T01:00:00.895Z,true,2.81,3172.25,3175.057,54,
33,masterSectorsVo2,2025-05-29T01:00:00.895Z,true,0.27,3175.27,3175.5386670000003,464,
34,masterGlobalIndicators,2025-05-29T01:00:00.895Z,true,1.32,3116.75,3118.069292,54905,
35,masterEmergencies,2025-05-29T01:00:00.895Z,true,1.04,3173.07,3174.10775,2278,
36,projectSummary,2025-05-29T01:00:00.895Z,true,331.25,3219.03,3550.281375,103856,
37,projectSummaryAggregate,2025-05-29T01:00:00.895Z,true,1081.35,4954.2,6035.552708,292242,
38,HRPSummary,2025-05-29T01:00:00.895Z,true,0.81,3325.28,3326.099625,18665,
39,emergencySummary,2025-05-29T01:00:00.895Z,true,1193.98,3155.49,4349.475625,630613,
1,masterDonors,2025-05-30T01:00:01.059Z,true,1.31,410.09,411.40591700000004,26218,
2,masterFunds,2025-05-30T01:00:01.059Z,true,13.82,320.88,334.70275000000004,112104,
3,masterRegionalFunds,2025-05-30T01:00:01.059Z,true,3.31,327.64,330.95408399999997,1650,
4,masterAllocationTypes,2025-05-30T01:00:01.059Z,true,1.06,327.56,328.61945799999995,242,
5,launchedAllocationsData,2025-05-30T01:00:01.059Z,true,1342.23,7977.83,9320.063,717625,
6,contributionsData,2025-05-30T01:00:01.059Z,true,8.07,409.7,417.765375,88033,
7,allocationFlowData,2025-05-30T01:00:01.059Z,true,1.92,4356.56,4358.480875,43449,
8,masterPooledFunds,2025-05-30T01:00:01.059Z,true,1.41,4194.07,4195.483416,2095,
9,masterPartners,2025-05-30T01:00:01.059Z,true,0.18,4198.13,4198.306459,107,
10,masterSubPartners,2025-05-30T01:00:01.059Z,true,0.32,4192.94,4193.257458,483,
11,allocationsData,2025-05-30T01:00:01.059Z,true,997.57,4251.18,5248.743875,133354,
12,contributionsTotalData,2025-05-30T01:00:01.059Z,true,1648.42,4253.23,5901.647790999999,246415,
13,targetedPersonsData,2025-05-30T01:00:01.059Z,true,1849.05,4740.66,6589.708833,380546,
14,targetedPersonsDetailsData,2025-05-30T01:00:01.059Z,true,2516.59,4628.41,7145.001875,1977972,
15,dataGam,2025-05-30T01:00:01.059Z,true,1.52,5025.81,5027.3327500000005,30888,
16,masterGam,2025-05-30T01:00:01.059Z,true,0.36,4253.11,4253.4656669999995,947,
17,masterOrganizations,2025-05-30T01:00:01.059Z,true,2.17,2936.4,2938.5756250000004,258,
18,masterSectors,2025-05-30T01:00:01.059Z,true,5.32,2932.05,2937.37325,1386,
19,allocationsDataResults,2025-05-30T01:00:01.059Z,true,332.01,4253.47,4585.472875,62577,
20,resultsBySector,2025-05-30T01:00:01.059Z,true,44.82,2971.8,3016.619125,938622,
21,resultsByDisability,2025-05-30T01:00:01.059Z,true,76.18,2994.99,3071.165959,957001,
22,resultsByType,2025-05-30T01:00:01.059Z,true,73.19,3063.72,3136.9187079999997,3052358,
23,resultsByBeneficiaryType,2025-05-30T01:00:01.059Z,true,75.2,2980.84,3056.036083,1244946,
24,resultsByOrganization,2025-05-30T01:00:01.059Z,true,75.99,2999.64,3075.6269580000003,1073209,
25,masterLocations,2025-05-30T01:00:01.059Z,true,32.9,2972.44,3005.3395419999997,876597,
26,masterBeneficiaryType,2025-05-30T01:00:01.059Z,true,2.05,2952.42,2954.476417,602,
27,projectSummaryProgress,2025-05-30T01:00:01.059Z,true,332.48,4245.72,4578.197875,75246,
28,sectorsData,2025-05-30T01:00:01.059Z,true,1.47,4612.03,4613.504333999999,35113,
29,globalIndicators,2025-05-30T01:00:01.059Z,true,1527.12,7632.33,9159.455084,496353,
30,masterOrganizationsProgress,2025-05-30T01:00:01.059Z,true,1516.79,4649.05,6165.845125,1049340,
31,projectStatusMaster,2025-05-30T01:00:01.059Z,true,664.81,4382.63,5047.440500000001,454423,
32,masterAllocationSource,2025-05-30T01:00:01.059Z,true,0.23,4186.69,4186.915208,54,
33,masterSectorsVo2,2025-05-30T01:00:01.059Z,true,0.84,4280.32,4281.158584,464,
34,masterGlobalIndicators,2025-05-30T01:00:01.059Z,true,1.14,4179.93,4181.070417,54905,
35,masterEmergencies,2025-05-30T01:00:01.059Z,true,0.54,4074.72,4075.2616669999998,2278,
36,projectSummary,2025-05-30T01:00:01.059Z,true,334.96,4248.12,4583.082333,105685,
37,projectSummaryAggregate,2025-05-30T01:00:01.059Z,true,990.9,5868.95,6859.8480420000005,297260,
38,HRPSummary,2025-05-30T01:00:01.059Z,true,0.48,4448.83,4449.317542,18665,
39,emergencySummary,2025-05-30T01:00:01.059Z,true,1747.19,4158.82,5906.005916,637338,
1,masterDonors,2025-06-03T01:00:01.335Z,true,15.42,400.14,415.563125,26218,
2,masterFunds,2025-06-03T01:00:01.335Z,true,8.88,340.17,349.05466699999994,112104,
3,masterRegionalFunds,2025-06-03T01:00:01.335Z,true,2.38,334.18,336.5584160000001,1650,
4,masterAllocationTypes,2025-06-03T01:00:01.335Z,true,0.97,338.76,339.72483299999993,242,
5,launchedAllocationsData,2025-06-03T01:00:01.335Z,true,1326.9,9578.91,10905.812792,717496,
6,contributionsData,2025-06-03T01:00:01.335Z,true,5.95,337.72,343.669,88045,
7,allocationFlowData,2025-06-03T01:00:01.335Z,true,1.3,4426.67,4427.9645,43513,
8,masterPooledFunds,2025-06-03T01:00:01.335Z,true,1.27,4178.77,4180.039541,2095,
9,masterPartners,2025-06-03T01:00:01.335Z,true,1.17,4213.04,4214.216292,107,
10,masterSubPartners,2025-06-03T01:00:01.335Z,true,0.24,4213.83,4214.070417,483,
11,allocationsData,2025-06-03T01:00:01.335Z,true,987.32,4235.89,5223.2174159999995,133702,
12,contributionsTotalData,2025-06-03T01:00:01.335Z,true,1640.28,4275.29,5915.575833,246763,
13,targetedPersonsData,2025-06-03T01:00:01.335Z,true,1765.28,4681.04,6446.320791,381635,
14,targetedPersonsDetailsData,2025-06-03T01:00:01.335Z,true,2410,4538.34,6948.3352079999995,1981078,
15,dataGam,2025-06-03T01:00:01.335Z,true,1.49,5734.27,5735.7665,30935,
16,masterGam,2025-06-03T01:00:01.335Z,true,0.19,4221.37,4221.561292,947,
17,masterOrganizations,2025-06-03T01:00:01.335Z,true,1.5,2982.94,2984.443042,258,
18,masterSectors,2025-06-03T01:00:01.335Z,true,0.93,2989.84,2990.762959,1386,
19,allocationsDataResults,2025-06-03T01:00:01.335Z,true,329.86,4224.38,4554.240707999999,62738,
20,resultsBySector,2025-06-03T01:00:01.335Z,true,64.45,3054.79,3119.237709,938622,
21,resultsByDisability,2025-06-03T01:00:01.335Z,true,37.43,3033.13,3070.553458,957001,
22,resultsByType,2025-06-03T01:00:01.335Z,true,82.74,3109.64,3192.3823749999997,3052358,
23,resultsByBeneficiaryType,2025-06-03T01:00:01.335Z,true,64.72,3033.76,3098.477833,1244946,
24,resultsByOrganization,2025-06-03T01:00:01.335Z,true,54.79,3081.15,3135.9347080000002,1073209,
25,masterLocations,2025-06-03T01:00:01.335Z,true,18.77,3262.1,3280.871333,876597,
26,masterBeneficiaryType,2025-06-03T01:00:01.335Z,true,0.75,2996.21,2996.956875,602,
27,projectSummaryProgress,2025-06-03T01:00:01.335Z,true,653.31,4247.19,4900.501458000001,83966,
28,sectorsData,2025-06-03T01:00:01.335Z,true,1.79,4392.09,4393.87725,40595,
29,globalIndicators,2025-06-03T01:00:01.335Z,true,1644.67,8012.92,9657.582792000001,504273,
30,masterOrganizationsProgress,2025-06-03T01:00:01.335Z,true,1425.49,4673.31,6098.803,1049886,
31,projectStatusMaster,2025-06-03T01:00:01.335Z,true,661.17,4360.21,5021.376583,454302,
32,masterAllocationSource,2025-06-03T01:00:01.335Z,true,0.17,4215.75,4215.926708,54,
33,masterSectorsVo2,2025-06-03T01:00:01.335Z,true,2.46,4211.09,4213.552874999999,464,
34,masterGlobalIndicators,2025-06-03T01:00:01.335Z,true,1.11,4151.27,4152.3838749999995,54905,
35,masterEmergencies,2025-06-03T01:00:01.335Z,true,0.31,4186.36,4186.678458,2278,
36,projectSummary,2025-06-03T01:00:01.335Z,true,664.44,4215.52,4879.953874999999,118014,
37,projectSummaryAggregate,2025-06-03T01:00:01.335Z,true,1088.97,5214.15,6303.1195,335149,
38,HRPSummary,2025-06-03T01:00:01.335Z,true,1.32,4292.34,4293.661583,18666,
39,emergencySummary,2025-06-03T01:00:01.335Z,true,1434.13,4209.04,5643.177542,643275,
1,masterDonors,2025-06-06T01:00:00.832Z,true,6.81,414.07,420.87945800000006,26218,
2,masterFunds,2025-06-06T01:00:00.832Z,true,5.75,343.03,348.775542,112104,
3,masterRegionalFunds,2025-06-06T01:00:00.832Z,true,3.76,339.95,343.70975000000004,1650,
4,masterAllocationTypes,2025-06-06T01:00:00.832Z,true,1.57,333.34,334.91204199999993,242,
5,launchedAllocationsData,2025-06-06T01:00:00.832Z,true,1511.87,5934.92,7446.792416,717666,
6,contributionsData,2025-06-06T01:00:00.832Z,true,22.32,321.92,344.231625,88269,
7,allocationFlowData,2025-06-06T01:00:00.832Z,true,0.94,4089.85,4090.793625,43560,
8,masterPooledFunds,2025-06-06T01:00:00.832Z,true,0.3,3871.04,3871.3384579999997,2095,
9,masterPartners,2025-06-06T01:00:00.832Z,true,0.34,3810.22,3810.5628339999994,107,
10,masterSubPartners,2025-06-06T01:00:00.832Z,true,0.53,3801.39,3801.9209580000006,483,
11,allocationsData,2025-06-06T01:00:00.832Z,true,1018.69,3910.12,4928.812917,133877,
12,contributionsTotalData,2025-06-06T01:00:00.832Z,true,1087.9,3872.07,4959.965584,247284,
13,targetedPersonsData,2025-06-06T01:00:00.832Z,true,1652.17,4331.05,5983.2262089999995,381900,
14,targetedPersonsDetailsData,2025-06-06T01:00:00.832Z,true,2469.22,4186.86,6656.081333,1983467,
15,dataGam,2025-06-06T01:00:00.832Z,true,1.46,4590.26,4591.719791,30938,
16,masterGam,2025-06-06T01:00:00.832Z,true,0.33,3825.49,3825.826208,947,
17,masterOrganizations,2025-06-06T01:00:00.832Z,true,2.15,2597.48,2599.629,258,
18,masterSectors,2025-06-06T01:00:00.832Z,true,1.54,2614.13,2615.673833,1386,
19,allocationsDataResults,2025-06-06T01:00:00.832Z,true,344.39,3877.95,4222.342958,62818,
20,resultsBySector,2025-06-06T01:00:00.832Z,true,68,2655.85,2723.850083,941845,
21,resultsByDisability,2025-06-06T01:00:00.832Z,true,79.79,2681.3,2761.082333,959797,
22,resultsByType,2025-06-06T01:00:00.832Z,true,82.91,2731.96,2814.875833,3057693,
23,resultsByBeneficiaryType,2025-06-06T01:00:00.832Z,true,77.49,2661.97,2739.464625,1248844,
24,resultsByOrganization,2025-06-06T01:00:00.832Z,true,69.74,2663.71,2733.4469590000003,1076045,
25,masterLocations,2025-06-06T01:00:00.832Z,true,26.85,2641.37,2668.218084,877182,
26,masterBeneficiaryType,2025-06-06T01:00:00.832Z,true,1.21,2624.34,2625.543541,602,
27,projectSummaryProgress,2025-06-06T01:00:00.832Z,true,674.75,4159.43,4834.1819160000005,90550,
28,sectorsData,2025-06-06T01:00:00.832Z,true,1.56,4529.02,4530.580417,45362,
29,globalIndicators,2025-06-06T01:00:00.832Z,true,2085.47,7368.87,9454.339125,510271,
30,masterOrganizationsProgress,2025-06-06T01:00:00.832Z,true,1420.3,4109.53,5529.827666,1050481,
31,projectStatusMaster,2025-06-06T01:00:00.832Z,true,654.25,3995.56,4649.810625,454208,
32,masterAllocationSource,2025-06-06T01:00:00.832Z,true,0.24,3862.1,3862.344333,54,
33,masterSectorsVo2,2025-06-06T01:00:00.832Z,true,0.31,3827.92,3828.222666,464,
34,masterGlobalIndicators,2025-06-06T01:00:00.832Z,true,1.09,3933.6,3934.6885830000006,57797,
35,masterEmergencies,2025-06-06T01:00:00.832Z,true,0.37,3892.5,3892.872541,2278,
36,projectSummary,2025-06-06T01:00:00.832Z,true,685.2,3871.07,4556.270125,127348,
37,projectSummaryAggregate,2025-06-06T01:00:00.832Z,true,1325.89,6115.23,7441.113542,354531,
38,HRPSummary,2025-06-06T01:00:00.832Z,true,1.46,3919.31,3920.7734999999993,18666,
39,emergencySummary,2025-06-06T01:00:00.832Z,true,1810.01,4194.99,6004.9959579999995,647685,
1,masterDonors,2025-06-08T01:00:00.988Z,true,5.08,421.43,426.513958,26218,
2,masterFunds,2025-06-08T01:00:00.988Z,true,4.65,347.62,352.274125,112104,
3,masterRegionalFunds,2025-06-08T01:00:00.988Z,true,11.23,335.6,346.82945800000005,1650,
4,masterAllocationTypes,2025-06-08T01:00:00.988Z,true,7.98,322.69,330.67799999999994,242,
5,launchedAllocationsData,2025-06-08T01:00:00.988Z,true,1480.41,6510.78,7991.18875,719480,
6,contributionsData,2025-06-08T01:00:00.988Z,true,11.75,334.83,346.58304100000004,88275,
7,allocationFlowData,2025-06-08T01:00:00.988Z,true,1.92,4790.51,4792.427417,43560,
8,masterPooledFunds,2025-06-08T01:00:00.988Z,true,1.07,4441.36,4442.428958,2095,
9,masterPartners,2025-06-08T01:00:00.988Z,true,0.28,4429.22,4429.496,107,
10,masterSubPartners,2025-06-08T01:00:00.988Z,true,0.92,4470.15,4471.0725,483,
11,allocationsData,2025-06-08T01:00:00.988Z,true,849.14,4526.77,5375.900083,133877,
12,contributionsTotalData,2025-06-08T01:00:00.988Z,true,2236.04,4468.39,6704.434625,247290,
13,targetedPersonsData,2025-06-08T01:00:00.988Z,true,2420.81,5049.85,7470.6612079999995,381960,
14,targetedPersonsDetailsData,2025-06-08T01:00:00.988Z,true,2627.13,4822.91,7450.045334,1983692,
15,dataGam,2025-06-08T01:00:00.988Z,true,1.51,5365.32,5366.828708999999,30938,
16,masterGam,2025-06-08T01:00:00.988Z,true,1.98,4499.5,4501.47425,947,
17,masterOrganizations,2025-06-08T01:00:00.988Z,true,1.67,2875.08,2876.754041,258,
18,masterSectors,2025-06-08T01:00:00.988Z,true,2.54,2862.93,2865.4743750000002,1386,
19,allocationsDataResults,2025-06-08T01:00:00.988Z,true,365.41,4369.81,4735.222667,62818,
20,resultsBySector,2025-06-08T01:00:00.988Z,true,30.27,2896.1,2926.370083,941845,
21,resultsByDisability,2025-06-08T01:00:00.988Z,true,70.92,2936.2,3007.122042,959797,
22,resultsByType,2025-06-08T01:00:00.988Z,true,84.05,2989.67,3073.719166,3057709,
23,resultsByBeneficiaryType,2025-06-08T01:00:00.988Z,true,63.79,2929.09,2992.8826249999997,1248844,
24,resultsByOrganization,2025-06-08T01:00:00.988Z,true,77.14,2937.01,3014.1580839999997,1076045,
25,masterLocations,2025-06-08T01:00:00.988Z,true,51.03,2933.13,2984.164875,877182,
26,masterBeneficiaryType,2025-06-08T01:00:00.988Z,true,2.36,2891.99,2894.349,602,
27,projectSummaryProgress,2025-06-08T01:00:00.988Z,true,745.02,4420.59,5165.6098329999995,91280,
28,sectorsData,2025-06-08T01:00:00.988Z,true,1.3,5435.23,5436.5295,45556,
29,globalIndicators,2025-06-08T01:00:00.988Z,true,1840.86,9415.79,11256.653084,510495,
30,masterOrganizationsProgress,2025-06-08T01:00:00.988Z,true,1679.46,5669.15,7348.609166,1050446,
31,projectStatusMaster,2025-06-08T01:00:00.988Z,true,739.51,4438.98,5178.489500000001,454248,
32,masterAllocationSource,2025-06-08T01:00:00.988Z,true,0.68,4484.66,4485.339583,54,
33,masterSectorsVo2,2025-06-08T01:00:00.988Z,true,1.11,4481.26,4482.373875,464,
34,masterGlobalIndicators,2025-06-08T01:00:00.988Z,true,4.64,4321.14,4325.781292,57797,
35,masterEmergencies,2025-06-08T01:00:00.988Z,true,0.59,4323.84,4324.43375,2278,
36,projectSummary,2025-06-08T01:00:00.988Z,true,745.61,4643.82,5389.428791,128321,
37,projectSummaryAggregate,2025-06-08T01:00:00.988Z,true,1470.2,7409.02,8879.22275,355500,
38,HRPSummary,2025-06-08T01:00:00.988Z,true,0.53,4639.59,4640.123791999999,18666,
39,emergencySummary,2025-06-08T01:00:00.988Z,true,1859.42,4419.61,6279.023,648370,
1,masterDonors,2025-06-09T01:00:00.939Z,true,10.06,429.32,439.38362500000005,26218,
2,masterFunds,2025-06-09T01:00:00.939Z,true,5.01,377.64,382.65279200000003,112104,
3,masterRegionalFunds,2025-06-09T01:00:00.939Z,true,2.03,355.66,357.68958299999997,1650,
4,masterAllocationTypes,2025-06-09T01:00:00.939Z,true,0.9,384.41,385.30945800000006,242,
5,launchedAllocationsData,2025-06-09T01:00:00.939Z,true,1487.38,15850.58,17337.960084000002,719480,
6,contributionsData,2025-06-09T01:00:00.939Z,true,8.09,413.96,422.053375,88275,
7,allocationFlowData,2025-06-09T01:00:00.939Z,true,6.31,5334.38,5340.687,43560,
8,masterPooledFunds,2025-06-09T01:00:00.939Z,true,0.42,4543.77,4544.189292,2095,
9,masterPartners,2025-06-09T01:00:00.939Z,true,2.93,5334.72,5337.6581670000005,107,
10,masterSubPartners,2025-06-09T01:00:00.939Z,true,10.01,5325.4,5335.410584,483,
11,allocationsData,2025-06-09T01:00:00.939Z,true,1113.06,5322.06,6435.114875,133877,
12,contributionsTotalData,2025-06-09T01:00:00.939Z,true,1580.59,5325.06,6905.649084000001,247286,
13,targetedPersonsData,2025-06-09T01:00:00.939Z,true,2715.88,5375.33,8091.210084,381960,
14,targetedPersonsDetailsData,2025-06-09T01:00:00.939Z,true,2920.02,5371.06,8291.077500000001,1983692,
15,dataGam,2025-06-09T01:00:00.939Z,true,1.18,6441.28,6442.459417,30938,
16,masterGam,2025-06-09T01:00:00.939Z,true,0.48,5054.72,5055.1927909999995,947,
17,masterOrganizations,2025-06-09T01:00:00.939Z,true,2.36,3249.56,3251.918084,258,
18,masterSectors,2025-06-09T01:00:00.939Z,true,1.72,3267.53,3269.250042,1386,
19,allocationsDataResults,2025-06-09T01:00:00.939Z,true,373.29,5174.82,5548.109125,62818,
20,resultsBySector,2025-06-09T01:00:00.939Z,true,57.14,3302.68,3359.8239580000004,941845,
21,resultsByDisability,2025-06-09T01:00:00.939Z,true,64.67,3304.67,3369.346083,959797,
22,resultsByType,2025-06-09T01:00:00.939Z,true,97.92,3369.88,3467.804041,3057709,
23,resultsByBeneficiaryType,2025-06-09T01:00:00.939Z,true,80.81,3332.4,3413.2148340000003,1248844,
24,resultsByOrganization,2025-06-09T01:00:00.939Z,true,86.01,3312.31,3398.325375,1076045,
25,masterLocations,2025-06-09T01:00:00.939Z,true,63.48,3309.07,3372.5555830000003,877182,
26,masterBeneficiaryType,2025-06-09T01:00:00.939Z,true,1.36,3267.75,3269.1051669999997,602,
27,projectSummaryProgress,2025-06-09T01:00:00.939Z,true,740.62,5317.77,6058.385792,91280,
28,sectorsData,2025-06-09T01:00:00.939Z,true,1.87,5502.22,5504.082292,45556,
29,globalIndicators,2025-06-09T01:00:00.939Z,true,1857.78,11620.55,13478.329957999998,510496,
30,masterOrganizationsProgress,2025-06-09T01:00:00.939Z,true,1863.69,5412.39,7276.0848750000005,1050446,
31,projectStatusMaster,2025-06-09T01:00:00.939Z,true,372.85,5311.15,5684.001708,454231,
32,masterAllocationSource,2025-06-09T01:00:00.939Z,true,5.9,5353.47,5359.372832999999,54,
33,masterSectorsVo2,2025-06-09T01:00:00.939Z,true,1.84,5308.73,5310.571333,464,
34,masterGlobalIndicators,2025-06-09T01:00:00.939Z,true,3.71,5156.8,5160.51,57797,
35,masterEmergencies,2025-06-09T01:00:00.939Z,true,6.31,5302.24,5308.544667,2278,
36,projectSummary,2025-06-09T01:00:00.939Z,true,1107.55,5347.41,6454.9623329999995,128321,
37,projectSummaryAggregate,2025-06-09T01:00:00.939Z,true,1481.84,10082.97,11564.804625,355500,
38,HRPSummary,2025-06-09T01:00:00.939Z,true,0.89,5354.3,5355.195042,18666,
39,emergencySummary,2025-06-09T01:00:00.939Z,true,2242.95,5350.91,7593.860417,648370,
1,masterDonors,2025-06-11T01:00:00.765Z,true,6.51,431.29,437.80429200000003,26218,
2,masterFunds,2025-06-11T01:00:00.765Z,true,3.86,354.79,358.65458299999995,112104,
3,masterRegionalFunds,2025-06-11T01:00:00.765Z,true,9.26,339.14,348.39937499999996,1650,
4,masterAllocationTypes,2025-06-11T01:00:00.765Z,true,1.33,342.71,344.03704200000004,242,
5,launchedAllocationsData,2025-06-11T01:00:00.765Z,true,1310.17,10709.74,12019.903208000002,723367,
6,contributionsData,2025-06-11T01:00:00.765Z,true,7.32,344.8,352.113459,88311,
7,allocationFlowData,2025-06-11T01:00:00.765Z,true,1.95,4914.67,4916.611375,43560,
8,masterPooledFunds,2025-06-11T01:00:00.765Z,true,0.52,4689.36,4689.874667,2095,
9,masterPartners,2025-06-11T01:00:00.765Z,true,0.33,4711.67,4711.992625,107,
10,masterSubPartners,2025-06-11T01:00:00.765Z,true,0.35,4762.24,4762.589875,483,
11,allocationsData,2025-06-11T01:00:00.765Z,true,1078.88,4757.07,5835.953667,133875,
12,contributionsTotalData,2025-06-11T01:00:00.765Z,true,984.41,4890.79,5875.197542,247376,
13,targetedPersonsData,2025-06-11T01:00:00.765Z,true,2061.8,5621.32,7683.120625,381978,
14,targetedPersonsDetailsData,2025-06-11T01:00:00.765Z,true,2489.97,5061.3,7551.270084,1983876,
15,dataGam,2025-06-11T01:00:00.765Z,true,1.45,5585.86,5587.312833,30938,
16,masterGam,2025-06-11T01:00:00.765Z,true,0.38,4808.57,4808.951666999999,947,
17,masterOrganizations,2025-06-11T01:00:00.765Z,true,1.44,3616.17,3617.603417,258,
18,masterSectors,2025-06-11T01:00:00.765Z,true,5.67,3604.09,3609.763958,1386,
19,allocationsDataResults,2025-06-11T01:00:00.765Z,true,325.11,4716.37,5041.481083,62818,
20,resultsBySector,2025-06-11T01:00:00.765Z,true,46.16,3699.64,3745.796209,943113,
21,resultsByDisability,2025-06-11T01:00:00.765Z,true,70.32,3741.42,3811.745667,960824,
22,resultsByType,2025-06-11T01:00:00.765Z,true,101.01,3699.63,3800.6449580000003,3060244,
23,resultsByBeneficiaryType,2025-06-11T01:00:00.765Z,true,44.66,3639.36,3684.0167920000004,1250208,
24,resultsByOrganization,2025-06-11T01:00:00.765Z,true,51.96,3647.92,3699.8818330000004,1077086,
25,masterLocations,2025-06-11T01:00:00.765Z,true,22.7,3640.23,3662.929833,877266,
26,masterBeneficiaryType,2025-06-11T01:00:00.765Z,true,2.18,3594.91,3597.093084,602,
27,projectSummaryProgress,2025-06-11T01:00:00.765Z,true,755.18,4905.14,5660.315541999999,91280,
28,sectorsData,2025-06-11T01:00:00.765Z,true,0.8,5021.36,5022.159,45556,
29,globalIndicators,2025-06-11T01:00:00.765Z,true,1962.77,11466.67,13429.434167,510609,
30,masterOrganizationsProgress,2025-06-11T01:00:00.765Z,true,1635.06,5018.67,6653.73175,1050459,
31,projectStatusMaster,2025-06-11T01:00:00.765Z,true,656.39,4950.94,5607.3305,454297,
32,masterAllocationSource,2025-06-11T01:00:00.765Z,true,0.22,4780.4,4780.626209,54,
33,masterSectorsVo2,2025-06-11T01:00:00.765Z,true,0.44,4743.49,4743.934375,464,
34,masterGlobalIndicators,2025-06-11T01:00:00.765Z,true,1.69,4766.27,4767.958167,57797,
35,masterEmergencies,2025-06-11T01:00:00.765Z,true,0.34,4772.49,4772.8262079999995,2278,
36,projectSummary,2025-06-11T01:00:00.765Z,true,650.52,4753.64,5404.157416999999,128317,
37,projectSummaryAggregate,2025-06-11T01:00:00.765Z,true,1413.76,5551.4,6965.163875,355500,
38,HRPSummary,2025-06-11T01:00:00.765Z,true,2.47,4876.68,4879.151417,18666,
39,emergencySummary,2025-06-11T01:00:00.765Z,true,2151.75,4813.02,6964.779125,648391,
1,masterDonors,2025-06-12T01:00:01.396Z,true,2.83,428.64,431.46054200000003,26321,
2,masterFunds,2025-06-12T01:00:01.396Z,true,6.85,358.45,365.298875,112548,
3,masterRegionalFunds,2025-06-12T01:00:01.396Z,true,18.29,341.45,359.73775,1650,
4,masterAllocationTypes,2025-06-12T01:00:01.396Z,true,1.36,347.93,349.28624999999994,242,
5,launchedAllocationsData,2025-06-12T01:00:01.396Z,true,1419.61,6498.67,7918.28025,723545,
6,contributionsData,2025-06-12T01:00:01.396Z,true,11.14,348.47,359.609375,88236,
7,allocationFlowData,2025-06-12T01:00:01.396Z,true,9.09,4626.55,4635.645291,43560,
8,masterPooledFunds,2025-06-12T01:00:01.396Z,true,5.8,4394.32,4400.121875,2095,
9,masterPartners,2025-06-12T01:00:01.396Z,true,6.79,4387.71,4394.504625,107,
10,masterSubPartners,2025-06-12T01:00:01.396Z,true,9.81,4383.01,4392.821833,483,
11,allocationsData,2025-06-12T01:00:01.396Z,true,755.63,4391.33,5146.957458,133877,
12,contributionsTotalData,2025-06-12T01:00:01.396Z,true,1349.54,4395.89,5745.431917,247822,
13,targetedPersonsData,2025-06-12T01:00:01.396Z,true,1425.87,4765.59,6191.461625,382108,
14,targetedPersonsDetailsData,2025-06-12T01:00:01.396Z,true,2593.75,4620.95,7214.699125,1984567,
15,dataGam,2025-06-12T01:00:01.396Z,true,0.97,4920.91,4921.879833,30939,
16,masterGam,2025-06-12T01:00:01.396Z,true,8.15,4376.91,4385.066166,947,
17,masterOrganizations,2025-06-12T01:00:01.396Z,true,3.95,2940.74,2944.687917,258,
18,masterSectors,2025-06-12T01:00:01.396Z,true,2.47,2931.13,2933.592917,1386,
19,allocationsDataResults,2025-06-12T01:00:01.396Z,true,327.43,4377.16,4704.587125,62819,
20,resultsBySector,2025-06-12T01:00:01.396Z,true,35.02,2949.57,2984.5878329999996,943609,
21,resultsByDisability,2025-06-12T01:00:01.396Z,true,57.84,2965.04,3022.883083,961440,
22,resultsByType,2025-06-12T01:00:01.396Z,true,85.4,3050.37,3135.768083,3061071,
23,resultsByBeneficiaryType,2025-06-12T01:00:01.396Z,true,57.36,2959.12,3016.4807499999997,1250697,
24,resultsByOrganization,2025-06-12T01:00:01.396Z,true,38.12,3032.82,3070.9422919999997,1077710,
25,masterLocations,2025-06-12T01:00:01.396Z,true,34.47,3044.94,3079.406375,877492,
26,masterBeneficiaryType,2025-06-12T01:00:01.396Z,true,1.36,2934.26,2935.612833,602,
27,projectSummaryProgress,2025-06-12T01:00:01.396Z,true,651.84,4367.43,5019.270875,93426,
28,sectorsData,2025-06-12T01:00:01.396Z,true,1.23,4977.73,4978.957083,47580,
29,globalIndicators,2025-06-12T01:00:01.396Z,true,1644.21,7941.18,9585.391375,513386,
30,masterOrganizationsProgress,2025-06-12T01:00:01.396Z,true,1433.97,4607.16,6041.126082999999,1050642,
31,projectStatusMaster,2025-06-12T01:00:01.396Z,true,652.63,4371.36,5023.996875,454438,
32,masterAllocationSource,2025-06-12T01:00:01.396Z,true,4.43,4369.91,4374.338625,54,
33,masterSectorsVo2,2025-06-12T01:00:01.396Z,true,7.27,4365.05,4372.32025,464,
34,masterGlobalIndicators,2025-06-12T01:00:01.396Z,true,2.54,4371.15,4373.688166,57797,
35,masterEmergencies,2025-06-12T01:00:01.396Z,true,2.6,4369.64,4372.241167,2278,
36,projectSummary,2025-06-12T01:00:01.396Z,true,660.85,4394.95,5055.803375,131302,
37,projectSummaryAggregate,2025-06-12T01:00:01.396Z,true,993,5278.48,6271.474166999999,376902,
38,HRPSummary,2025-06-12T01:00:01.396Z,true,5.6,4596.24,4601.840499999999,18666,
39,emergencySummary,2025-06-12T01:00:01.396Z,true,1656.76,4597.76,6254.5284169999995,650355,
1,masterDonors,2025-06-13T01:00:01.172Z,true,4.87,395.18,400.04754099999997,26321,
2,masterFunds,2025-06-13T01:00:01.172Z,true,13.81,317.71,331.52445800000004,112548,
3,masterRegionalFunds,2025-06-13T01:00:01.172Z,true,1.4,356.16,357.55391599999996,1650,
4,masterAllocationTypes,2025-06-13T01:00:01.172Z,true,1.59,323.13,324.71354099999996,242,
5,launchedAllocationsData,2025-06-13T01:00:01.172Z,true,1329.38,5478.02,6807.406417,723538,
6,contributionsData,2025-06-13T01:00:01.172Z,true,3.77,326.54,330.302959,88405,
7,allocationFlowData,2025-06-13T01:00:01.172Z,true,1.83,3608.89,3610.7186659999998,43587,
8,masterPooledFunds,2025-06-13T01:00:01.172Z,true,9.48,3530.58,3540.054458,2095,
9,masterPartners,2025-06-13T01:00:01.172Z,true,12.48,3526.5,3538.979459,107,
10,masterSubPartners,2025-06-13T01:00:01.172Z,true,4.19,3533.58,3537.774125,483,
11,allocationsData,2025-06-13T01:00:01.172Z,true,989.66,3530.8,4520.456583,133875,
12,contributionsTotalData,2025-06-13T01:00:01.172Z,true,992.12,3534.34,4526.456125,248306,
13,targetedPersonsData,2025-06-13T01:00:01.172Z,true,1991.16,3929.38,5920.538375,382109,
14,targetedPersonsDetailsData,2025-06-13T01:00:01.172Z,true,2449.05,3720.98,6170.036209000001,1985542,
15,dataGam,2025-06-13T01:00:01.172Z,true,1.23,4041.76,4042.9914580000004,30940,
16,masterGam,2025-06-13T01:00:01.172Z,true,8.33,3522.52,3530.852583,947,
17,masterOrganizations,2025-06-13T01:00:01.172Z,true,3.41,2177.19,2180.602333,258,
18,masterSectors,2025-06-13T01:00:01.172Z,true,2.72,2194.41,2197.1289159999997,1386,
19,allocationsDataResults,2025-06-13T01:00:01.172Z,true,324.03,3527.25,3851.27775,62817,
20,resultsBySector,2025-06-13T01:00:01.172Z,true,63.69,2170.1,2233.790666,943935,
21,resultsByDisability,2025-06-13T01:00:01.172Z,true,88.63,2176.84,2265.474416,961725,
22,resultsByType,2025-06-13T01:00:01.172Z,true,158.45,2182.26,2340.7142089999998,3061562,
23,resultsByBeneficiaryType,2025-06-13T01:00:01.172Z,true,126.51,2206.61,2333.1286250000003,1250955,
24,resultsByOrganization,2025-06-13T01:00:01.172Z,true,129.95,2191.36,2321.307125,1077999,
25,masterLocations,2025-06-13T01:00:01.172Z,true,85.28,2186.52,2271.8039580000004,877706,
26,masterBeneficiaryType,2025-06-13T01:00:01.172Z,true,1.86,2166.69,2168.5522499999997,602,
27,projectSummaryProgress,2025-06-13T01:00:01.172Z,true,335.18,3518,3853.181667,96235,
28,sectorsData,2025-06-13T01:00:01.172Z,true,1.35,3569.92,3571.263833,49259,
29,globalIndicators,2025-06-13T01:00:01.172Z,true,2668.57,6724.76,9393.331457999999,515734,
30,masterOrganizationsProgress,2025-06-13T01:00:01.172Z,true,1764.36,3805.3,5569.658542,1051361,
31,projectStatusMaster,2025-06-13T01:00:01.172Z,true,985.52,3806.13,4791.647125,454232,
32,masterAllocationSource,2025-06-13T01:00:01.172Z,true,10.73,3506.92,3517.651166,54,
33,masterSectorsVo2,2025-06-13T01:00:01.172Z,true,7.2,3509.87,3517.065667,464,
34,masterGlobalIndicators,2025-06-13T01:00:01.172Z,true,1.64,3555.51,3557.1526249999997,57797,
35,masterEmergencies,2025-06-13T01:00:01.172Z,true,14.42,3500.57,3514.98425,2278,
36,projectSummary,2025-06-13T01:00:01.172Z,true,665.88,3515.38,4181.258,135564,
37,projectSummaryAggregate,2025-06-13T01:00:01.172Z,true,2100.34,4520.68,6621.021708,390133,
38,HRPSummary,2025-06-13T01:00:01.172Z,true,0.54,3579.23,3579.7666660000004,18666,
39,emergencySummary,2025-06-13T01:00:01.172Z,true,3009.66,3593.75,6603.415292,652286,
1,masterDonors,2025-06-13T01:36:44.375Z,true,1,95.43,96.438292,26321,
2,masterFunds,2025-06-13T01:36:44.375Z,true,3.49,66.11,69.60025000000002,112548,
3,masterRegionalFunds,2025-06-13T01:36:44.375Z,true,3.13,64.59,67.715042,1650,
4,masterAllocationTypes,2025-06-13T01:36:44.375Z,true,2.01,61.24,63.241625,242,
5,launchedAllocationsData,2025-06-13T01:36:44.375Z,true,1323.98,5571.59,6895.573667,723397,
6,contributionsData,2025-06-13T01:36:44.375Z,true,3.06,64.7,67.76595800000001,88405,
7,allocationFlowData,2025-06-13T01:36:44.375Z,true,0.96,4359.25,4360.207333,43587,
8,masterPooledFunds,2025-06-13T01:36:44.375Z,true,6.74,4200.79,4207.536875,2095,
9,masterPartners,2025-06-13T01:36:44.375Z,true,7.52,4199.66,4207.181250000001,107,
10,masterSubPartners,2025-06-13T01:36:44.375Z,true,8.66,4197.92,4206.5830000000005,483,
11,allocationsData,2025-06-13T01:36:44.375Z,true,992.69,4202.63,5195.316207999999,133875,
12,contributionsTotalData,2025-06-13T01:36:44.375Z,true,1670.29,4204.29,5874.587625,248310,
13,targetedPersonsData,2025-06-13T01:36:44.375Z,true,2340.46,4712.37,7052.827333,382117,
14,targetedPersonsDetailsData,2025-06-13T01:36:44.375Z,true,2323.4,4330.64,6654.041167,1985663,
15,dataGam,2025-06-13T01:36:44.375Z,true,1.56,4550.75,4552.311667,30978,
16,masterGam,2025-06-13T01:36:44.375Z,true,6.03,4197.81,4203.8436249999995,947,
17,masterOrganizations,2025-06-13T01:36:44.375Z,true,1.99,2557.39,2559.386583,258,
18,masterSectors,2025-06-13T01:36:44.375Z,true,0.81,2558.3,2559.1160419999997,1386,
19,allocationsDataResults,2025-06-13T01:36:44.375Z,true,329.17,4201.63,4530.796582999999,62817,
20,resultsBySector,2025-06-13T01:36:44.375Z,true,99.15,2781.84,2880.988417,943935,
21,resultsByDisability,2025-06-13T01:36:44.375Z,true,104.35,2789.75,2894.101416,961725,
22,resultsByType,2025-06-13T01:36:44.375Z,true,140.89,2784.14,2925.0295419999998,3061562,
23,resultsByBeneficiaryType,2025-06-13T01:36:44.375Z,true,72.38,2766.95,2839.328459,1250955,
24,resultsByOrganization,2025-06-13T01:36:44.375Z,true,80.49,2859.95,2940.439792,1077999,
25,masterLocations,2025-06-13T01:36:44.375Z,true,51.39,2782.18,2833.576583,877706,
26,masterBeneficiaryType,2025-06-13T01:36:44.375Z,true,0.66,2564.17,2564.824,602,
27,projectSummaryProgress,2025-06-13T01:36:44.375Z,true,658.89,4646.01,5304.8958330000005,96620,
28,sectorsData,2025-06-13T01:36:44.375Z,true,1.18,5083.86,5085.037584,49357,
29,globalIndicators,2025-06-13T01:36:44.375Z,true,1991.46,7826.01,9817.470959,515799,
30,masterOrganizationsProgress,2025-06-13T01:36:44.375Z,true,1536.31,4984.21,6520.517709,1051357,
31,projectStatusMaster,2025-06-13T01:36:44.375Z,true,345.12,4364.14,4709.258875,454232,
32,masterAllocationSource,2025-06-13T01:36:44.375Z,true,5.14,4194.19,4199.3305,54,
33,masterSectorsVo2,2025-06-13T01:36:44.375Z,true,4.48,4194.64,4199.128375,464,
34,masterGlobalIndicators,2025-06-13T01:36:44.375Z,true,2.61,4345.49,4348.10025,57797,
35,masterEmergencies,2025-06-13T01:36:44.375Z,true,1.05,4198.5,4199.544583,2278,
36,projectSummary,2025-06-13T01:36:44.375Z,true,1340.16,4199.19,5539.34925,136075,
37,projectSummaryAggregate,2025-06-13T01:36:44.375Z,true,2012.28,6248.94,8261.219417,395999,
38,HRPSummary,2025-06-13T01:36:44.375Z,true,0.92,4346.74,4347.658208000001,18666,
39,emergencySummary,2025-06-13T01:36:44.375Z,true,1673.87,4363.01,6036.8814999999995,652286,
1,masterDonors,2025-06-14T01:00:01.440Z,true,20.4,405.88,426.281584,26321,
2,masterFunds,2025-06-14T01:00:01.440Z,true,12.92,341.89,354.808833,112548,
3,masterRegionalFunds,2025-06-14T01:00:01.440Z,true,6.87,342.7,349.57483299999996,1650,
4,masterAllocationTypes,2025-06-14T01:00:01.440Z,true,1.28,346.47,347.755375,242,
5,launchedAllocationsData,2025-06-14T01:00:01.440Z,true,1328.09,6036.77,7364.86625,723397,
6,contributionsData,2025-06-14T01:00:01.440Z,true,9.17,340.03,349.1975,88405,
7,allocationFlowData,2025-06-14T01:00:01.440Z,true,10.73,5011.27,5022.000708,43587,
8,masterPooledFunds,2025-06-14T01:00:01.440Z,true,3.49,4955.49,4958.981541,2095,
9,masterPartners,2025-06-14T01:00:01.440Z,true,6.88,4951.04,4957.921875,107,
10,masterSubPartners,2025-06-14T01:00:01.440Z,true,5.05,4951.3,4956.344041,483,
11,allocationsData,2025-06-14T01:00:01.440Z,true,1098.66,5008.29,6106.954583,134051,
12,contributionsTotalData,2025-06-14T01:00:01.440Z,true,1642.24,4952.92,6595.1602920000005,248308,
13,targetedPersonsData,2025-06-14T01:00:01.440Z,true,2425.27,5013.32,7438.594709,382129,
14,targetedPersonsDetailsData,2025-06-14T01:00:01.440Z,true,2651.8,5010.01,7661.8112089999995,1985730,
15,dataGam,2025-06-14T01:00:01.440Z,true,2.37,5051.1,5053.467625,30978,
16,masterGam,2025-06-14T01:00:01.440Z,true,6.13,5004.32,5010.445584,947,
17,masterOrganizations,2025-06-14T01:00:01.440Z,true,2.28,3061.49,3063.771,258,
18,masterSectors,2025-06-14T01:00:01.440Z,true,0.98,3077.2,3078.178917,1386,
19,allocationsDataResults,2025-06-14T01:00:01.440Z,true,329.45,5003.71,5333.161583,62887,
20,resultsBySector,2025-06-14T01:00:01.440Z,true,32.84,3101.42,3134.258667,944030,
21,resultsByDisability,2025-06-14T01:00:01.440Z,true,86.53,3134.76,3221.294958,961851,
22,resultsByType,2025-06-14T01:00:01.440Z,true,111.92,3158.7,3270.623708,3061633,
23,resultsByBeneficiaryType,2025-06-14T01:00:01.440Z,true,81.08,3139.68,3220.766584,1251098,
24,resultsByOrganization,2025-06-14T01:00:01.440Z,true,82.43,3122.71,3205.140625,1078127,
25,masterLocations,2025-06-14T01:00:01.440Z,true,37.23,3105.08,3142.3069579999997,877706,
26,masterBeneficiaryType,2025-06-14T01:00:01.440Z,true,3.02,3134.78,3137.795292,602,
27,projectSummaryProgress,2025-06-14T01:00:01.440Z,true,980.92,5038.82,6019.74175,96620,
28,sectorsData,2025-06-14T01:00:01.440Z,true,1.48,5040.95,5042.427667,49357,
29,globalIndicators,2025-06-14T01:00:01.440Z,true,2298.7,10094.84,12393.539499999999,515803,
30,masterOrganizationsProgress,2025-06-14T01:00:01.440Z,true,1871.3,5391.18,7262.483541,1051496,
31,projectStatusMaster,2025-06-14T01:00:01.440Z,true,768.33,5205.73,5974.06175,454216,
32,masterAllocationSource,2025-06-14T01:00:01.440Z,true,1.96,4994.86,4996.826458,54,
33,masterSectorsVo2,2025-06-14T01:00:01.440Z,true,6.38,4984.58,4990.9596249999995,464,
34,masterGlobalIndicators,2025-06-14T01:00:01.440Z,true,7,4989.53,4996.529625,57797,
35,masterEmergencies,2025-06-14T01:00:01.440Z,true,8.63,4980.99,4989.623834,2278,
36,projectSummary,2025-06-14T01:00:01.440Z,true,757,4930.32,5687.317625,136075,
37,projectSummaryAggregate,2025-06-14T01:00:01.440Z,true,994.6,8898.2,9892.799167,395999,
38,HRPSummary,2025-06-14T01:00:01.440Z,true,0.58,5026.91,5027.490291,18666,
39,emergencySummary,2025-06-14T01:00:01.440Z,true,1762.67,5027.92,6790.592000000001,652634,
1,masterDonors,2025-06-16T01:00:00.579Z,true,1.4,422,423.39979100000005,26321,
2,masterFunds,2025-06-16T01:00:00.579Z,true,4.39,337.83,342.21779200000003,112548,
3,masterRegionalFunds,2025-06-16T01:00:00.579Z,true,2.61,344.94,347.54812499999997,1650,
4,masterAllocationTypes,2025-06-16T01:00:00.579Z,true,5.37,325.11,330.48591600000003,242,
5,launchedAllocationsData,2025-06-16T01:00:00.579Z,true,1339.83,10423.42,11763.256416999999,723396,
6,contributionsData,2025-06-16T01:00:00.579Z,true,4.65,350.28,354.92829200000006,88405,
7,allocationFlowData,2025-06-16T01:00:00.579Z,true,6.76,4894.58,4901.342584,43588,
8,masterPooledFunds,2025-06-16T01:00:00.579Z,true,4.84,4853.66,4858.502875,2095,
9,masterPartners,2025-06-16T01:00:00.579Z,true,10.23,4860.06,4870.292875,107,
10,masterSubPartners,2025-06-16T01:00:00.579Z,true,11.25,4857.12,4868.364916,483,
11,allocationsData,2025-06-16T01:00:00.579Z,true,1084.66,4853.4,5938.060167000001,134052,
12,contributionsTotalData,2025-06-16T01:00:00.579Z,true,1108.29,4856.84,5965.128084,248304,
13,targetedPersonsData,2025-06-16T01:00:00.579Z,true,2380.51,4917.88,7298.393833,382137,
14,targetedPersonsDetailsData,2025-06-16T01:00:00.579Z,true,2790.78,4886.86,7677.640291000001,1986165,
15,dataGam,2025-06-16T01:00:00.579Z,true,0.95,5272.83,5273.784083,31017,
16,masterGam,2025-06-16T01:00:00.579Z,true,2.01,4845.46,4847.477790999999,947,
17,masterOrganizations,2025-06-16T01:00:00.579Z,true,2.55,3215.34,3217.886333,258,
18,masterSectors,2025-06-16T01:00:00.579Z,true,1.6,3218.8,3220.398334,1386,
19,allocationsDataResults,2025-06-16T01:00:00.579Z,true,325.85,4839.81,5165.660166,62887,
20,resultsBySector,2025-06-16T01:00:00.579Z,true,72.19,3261.91,3334.0953329999998,944030,
21,resultsByDisability,2025-06-16T01:00:00.579Z,true,59.94,3308.32,3368.2607089999997,961851,
22,resultsByType,2025-06-16T01:00:00.579Z,true,64.95,3376.35,3441.300375,3061633,
23,resultsByBeneficiaryType,2025-06-16T01:00:00.579Z,true,88.02,3261.9,3349.9228749999997,1251098,
24,resultsByOrganization,2025-06-16T01:00:00.579Z,true,89.07,3264.06,3353.12725,1078127,
25,masterLocations,2025-06-16T01:00:00.579Z,true,35.37,3253.49,3288.8509999999997,877706,
26,masterBeneficiaryType,2025-06-16T01:00:00.579Z,true,1.3,3217.17,3218.46625,602,
27,projectSummaryProgress,2025-06-16T01:00:00.579Z,true,660.36,4845.63,5505.998541,97674,
28,sectorsData,2025-06-16T01:00:00.579Z,true,1.92,5605.52,5607.446416000001,50187,
29,globalIndicators,2025-06-16T01:00:00.579Z,true,2099.64,8597.82,10697.462417,517284,
30,masterOrganizationsProgress,2025-06-16T01:00:00.579Z,true,1492.51,5507.36,6999.8720410000005,1051674,
31,projectStatusMaster,2025-06-16T01:00:00.579Z,true,999.56,4872.23,5871.788792,454479,
32,masterAllocationSource,2025-06-16T01:00:00.579Z,true,3.7,4867.1,4870.796332999999,54,
33,masterSectorsVo2,2025-06-16T01:00:00.579Z,true,0.59,4842.65,4843.237958,464,
34,masterGlobalIndicators,2025-06-16T01:00:00.579Z,true,4.8,4866.97,4871.777083999999,57797,
35,masterEmergencies,2025-06-16T01:00:00.579Z,true,4.42,4862.26,4866.689084,2278,
36,projectSummary,2025-06-16T01:00:00.579Z,true,1104.93,4915.31,6020.24175,137761,
37,projectSummaryAggregate,2025-06-16T01:00:00.579Z,true,1095.46,7394.86,8490.322666999999,401052,
38,HRPSummary,2025-06-16T01:00:00.579Z,true,1.65,4866.27,4867.92725,18666,
39,emergencySummary,2025-06-16T01:00:00.579Z,true,3075.31,4864.07,7939.37925,653385,
1,masterDonors,2025-06-18T01:00:01.009Z,true,7.51,438.72,446.231416,26321,
2,masterFunds,2025-06-18T01:00:01.009Z,true,6.21,367.94,374.152792,112548,
3,masterRegionalFunds,2025-06-18T01:00:01.009Z,true,2.03,367.02,369.04825000000005,1650,
4,masterAllocationTypes,2025-06-18T01:00:01.009Z,true,6.83,350.65,357.48237499999993,242,
5,launchedAllocationsData,2025-06-18T01:00:01.009Z,true,1532.16,7868.89,9401.051875,723397,
6,contributionsData,2025-06-18T01:00:01.009Z,true,4.45,375.93,380.3765,88611,
7,allocationFlowData,2025-06-18T01:00:01.009Z,true,11.04,4305.42,4316.46225,43588,
8,masterPooledFunds,2025-06-18T01:00:01.009Z,true,0.56,3846.8,3847.36125,2095,
9,masterPartners,2025-06-18T01:00:01.009Z,true,8.57,4210.89,4219.464540999999,107,
10,masterSubPartners,2025-06-18T01:00:01.009Z,true,4.71,4213.1,4217.810875,483,
11,allocationsData,2025-06-18T01:00:01.009Z,true,976.8,4219.43,5196.229792,134052,
12,contributionsTotalData,2025-06-18T01:00:01.009Z,true,2313.26,4211.24,6524.505709,249094,
13,targetedPersonsData,2025-06-18T01:00:01.009Z,true,2340.05,4539.95,6880.001667,382138,
14,targetedPersonsDetailsData,2025-06-18T01:00:01.009Z,true,2447.32,4301.07,6748.393916999999,1986197,
15,dataGam,2025-06-18T01:00:01.009Z,true,1.25,5151.59,5152.840792,31017,
16,masterGam,2025-06-18T01:00:01.009Z,true,6.71,4183.25,4189.956667,947,
17,masterOrganizations,2025-06-18T01:00:01.009Z,true,0.89,2541.92,2542.814708,258,
18,masterSectors,2025-06-18T01:00:01.009Z,true,1.51,2506.53,2508.037917,1386,
19,allocationsDataResults,2025-06-18T01:00:01.009Z,true,331.94,4183.1,4515.036792000001,62887,
20,resultsBySector,2025-06-18T01:00:01.009Z,true,45.47,2557.15,2602.619584,944857,
21,resultsByDisability,2025-06-18T01:00:01.009Z,true,57.23,2569.59,2626.816125,962683,
22,resultsByType,2025-06-18T01:00:01.009Z,true,70.03,2656.1,2726.130291,3064141,
23,resultsByBeneficiaryType,2025-06-18T01:00:01.009Z,true,62.36,2602.82,2665.179333,1252051,
24,resultsByOrganization,2025-06-18T01:00:01.009Z,true,63.12,2587.75,2650.86125,1078971,
25,masterLocations,2025-06-18T01:00:01.009Z,true,53.71,2562.96,2616.674333,878614,
26,masterBeneficiaryType,2025-06-18T01:00:01.009Z,true,0.65,2538.28,2538.929792,602,
27,projectSummaryProgress,2025-06-18T01:00:01.009Z,true,663.86,4179.4,4843.2581660000005,97708,
28,sectorsData,2025-06-18T01:00:01.009Z,true,9.72,4262.32,4272.042458,50211,
29,globalIndicators,2025-06-18T01:00:01.009Z,true,1536.12,7348.23,8884.348917,517392,
30,masterOrganizationsProgress,2025-06-18T01:00:01.009Z,true,1622.67,4263.42,5886.0911670000005,1053133,
31,projectStatusMaster,2025-06-18T01:00:01.009Z,true,665.53,4266.37,4931.905917,454337,
32,masterAllocationSource,2025-06-18T01:00:01.009Z,true,3.62,4174.53,4178.1543329999995,54,
33,masterSectorsVo2,2025-06-18T01:00:01.009Z,true,5.7,4256.12,4261.8234170000005,464,
34,masterGlobalIndicators,2025-06-18T01:00:01.009Z,true,2.86,4175.42,4178.2739169999995,57797,
35,masterEmergencies,2025-06-18T01:00:01.009Z,true,7.11,4253.38,4260.480541,2278,
36,projectSummary,2025-06-18T01:00:01.009Z,true,766.79,4260.97,5027.759,137753,
37,projectSummaryAggregate,2025-06-18T01:00:01.009Z,false,,,,,The operation was aborted.
38,HRPSummary,2025-06-18T01:00:01.009Z,true,3.96,4260.77,4264.735000000001,18666,
39,emergencySummary,2025-06-18T01:00:01.009Z,true,2436.81,4262.5,6699.3147500000005,653352,
1,masterDonors,2025-06-19T01:00:01.467Z,true,6.54,434.42,440.960166,26321,
2,masterFunds,2025-06-19T01:00:01.467Z,true,11.32,359.55,370.864708,112548,
3,masterRegionalFunds,2025-06-19T01:00:01.467Z,true,21.45,344.49,365.938917,1650,
4,masterAllocationTypes,2025-06-19T01:00:01.467Z,true,2.58,350.9,353.48270900000006,242,
5,launchedAllocationsData,2025-06-19T01:00:01.467Z,true,1337.89,6318.73,7656.613125,723582,
6,contributionsData,2025-06-19T01:00:01.467Z,true,6.23,359.84,366.06525,88628,
7,allocationFlowData,2025-06-19T01:00:01.467Z,true,10.99,4433.57,4444.558417,43637,
8,masterPooledFunds,2025-06-19T01:00:01.467Z,true,0.71,4371.21,4371.921959,2095,
9,masterPartners,2025-06-19T01:00:01.467Z,true,0.55,4067.94,4068.4922500000002,107,
10,masterSubPartners,2025-06-19T01:00:01.467Z,true,0.32,4075.78,4076.0916249999996,483,
11,allocationsData,2025-06-19T01:00:01.467Z,true,1004.81,4437.47,5442.274874999999,134045,
12,contributionsTotalData,2025-06-19T01:00:01.467Z,true,2100.23,4425.96,6526.190042,249096,
13,targetedPersonsData,2025-06-19T01:00:01.467Z,true,2218.35,4732.55,6950.903667,382417,
14,targetedPersonsDetailsData,2025-06-19T01:00:01.467Z,true,2356.59,4429.49,6786.08475,1988571,
15,dataGam,2025-06-19T01:00:01.467Z,true,2.43,5861.14,5863.568875,31062,
16,masterGam,2025-06-19T01:00:01.467Z,true,4.54,4414.7,4419.2453749999995,947,
17,masterOrganizations,2025-06-19T01:00:01.467Z,true,1.58,2956.54,2958.117209,258,
18,masterSectors,2025-06-19T01:00:01.467Z,true,2.44,2941.33,2943.775917,1386,
19,allocationsDataResults,2025-06-19T01:00:01.467Z,true,335.83,4412.83,4748.664083,62884,
20,resultsBySector,2025-06-19T01:00:01.467Z,true,65.07,2983.97,3049.0425,945264,
21,resultsByDisability,2025-06-19T01:00:01.467Z,true,52.55,2976.99,3029.533792,963151,
22,resultsByType,2025-06-19T01:00:01.467Z,true,88.41,3050.13,3138.536667,3064564,
23,resultsByBeneficiaryType,2025-06-19T01:00:01.467Z,true,84.76,2990.25,3075.002667,1252821,
24,resultsByOrganization,2025-06-19T01:00:01.467Z,true,90.4,2993.44,3083.843792,1079445,
25,masterLocations,2025-06-19T01:00:01.467Z,true,21.67,2969.03,2990.696625,878829,
26,masterBeneficiaryType,2025-06-19T01:00:01.467Z,true,1.18,2952.67,2953.851708,602,
27,projectSummaryProgress,2025-06-19T01:00:01.467Z,true,1346.34,4414.71,5761.046542,105053,
28,sectorsData,2025-06-19T01:00:01.467Z,true,3.93,4418.59,4422.517833999999,56074,
29,globalIndicators,2025-06-19T01:00:01.467Z,true,1675.55,8589.51,10265.059833000001,524323,
30,masterOrganizationsProgress,2025-06-19T01:00:01.467Z,true,1435.42,4416.39,5851.819125,1053207,
31,projectStatusMaster,2025-06-19T01:00:01.467Z,true,673.44,4592.24,5265.681125,454348,
32,masterAllocationSource,2025-06-19T01:00:01.467Z,true,7.73,4410.34,4418.072166999999,54,
33,masterSectorsVo2,2025-06-19T01:00:01.467Z,true,5.29,4412.25,4417.546542,464,
34,masterGlobalIndicators,2025-06-19T01:00:01.467Z,true,14.22,4403.59,4417.809959,57797,
35,masterEmergencies,2025-06-19T01:00:01.467Z,true,2.24,4343.7,4345.939,2278,
36,projectSummary,2025-06-19T01:00:01.467Z,true,1012.45,4441.45,5453.893292,147992,
37,projectSummaryAggregate,2025-06-19T01:00:01.467Z,true,3003.62,6975.97,9979.586584,439153,
38,HRPSummary,2025-06-19T01:00:01.467Z,true,0.57,4518.5,4519.067083,18666,
39,emergencySummary,2025-06-19T01:00:01.467Z,true,2342.31,4433.38,6775.691,657786,
1,masterDonors,2025-06-20T01:00:00.557Z,true,20.2,408.92,429.11483300000003,26321,
2,masterFunds,2025-06-20T01:00:00.557Z,true,8.03,348.38,356.408208,112548,
3,masterRegionalFunds,2025-06-20T01:00:00.557Z,true,7.47,340.76,348.231125,1650,
4,masterAllocationTypes,2025-06-20T01:00:00.557Z,true,1.8,340.96,342.76120800000007,242,
5,launchedAllocationsData,2025-06-20T01:00:00.557Z,true,1662.33,6303.82,7966.14275,723705,
6,contributionsData,2025-06-20T01:00:00.557Z,true,5.73,345.27,350.99775000000005,88628,
7,allocationFlowData,2025-06-20T01:00:00.557Z,true,1.2,4305.03,4306.2354589999995,43636,
8,masterPooledFunds,2025-06-20T01:00:00.557Z,true,2.15,3828.78,3830.929916,2095,
9,masterPartners,2025-06-20T01:00:00.557Z,true,0.68,3829.41,3830.0873330000004,107,
10,masterSubPartners,2025-06-20T01:00:00.557Z,true,0.3,4103.85,4104.14725,483,
11,allocationsData,2025-06-20T01:00:00.557Z,true,1655.85,4189.1,5844.954750000001,134069,
12,contributionsTotalData,2025-06-20T01:00:00.557Z,true,1421.86,4190.86,5612.725417,249102,
13,targetedPersonsData,2025-06-20T01:00:00.557Z,true,1839.73,4609.96,6449.687333,382579,
14,targetedPersonsDetailsData,2025-06-20T01:00:00.557Z,true,2422.87,4266.18,6689.050832999999,1988838,
15,dataGam,2025-06-20T01:00:00.557Z,true,2.06,4577.06,4579.112583,31062,
16,masterGam,2025-06-20T01:00:00.557Z,true,1.35,4184.78,4186.122667,947,
17,masterOrganizations,2025-06-20T01:00:00.557Z,true,1.63,2691.58,2693.2125419999998,258,
18,masterSectors,2025-06-20T01:00:00.557Z,true,2.52,2686.15,2688.667708,1386,
19,allocationsDataResults,2025-06-20T01:00:00.557Z,true,331.96,4178.58,4510.537084,62901,
20,resultsBySector,2025-06-20T01:00:00.557Z,true,43.2,2767.27,2810.470958,945357,
21,resultsByDisability,2025-06-20T01:00:00.557Z,true,36.54,2701.46,2738.005166,963291,
22,resultsByType,2025-06-20T01:00:00.557Z,true,63.89,2806.65,2870.5408749999997,3064651,
23,resultsByBeneficiaryType,2025-06-20T01:00:00.557Z,true,52.66,2744.03,2796.696042,1252979,
24,resultsByOrganization,2025-06-20T01:00:00.557Z,true,56.63,2710.17,2766.8029579999998,1079587,
25,masterLocations,2025-06-20T01:00:00.557Z,true,39.59,2717.15,2756.746708,878891,
26,masterBeneficiaryType,2025-06-20T01:00:00.557Z,true,1.34,2690.61,2691.9509169999997,602,
27,projectSummaryProgress,2025-06-20T01:00:00.557Z,true,1095.12,4376.1,5471.215625,105876,
28,sectorsData,2025-06-20T01:00:00.557Z,true,329.44,4401.84,4731.280250000001,56511,
29,globalIndicators,2025-06-20T01:00:00.557Z,true,1858.42,9318.55,11176.973084000001,525177,
30,masterOrganizationsProgress,2025-06-20T01:00:00.557Z,true,1655.28,4235.13,5890.412333,1053743,
31,projectStatusMaster,2025-06-20T01:00:00.557Z,true,762.13,4237.72,4999.846874999999,454574,
32,masterAllocationSource,2025-06-20T01:00:00.557Z,true,0.95,4238.6,4239.55375,54,
33,masterSectorsVo2,2025-06-20T01:00:00.557Z,true,0.63,4239.84,4240.468709000001,464,
34,masterGlobalIndicators,2025-06-20T01:00:00.557Z,true,3.79,4236.23,4240.021209,57797,
35,masterEmergencies,2025-06-20T01:00:00.557Z,true,0.88,4230.85,4231.729667,2278,
36,projectSummary,2025-06-20T01:00:00.557Z,true,660.76,4232.21,4892.96575,149035,
37,projectSummaryAggregate,2025-06-20T01:00:00.557Z,true,2396.35,5138.33,7534.6795,441670,
38,HRPSummary,2025-06-20T01:00:00.557Z,true,1.74,4235.24,4236.986042,18666,
39,emergencySummary,2025-06-20T01:00:00.557Z,true,1854.65,4307.21,6161.863125,658597,
1,masterDonors,2025-06-21T01:00:01.449Z,true,5.29,428.42,433.712667,26321,
2,masterFunds,2025-06-21T01:00:01.449Z,true,9.23,351.33,360.55904200000003,112548,
3,masterRegionalFunds,2025-06-21T01:00:01.449Z,true,8.56,346.88,355.439084,1650,
4,masterAllocationTypes,2025-06-21T01:00:01.449Z,true,4.7,338.69,343.39145800000006,242,
5,launchedAllocationsData,2025-06-21T01:00:01.449Z,true,1325.51,6202.27,7527.773249999999,724526,
6,contributionsData,2025-06-21T01:00:01.449Z,true,6.72,347.26,353.978208,88606,
7,allocationFlowData,2025-06-21T01:00:01.449Z,true,2.19,4239.13,4241.322958999999,43635,
8,masterPooledFunds,2025-06-21T01:00:01.449Z,true,1.56,3923.06,3924.6190829999996,2095,
9,masterPartners,2025-06-21T01:00:01.449Z,true,2.45,3921.09,3923.5406250000005,107,
10,masterSubPartners,2025-06-21T01:00:01.449Z,true,0.26,3960.62,3960.888125,483,
11,allocationsData,2025-06-21T01:00:01.449Z,true,1326.36,3988.69,5315.043958,134063,
12,contributionsTotalData,2025-06-21T01:00:01.449Z,true,1756.06,4045.5,5801.560125,249048,
13,targetedPersonsData,2025-06-21T01:00:01.449Z,true,2299.31,4522.67,6821.972167,382669,
14,targetedPersonsDetailsData,2025-06-21T01:00:01.449Z,true,2525.11,4311.49,6836.591375,1989125,
15,dataGam,2025-06-21T01:00:01.449Z,true,1.61,4689.7,4691.30325,31062,
16,masterGam,2025-06-21T01:00:01.449Z,true,0.29,3982.96,3983.249333,947,
17,masterOrganizations,2025-06-21T01:00:01.449Z,true,1.53,2656.14,2657.666959,258,
18,masterSectors,2025-06-21T01:00:01.449Z,true,1.01,2669.1,2670.116917,1386,
19,allocationsDataResults,2025-06-21T01:00:01.449Z,true,336.4,3951.48,4287.878875,62897,
20,resultsBySector,2025-06-21T01:00:01.449Z,true,80.95,2743.91,2824.8646660000004,945727,
21,resultsByDisability,2025-06-21T01:00:01.449Z,true,79.87,2740.99,2820.8576249999996,963707,
22,resultsByType,2025-06-21T01:00:01.449Z,true,120.8,2783.64,2904.437542,3065422,
23,resultsByBeneficiaryType,2025-06-21T01:00:01.449Z,true,104.77,2743.3,2848.064291,1253449,
24,resultsByOrganization,2025-06-21T01:00:01.449Z,true,96.83,2741.51,2838.344792,1080009,
25,masterLocations,2025-06-21T01:00:01.449Z,true,54.85,2735.28,2790.1288329999998,879040,
26,masterBeneficiaryType,2025-06-21T01:00:01.449Z,true,1.43,2674.89,2676.317333,602,
27,projectSummaryProgress,2025-06-21T01:00:01.449Z,true,989,4156.75,5145.74875,106570,
28,sectorsData,2025-06-21T01:00:01.449Z,true,328.69,4298.21,4626.898083,57069,
29,globalIndicators,2025-06-21T01:00:01.449Z,true,2068.15,8218.45,10286.601541,525864,
30,masterOrganizationsProgress,2025-06-21T01:00:01.449Z,true,1647.05,4164.95,5812.001625,1054499,
31,projectStatusMaster,2025-06-21T01:00:01.449Z,true,994.01,4237.18,5231.19175,454590,
32,masterAllocationSource,2025-06-21T01:00:01.449Z,true,0.4,4033.12,4033.5203749999996,54,
33,masterSectorsVo2,2025-06-21T01:00:01.449Z,true,0.45,4013.86,4014.3063750000006,464,
34,masterGlobalIndicators,2025-06-21T01:00:01.449Z,true,1.45,3895.21,3896.6675419999997,57797,
35,masterEmergencies,2025-06-21T01:00:01.449Z,true,0.25,3930.37,3930.6204580000003,2278,
36,projectSummary,2025-06-21T01:00:01.449Z,true,761.45,4069.67,4831.11975,149979,
37,projectSummaryAggregate,2025-06-21T01:00:01.449Z,false,,,,,The operation was aborted.
38,HRPSummary,2025-06-21T01:00:01.449Z,true,0.77,4047.5,4048.2735000000002,18666,
39,emergencySummary,2025-06-21T01:00:01.449Z,true,2633,4049.76,6682.757,659037,
1,masterDonors,2025-06-22T01:00:00.930Z,true,1.75,432.1,433.85220799999996,26321,
2,masterFunds,2025-06-22T01:00:00.930Z,true,4.59,347.68,352.26570899999996,112548,
3,masterRegionalFunds,2025-06-22T01:00:00.930Z,true,1.38,357.24,358.620208,1650,
4,masterAllocationTypes,2025-06-22T01:00:00.930Z,true,0.86,361.75,362.614917,242,
5,launchedAllocationsData,2025-06-22T01:00:00.930Z,true,1653.75,7324.56,8978.310542,724526,
6,contributionsData,2025-06-22T01:00:00.930Z,true,16.06,332.37,348.42554199999995,88606,
7,allocationFlowData,2025-06-22T01:00:00.930Z,true,1.99,4441.7,4443.691917,43635,
8,masterPooledFunds,2025-06-22T01:00:00.930Z,true,0.27,4260.77,4261.042167,2095,
9,masterPartners,2025-06-22T01:00:00.930Z,true,1.27,4264.44,4265.715708,107,
10,masterSubPartners,2025-06-22T01:00:00.930Z,true,0.46,4162.88,4163.337708,483,
11,allocationsData,2025-06-22T01:00:00.930Z,true,995.26,4263.02,5258.281499999999,133997,
12,contributionsTotalData,2025-06-22T01:00:00.930Z,true,1433.39,4358.01,5791.395875,249046,
13,targetedPersonsData,2025-06-22T01:00:00.930Z,true,2395.82,4751.22,7147.0350419999995,382676,
14,targetedPersonsDetailsData,2025-06-22T01:00:00.930Z,true,2383.77,4575.68,6959.457333,1989234,
15,dataGam,2025-06-22T01:00:00.930Z,true,1.56,5997.67,5999.2369579999995,31062,
16,masterGam,2025-06-22T01:00:00.930Z,true,0.34,4225.15,4225.491334,947,
17,masterOrganizations,2025-06-22T01:00:00.930Z,true,5.65,3016.61,3022.2695000000003,258,
18,masterSectors,2025-06-22T01:00:00.930Z,true,2.21,3019.02,3021.2229589999997,1386,
19,allocationsDataResults,2025-06-22T01:00:00.930Z,true,329.77,4295.45,4625.215375,62870,
20,resultsBySector,2025-06-22T01:00:00.930Z,true,36.85,3031.63,3068.479542,945823,
21,resultsByDisability,2025-06-22T01:00:00.930Z,true,29.52,6079.84,6109.365459000001,963845,
22,resultsByType,2025-06-22T01:00:00.930Z,true,69.73,3086.29,3156.017042,3066048,
23,resultsByBeneficiaryType,2025-06-22T01:00:00.930Z,true,36.1,3058.76,3094.8596669999997,1253614,
24,resultsByOrganization,2025-06-22T01:00:00.930Z,true,39.58,4371.54,4411.118584,1080149,
25,masterLocations,2025-06-22T01:00:00.930Z,true,19.96,3022.34,3042.3039999999996,879105,
26,masterBeneficiaryType,2025-06-22T01:00:00.930Z,true,1.44,3546.72,3548.161125,602,
27,projectSummaryProgress,2025-06-22T01:00:00.930Z,true,974.48,4355.17,5329.64375,106915,
28,sectorsData,2025-06-22T01:00:00.930Z,true,328.2,4823.96,5152.160917,57334,
29,globalIndicators,2025-06-22T01:00:00.930Z,true,3291.36,7500.22,10791.572125,526718,
30,masterOrganizationsProgress,2025-06-22T01:00:00.930Z,true,1647.39,4491.15,6138.538667000001,1054554,
31,projectStatusMaster,2025-06-22T01:00:00.930Z,true,664.22,4263.91,4928.126332999999,454463,
32,masterAllocationSource,2025-06-22T01:00:00.930Z,true,0.41,4282.11,4282.519375,54,
33,masterSectorsVo2,2025-06-22T01:00:00.930Z,true,0.35,4256.99,4257.344958,464,
34,masterGlobalIndicators,2025-06-22T01:00:00.930Z,true,0.94,4213.88,4214.828125,57797,
35,masterEmergencies,2025-06-22T01:00:00.930Z,true,0.2,4215.09,4215.289833000001,2278,
36,projectSummary,2025-06-22T01:00:00.930Z,true,983.1,4306.68,5289.777999999999,150495,
37,projectSummaryAggregate,2025-06-22T01:00:00.930Z,true,1518.77,5365.63,6884.395541,446550,
38,HRPSummary,2025-06-22T01:00:00.930Z,true,0.7,4358.93,4359.62375,18666,
39,emergencySummary,2025-06-22T01:00:00.930Z,true,1846.86,4216.6,6063.461209,659309,
1,masterDonors,2025-06-24T01:00:00.823Z,true,6.47,437.54,444.00862500000005,26321,
2,masterFunds,2025-06-24T01:00:00.823Z,true,6.57,352,358.572375,112548,
3,masterRegionalFunds,2025-06-24T01:00:00.823Z,true,17.38,334.24,351.62529200000006,1650,
4,masterAllocationTypes,2025-06-24T01:00:00.823Z,true,0.61,350.87,351.476916,242,
5,launchedAllocationsData,2025-06-24T01:00:00.823Z,true,1430.89,6130.18,7561.076917,724525,
6,contributionsData,2025-06-24T01:00:00.823Z,true,13.25,339.25,352.50408300000004,88627,
7,allocationFlowData,2025-06-24T01:00:00.823Z,true,1.81,3647.23,3649.0384580000004,43659,
8,masterPooledFunds,2025-06-24T01:00:00.823Z,true,1,3425.37,3426.362292,2095,
9,masterPartners,2025-06-24T01:00:00.823Z,true,0.36,3611.63,3611.9879170000004,107,
10,masterSubPartners,2025-06-24T01:00:00.823Z,true,0.21,3556.48,3556.683,483,
11,allocationsData,2025-06-24T01:00:00.823Z,true,1080.33,3434.25,4514.5713749999995,134103,
12,contributionsTotalData,2025-06-24T01:00:00.823Z,true,1441.4,3592.09,5033.4908749999995,249136,
13,targetedPersonsData,2025-06-24T01:00:00.823Z,true,2425.63,3959.3,6384.928916,382687,
14,targetedPersonsDetailsData,2025-06-24T01:00:00.823Z,true,2704.38,3824.97,6529.346208,1989279,
15,dataGam,2025-06-24T01:00:00.823Z,true,1.51,4938.87,4940.382333,31062,
16,masterGam,2025-06-24T01:00:00.823Z,true,0.3,3533.95,3534.247125,947,
17,masterOrganizations,2025-06-24T01:00:00.823Z,true,1.32,2296.73,2298.047375,258,
18,masterSectors,2025-06-24T01:00:00.823Z,true,0.98,2312.5,2313.4838330000002,1386,
19,allocationsDataResults,2025-06-24T01:00:00.823Z,true,337.18,3563.99,3901.1742910000003,62872,
20,resultsBySector,2025-06-24T01:00:00.823Z,true,63.98,2334.55,2398.532125,945914,
21,resultsByDisability,2025-06-24T01:00:00.823Z,true,47.34,2332.31,2379.649375,963958,
22,resultsByType,2025-06-24T01:00:00.823Z,true,100.88,2398.28,2499.1650839999998,3066279,
23,resultsByBeneficiaryType,2025-06-24T01:00:00.823Z,true,68.21,2388.26,2456.464083,1253770,
24,resultsByOrganization,2025-06-24T01:00:00.823Z,true,77.34,2342.88,2420.22475,1080264,
25,masterLocations,2025-06-24T01:00:00.823Z,true,46.54,2331.93,2378.47175,879105,
26,masterBeneficiaryType,2025-06-24T01:00:00.823Z,true,0.66,2314.79,2315.45475,602,
27,projectSummaryProgress,2025-06-24T01:00:00.823Z,true,669.87,3703.35,4373.217875,106915,
28,sectorsData,2025-06-24T01:00:00.823Z,true,337.4,3994.32,4331.718083,57334,
29,globalIndicators,2025-06-24T01:00:00.823Z,true,1743.22,7473.25,9216.466291,526732,
30,masterOrganizationsProgress,2025-06-24T01:00:00.823Z,true,1318.54,3882.27,5200.812042,1054838,
31,projectStatusMaster,2025-06-24T01:00:00.823Z,true,772.42,3713.97,4486.383667,454499,
32,masterAllocationSource,2025-06-24T01:00:00.823Z,true,0.28,3542.9,3543.1773749999998,54,
33,masterSectorsVo2,2025-06-24T01:00:00.823Z,true,0.34,3559.06,3559.4041669999997,464,
34,masterGlobalIndicators,2025-06-24T01:00:00.823Z,true,1.27,3519.33,3520.603125,57797,
35,masterEmergencies,2025-06-24T01:00:00.823Z,true,0.18,3522.42,3522.602708,2278,
36,projectSummary,2025-06-24T01:00:00.823Z,true,662.69,3553.42,4216.104583,150495,
37,projectSummaryAggregate,2025-06-24T01:00:00.823Z,true,2333.88,4704.45,7038.333165999999,446550,
38,HRPSummary,2025-06-24T01:00:00.823Z,true,0.89,3603.1,3603.9938749999997,18666,
39,emergencySummary,2025-06-24T01:00:00.823Z,true,2016.7,3639.88,5656.5825,659289,
1,masterDonors,2025-06-26T01:00:01.547Z,true,10.96,433.7,444.65925,26321,
2,masterFunds,2025-06-26T01:00:01.547Z,true,4.72,365.73,370.446292,112548,
3,masterRegionalFunds,2025-06-26T01:00:01.547Z,true,18.39,346.86,365.249375,1650,
4,masterAllocationTypes,2025-06-26T01:00:01.547Z,true,1.78,359.24,361.022791,242,
5,launchedAllocationsData,2025-06-26T01:00:01.547Z,true,1421.77,9567.64,10989.408083,724538,
6,contributionsData,2025-06-26T01:00:01.547Z,true,11.37,352.87,364.248833,88788,
7,allocationFlowData,2025-06-26T01:00:01.547Z,true,1.12,4199.43,4200.552167,43708,
8,masterPooledFunds,2025-06-26T01:00:01.547Z,true,0.38,4042.18,4042.5579169999996,2095,
9,masterPartners,2025-06-26T01:00:01.547Z,true,1.35,4040.09,4041.4314589999994,107,
10,masterSubPartners,2025-06-26T01:00:01.547Z,true,0.21,4096.87,4097.087625,483,
11,allocationsData,2025-06-26T01:00:01.547Z,true,1640.26,4065.84,5706.097667,134069,
12,contributionsTotalData,2025-06-26T01:00:01.547Z,true,1752.82,4142.82,5895.642083,249720,
13,targetedPersonsData,2025-06-26T01:00:01.547Z,true,2172.89,4557.15,6730.042458,382858,
14,targetedPersonsDetailsData,2025-06-26T01:00:01.547Z,true,2506.15,4492.77,6998.916458,1990754,
15,dataGam,2025-06-26T01:00:01.547Z,true,1.19,4705.03,4706.221167000001,31063,
16,masterGam,2025-06-26T01:00:01.547Z,true,1.7,4074.64,4076.347708,947,
17,masterOrganizations,2025-06-26T01:00:01.547Z,true,2.33,2852.41,2854.731667,258,
18,masterSectors,2025-06-26T01:00:01.547Z,true,5.97,2847.48,2853.446708,1386,
19,allocationsDataResults,2025-06-26T01:00:01.547Z,true,328.53,4116.52,4445.053792,62842,
20,resultsBySector,2025-06-26T01:00:01.547Z,true,73.5,2890.01,2963.509625,947501,
21,resultsByDisability,2025-06-26T01:00:01.547Z,true,76.24,2867.29,2943.531708,965094,
22,resultsByType,2025-06-26T01:00:01.547Z,true,68.35,3004.16,3072.50925,3069307,
23,resultsByBeneficiaryType,2025-06-26T01:00:01.547Z,true,71.78,2898.82,2970.600125,1254803,
24,resultsByOrganization,2025-06-26T01:00:01.547Z,true,68.58,2861.65,2930.232042,1081416,
25,masterLocations,2025-06-26T01:00:01.547Z,true,68.42,2872.72,2941.138542,879809,
26,masterBeneficiaryType,2025-06-26T01:00:01.547Z,true,4.77,2931.53,2936.291875,602,
27,projectSummaryProgress,2025-06-26T01:00:01.547Z,true,1312.02,4207.13,5519.148625,111211,
28,sectorsData,2025-06-26T01:00:01.547Z,true,326.78,4316.75,4643.5320839999995,60205,
29,globalIndicators,2025-06-26T01:00:01.547Z,true,1308.68,9991.12,11299.796875,532123,
30,masterOrganizationsProgress,2025-06-26T01:00:01.547Z,true,1519.23,4185.87,5705.101875,1055821,
31,projectStatusMaster,2025-06-26T01:00:01.547Z,true,654.5,4164.38,4818.873333,454508,
32,masterAllocationSource,2025-06-26T01:00:01.547Z,true,0.16,4098.51,4098.673875,54,
33,masterSectorsVo2,2025-06-26T01:00:01.547Z,true,0.21,4089.07,4089.275792,464,
34,masterGlobalIndicators,2025-06-26T01:00:01.547Z,true,1.08,4115.7,4116.7855,57797,
35,masterEmergencies,2025-06-26T01:00:01.547Z,true,0.28,4057.48,4057.767875,2278,
36,projectSummary,2025-06-26T01:00:01.547Z,true,981.19,4075.01,5056.198792,156478,
37,projectSummaryAggregate,2025-06-26T01:00:01.547Z,true,1636.11,5331.3,6967.409041999999,459500,
38,HRPSummary,2025-06-26T01:00:01.547Z,true,0.33,4156.89,4157.220792,18666,
39,emergencySummary,2025-06-26T01:00:01.547Z,true,2406.59,4252.02,6658.618625,662084,
1,masterDonors,2025-06-27T01:00:01.463Z,true,12.55,484.56,497.10858400000006,26321,
2,masterFunds,2025-06-27T01:00:01.463Z,true,12.16,377.51,389.67329200000006,112548,
3,masterRegionalFunds,2025-06-27T01:00:01.463Z,true,3.14,382.51,385.64829199999997,1650,
4,masterAllocationTypes,2025-06-27T01:00:01.463Z,true,0.61,382.96,383.5759170000001,242,
5,launchedAllocationsData,2025-06-27T01:00:01.463Z,true,1394.76,12061.84,13456.598166,725152,
6,contributionsData,2025-06-27T01:00:01.463Z,true,4.91,393.92,398.82787500000006,88877,
7,allocationFlowData,2025-06-27T01:00:01.463Z,true,1.38,4232.05,4233.434458,43741,
8,masterPooledFunds,2025-06-27T01:00:01.463Z,true,10.19,4038.16,4048.3500000000004,2095,
9,masterPartners,2025-06-27T01:00:01.463Z,true,7.24,4040.08,4047.320792,107,
10,masterSubPartners,2025-06-27T01:00:01.463Z,true,11.15,4033.27,4044.427208,483,
11,allocationsData,2025-06-27T01:00:01.463Z,true,975.61,4040.56,5016.162082999999,134075,
12,contributionsTotalData,2025-06-27T01:00:01.463Z,true,1088.53,4119.05,5207.579541,249977,
13,targetedPersonsData,2025-06-27T01:00:01.463Z,true,2037.29,4411.95,6449.232583,383130,
14,targetedPersonsDetailsData,2025-06-27T01:00:01.463Z,true,2269.56,4038.94,6308.494542,1991652,
15,dataGam,2025-06-27T01:00:01.463Z,true,0.81,5311.66,5312.476958,31110,
16,masterGam,2025-06-27T01:00:01.463Z,true,9.15,4025.94,4035.09275,947,
17,masterOrganizations,2025-06-27T01:00:01.463Z,true,1.42,2554.02,2555.440542,258,
18,masterSectors,2025-06-27T01:00:01.463Z,true,0.99,2579.12,2580.106375,1386,
19,allocationsDataResults,2025-06-27T01:00:01.463Z,true,316.59,4021.2,4337.791791,62846,
20,resultsBySector,2025-06-27T01:00:01.463Z,true,47.97,2592.77,2640.733,948745,
21,resultsByDisability,2025-06-27T01:00:01.463Z,true,93.35,2601.01,2694.3555,966121,
22,resultsByType,2025-06-27T01:00:01.463Z,true,77.18,2686.96,2764.1448330000003,3071061,
23,resultsByBeneficiaryType,2025-06-27T01:00:01.463Z,true,94.05,2603.56,2697.6075410000003,1256196,
24,resultsByOrganization,2025-06-27T01:00:01.463Z,true,90.34,2599.05,2689.386625,1082594,
25,masterLocations,2025-06-27T01:00:01.463Z,true,54.68,2594.51,2649.1864170000003,880328,
26,masterBeneficiaryType,2025-06-27T01:00:01.463Z,true,1.25,2576.99,2578.240791,602,
27,projectSummaryProgress,2025-06-27T01:00:01.463Z,true,1294.84,4031.49,5326.333292,113317,
28,sectorsData,2025-06-27T01:00:01.463Z,true,328.85,4047.17,4376.017167,60860,
29,globalIndicators,2025-06-27T01:00:01.463Z,true,1621.2,7286.06,8907.251124999999,534218,
30,masterOrganizationsProgress,2025-06-27T01:00:01.463Z,true,1645.9,4164.96,5810.864709,1055853,
31,projectStatusMaster,2025-06-27T01:00:01.463Z,true,983.56,4064.92,5048.4794999999995,454520,
32,masterAllocationSource,2025-06-27T01:00:01.463Z,true,12.4,3993.23,4005.6338330000003,54,
33,masterSectorsVo2,2025-06-27T01:00:01.463Z,true,5.95,3998.12,4004.0670840000002,464,
34,masterGlobalIndicators,2025-06-27T01:00:01.463Z,true,3.35,3997.22,4000.5629579999995,57797,
35,masterEmergencies,2025-06-27T01:00:01.463Z,true,4.39,3993.55,3997.9395,2278,
36,projectSummary,2025-06-27T01:00:01.463Z,true,965.57,3990.14,4955.719458,159500,
37,projectSummaryAggregate,2025-06-27T01:00:01.463Z,true,1640.09,6030.32,7670.407458000001,467268,
38,HRPSummary,2025-06-27T01:00:01.463Z,true,3.09,3991.99,3995.076417,18666,
39,emergencySummary,2025-06-27T01:00:01.463Z,true,2293.84,4191.93,6485.766416,662142,
1,masterDonors,2025-06-28T01:00:01.046Z,true,1.53,458.87,460.404416,26321,
2,masterFunds,2025-06-28T01:00:01.046Z,true,7.31,355.01,362.327292,112548,
3,masterRegionalFunds,2025-06-28T01:00:01.046Z,true,6.73,350.77,357.50104100000004,1650,
4,masterAllocationTypes,2025-06-28T01:00:01.046Z,true,2.3,352.47,354.76937499999997,242,
5,launchedAllocationsData,2025-06-28T01:00:01.046Z,true,1511.23,6972.31,8483.53975,725286,
6,contributionsData,2025-06-28T01:00:01.046Z,true,20.13,335.8,355.925875,88904,
7,allocationFlowData,2025-06-28T01:00:01.046Z,true,3.29,4293.64,4296.924042000001,43741,
8,masterPooledFunds,2025-06-28T01:00:01.046Z,true,4.08,4286.39,4290.474999999999,2095,
9,masterPartners,2025-06-28T01:00:01.046Z,true,5.94,4286.33,4292.268542000001,107,
10,masterSubPartners,2025-06-28T01:00:01.046Z,true,4.34,4278.96,4283.293624999999,483,
11,allocationsData,2025-06-28T01:00:01.046Z,true,1344.58,4284.84,5629.42425,134005,
12,contributionsTotalData,2025-06-28T01:00:01.046Z,true,1765.63,4282.57,6048.205292000001,249975,
13,targetedPersonsData,2025-06-28T01:00:01.046Z,true,2082.99,4570.09,6653.081625,383546,
14,targetedPersonsDetailsData,2025-06-28T01:00:01.046Z,true,2749.79,4488.87,7238.657292,1991856,
15,dataGam,2025-06-28T01:00:01.046Z,true,1.77,5018.01,5019.783417000001,31111,
16,masterGam,2025-06-28T01:00:01.046Z,true,3.44,4271.37,4274.818375000001,947,
17,masterOrganizations,2025-06-28T01:00:01.046Z,true,2.41,2872.78,2875.194167,258,
18,masterSectors,2025-06-28T01:00:01.046Z,true,2.37,2942.7,2945.07,1386,
19,allocationsDataResults,2025-06-28T01:00:01.046Z,true,338.32,4268.92,4607.24325,62817,
20,resultsBySector,2025-06-28T01:00:01.046Z,true,88.16,2918.89,3007.050208,949131,
21,resultsByDisability,2025-06-28T01:00:01.046Z,true,67.04,2907.71,2974.7465,966554,
22,resultsByType,2025-06-28T01:00:01.046Z,true,74.28,3002.32,3076.596333,3071859,
23,resultsByBeneficiaryType,2025-06-28T01:00:01.046Z,true,89.03,2916.71,3005.740084,1256869,
24,resultsByOrganization,2025-06-28T01:00:01.046Z,true,53.14,2899.14,2952.279292,1083033,
25,masterLocations,2025-06-28T01:00:01.046Z,true,62.06,2945.22,3007.2747910000003,880975,
26,masterBeneficiaryType,2025-06-28T01:00:01.046Z,true,3.71,2894.87,2898.582458,602,
27,projectSummaryProgress,2025-06-28T01:00:01.046Z,true,1105.82,4545.64,5651.46025,113688,
28,sectorsData,2025-06-28T01:00:01.046Z,true,334.53,5515.83,5850.355917,61596,
29,globalIndicators,2025-06-28T01:00:01.046Z,true,1862.48,11477.09,13339.57375,534527,
30,masterOrganizationsProgress,2025-06-28T01:00:01.046Z,true,1519.29,5887.92,7407.207875,1056016,
31,projectStatusMaster,2025-06-28T01:00:01.046Z,true,661.2,4878.94,5540.133416,454514,
32,masterAllocationSource,2025-06-28T01:00:01.046Z,true,3.12,4262,4265.115583,54,
33,masterSectorsVo2,2025-06-28T01:00:01.046Z,true,1.24,4262.67,4263.912125,464,
34,masterGlobalIndicators,2025-06-28T01:00:01.046Z,true,5.13,4258.24,4263.371875,57797,
35,masterEmergencies,2025-06-28T01:00:01.046Z,true,2.45,4251.43,4253.88625,2278,
36,projectSummary,2025-06-28T01:00:01.046Z,true,987.24,4260.78,5248.019375,159992,
37,projectSummaryAggregate,2025-06-28T01:00:01.046Z,true,2198.46,5381.81,7580.261375,478341,
38,HRPSummary,2025-06-28T01:00:01.046Z,true,0.48,4451.17,4451.654458,18666,
39,emergencySummary,2025-06-28T01:00:01.046Z,true,2320.56,4436.03,6756.590042,664049,
1,masterDonors,2025-07-01T01:00:01.533Z,true,7.6,434.11,441.70637500000004,26321,
2,masterFunds,2025-07-01T01:00:01.533Z,true,7.67,358.08,365.741583,112548,
3,masterRegionalFunds,2025-07-01T01:00:01.533Z,true,9.01,351.54,360.54941600000006,1650,
4,masterAllocationTypes,2025-07-01T01:00:01.533Z,true,6.46,341.1,347.556292,242,
5,launchedAllocationsData,2025-07-01T01:00:01.533Z,true,1186.51,7220.92,8407.425792,727742,
6,contributionsData,2025-07-01T01:00:01.533Z,true,6.29,352.94,359.23079099999995,89026,
7,allocationFlowData,2025-07-01T01:00:01.533Z,true,1.11,4895.67,4896.778458,43743,
8,masterPooledFunds,2025-07-01T01:00:01.533Z,true,6.68,4706.15,4712.829916,2095,
9,masterPartners,2025-07-01T01:00:01.533Z,true,5.78,4711.31,4717.094,107,
10,masterSubPartners,2025-07-01T01:00:01.533Z,true,7.96,4701.78,4709.747875,483,
11,allocationsData,2025-07-01T01:00:01.533Z,true,1100.29,4709.51,5809.804875,134363,
12,contributionsTotalData,2025-07-01T01:00:01.533Z,true,1667.39,4708.82,6376.208542,249977,
13,targetedPersonsData,2025-07-01T01:00:01.533Z,true,1988.11,5275.88,7263.982041,383565,
14,targetedPersonsDetailsData,2025-07-01T01:00:01.533Z,true,2431.97,4786.03,7217.999167,1992285,
15,dataGam,2025-07-01T01:00:01.533Z,true,1.81,5780.35,5782.159583000001,31116,
16,masterGam,2025-07-01T01:00:01.533Z,true,9.59,4691.54,4701.134542,947,
17,masterOrganizations,2025-07-01T01:00:01.533Z,true,3.31,3186.64,3189.951166,258,
18,masterSectors,2025-07-01T01:00:01.533Z,true,5.03,3205.22,3210.24725,1386,
19,allocationsDataResults,2025-07-01T01:00:01.533Z,true,328.71,4695.41,5024.125292,62981,
20,resultsBySector,2025-07-01T01:00:01.533Z,true,48.57,3223.56,3272.13125,950451,
21,resultsByDisability,2025-07-01T01:00:01.533Z,true,64.46,3225.82,3290.283125,968098,
22,resultsByType,2025-07-01T01:00:01.533Z,true,85.13,3287.95,3373.073375,3074702,
23,resultsByBeneficiaryType,2025-07-01T01:00:01.533Z,true,58.71,3262.75,3321.467333,1258873,
24,resultsByOrganization,2025-07-01T01:00:01.533Z,true,59.16,3331.25,3390.4115,1084738,
25,masterLocations,2025-07-01T01:00:01.533Z,true,48.68,3231.77,3280.4527080000003,882354,
26,masterBeneficiaryType,2025-07-01T01:00:01.533Z,true,1.23,3200.17,3201.399167,602,
27,projectSummaryProgress,2025-07-01T01:00:01.533Z,true,999.58,4914.6,5914.172541999999,114548,
28,sectorsData,2025-07-01T01:00:01.533Z,true,328.04,5119.54,5447.5805,61903,
29,globalIndicators,2025-07-01T01:00:01.533Z,true,1992.44,8499.54,10491.974,536181,
30,masterOrganizationsProgress,2025-07-01T01:00:01.533Z,true,1548.15,4884.86,6433.002667000001,1057223,
31,projectStatusMaster,2025-07-01T01:00:01.533Z,true,657.94,4687.13,5345.068459,454523,
32,masterAllocationSource,2025-07-01T01:00:01.533Z,true,8.94,4680.12,4689.064875,54,
33,masterSectorsVo2,2025-07-01T01:00:01.533Z,true,5.5,4677.44,4682.9331250000005,464,
34,masterGlobalIndicators,2025-07-01T01:00:01.533Z,true,3.36,4685.48,4688.836166,57797,
35,masterEmergencies,2025-07-01T01:00:01.533Z,true,0.73,4686.57,4687.302584,2278,
36,projectSummary,2025-07-01T01:00:01.533Z,true,1002.62,4747.89,5750.510958,161205,
37,projectSummaryAggregate,2025-07-01T01:00:01.533Z,true,1868.7,6482.25,8350.956916000001,481140,
38,HRPSummary,2025-07-01T01:00:01.533Z,true,1.87,4683.22,4685.091708,18666,
39,emergencySummary,2025-07-01T01:00:01.533Z,true,1426.49,4674.96,6101.448292,663977,
1,masterDonors,2025-07-03T01:00:01.479Z,true,2.31,433.16,435.4645,26321,
2,masterFunds,2025-07-03T01:00:01.479Z,true,9.09,357.59,366.67925,112548,
3,masterRegionalFunds,2025-07-03T01:00:01.479Z,true,1.22,390.03,391.250125,1650,
4,masterAllocationTypes,2025-07-03T01:00:01.479Z,true,1.39,355.92,357.31183300000004,242,
5,launchedAllocationsData,2025-07-03T01:00:01.479Z,true,1750.36,6811.07,8561.422625000001,727761,
6,contributionsData,2025-07-03T01:00:01.479Z,true,19.79,340.53,360.316375,89116,
7,allocationFlowData,2025-07-03T01:00:01.479Z,true,2.13,4186.05,4188.1755,43801,
8,masterPooledFunds,2025-07-03T01:00:01.479Z,true,0.35,3934.83,3935.1810829999995,2095,
9,masterPartners,2025-07-03T01:00:01.479Z,true,0.31,3978.72,3979.037416,107,
10,masterSubPartners,2025-07-03T01:00:01.479Z,true,1.85,3975.2,3977.057584,483,
11,allocationsData,2025-07-03T01:00:01.479Z,true,1120.93,3981.93,5102.858875,134816,
12,contributionsTotalData,2025-07-03T01:00:01.479Z,true,2688.73,3997.99,6686.721584,250292,
13,targetedPersonsData,2025-07-03T01:00:01.479Z,true,2320.86,4619.48,6940.3385,383932,
14,targetedPersonsDetailsData,2025-07-03T01:00:01.479Z,true,2365.41,4542.27,6907.685292,1993797,
15,dataGam,2025-07-03T01:00:01.479Z,true,1.91,4745.42,4747.323958,31157,
16,masterGam,2025-07-03T01:00:01.479Z,true,3.54,3964.95,3968.4943749999998,947,
17,masterOrganizations,2025-07-03T01:00:01.479Z,true,2.46,2565.21,2567.678583,258,
18,masterSectors,2025-07-03T01:00:01.479Z,true,1.55,2569.76,2571.305875,1386,
19,allocationsDataResults,2025-07-03T01:00:01.479Z,true,332.34,3925.76,4258.100667,63174,
20,resultsBySector,2025-07-03T01:00:01.479Z,true,42.92,2604.68,2647.600541,952337,
21,resultsByDisability,2025-07-03T01:00:01.479Z,true,43.79,2664,2707.788958,969609,
22,resultsByType,2025-07-03T01:00:01.479Z,true,78.26,2689.8,2768.06175,3077360,
23,resultsByBeneficiaryType,2025-07-03T01:00:01.479Z,true,44.92,2647.09,2692.016583,1260403,
24,resultsByOrganization,2025-07-03T01:00:01.479Z,true,46.62,2612.34,2658.9560840000004,1086269,
25,masterLocations,2025-07-03T01:00:01.479Z,true,27.93,2592.84,2620.771959,882990,
26,masterBeneficiaryType,2025-07-03T01:00:01.479Z,true,4.92,2588.2,2593.125167,602,
27,projectSummaryProgress,2025-07-03T01:00:01.479Z,true,1351.35,4101.29,5452.639416999999,118379,
28,sectorsData,2025-07-03T01:00:01.479Z,true,338.82,4435.03,4773.847917,63992,
29,globalIndicators,2025-07-03T01:00:01.479Z,true,2020.37,8175.04,10195.413457999999,540037,
30,masterOrganizationsProgress,2025-07-03T01:00:01.479Z,true,1702.11,4607.14,6309.255083,1057354,
31,projectStatusMaster,2025-07-03T01:00:01.479Z,true,463.29,4281.63,4744.922834,454507,
32,masterAllocationSource,2025-07-03T01:00:01.479Z,true,0.37,3944.08,3944.4420420000006,54,
33,masterSectorsVo2,2025-07-03T01:00:01.479Z,true,1.19,3955.36,3956.545125,464,
34,masterGlobalIndicators,2025-07-03T01:00:01.479Z,true,2.13,3851.03,3853.16025,57797,
35,masterEmergencies,2025-07-03T01:00:01.479Z,true,3.5,3943.09,3946.586958,2278,
36,projectSummary,2025-07-03T01:00:01.479Z,true,1003.1,3949.76,4952.860459,166472,
37,projectSummaryAggregate,2025-07-03T01:00:01.479Z,true,2783.59,5639.33,8422.914125000001,496421,
38,HRPSummary,2025-07-03T01:00:01.479Z,true,0.62,4088.55,4089.1654170000006,18666,
39,emergencySummary,2025-07-03T01:00:01.479Z,true,1676.19,3959.24,5635.436208,665860,
1,masterDonors,2025-07-07T01:00:01.190Z,true,6.31,425.1,431.406917,26321,
2,masterFunds,2025-07-07T01:00:01.190Z,true,18.53,347.79,366.31870799999996,112548,
3,masterRegionalFunds,2025-07-07T01:00:01.190Z,true,4.12,357.24,361.36,1650,
4,masterAllocationTypes,2025-07-07T01:00:01.190Z,true,1.24,351.24,352.48320899999993,242,
5,launchedAllocationsData,2025-07-07T01:00:01.190Z,true,1639.86,5315.39,6955.248500000001,727883,
6,contributionsData,2025-07-07T01:00:01.190Z,true,6.37,353.45,359.820917,89116,
7,allocationFlowData,2025-07-07T01:00:01.190Z,true,1.82,4030.05,4031.872875,43804,
8,masterPooledFunds,2025-07-07T01:00:01.190Z,true,0.6,3994.51,3995.1126670000003,2095,
9,masterPartners,2025-07-07T01:00:01.190Z,true,0.28,3962.21,3962.487375,107,
10,masterSubPartners,2025-07-07T01:00:01.190Z,true,2.99,3993.74,3996.7231250000004,483,
11,allocationsData,2025-07-07T01:00:01.190Z,true,1092.35,3996.61,5088.964708,134782,
12,contributionsTotalData,2025-07-07T01:00:01.190Z,true,1434.93,3993.94,5428.877166,250565,
13,targetedPersonsData,2025-07-07T01:00:01.190Z,true,2022.99,4026.74,6049.734125,384009,
14,targetedPersonsDetailsData,2025-07-07T01:00:01.190Z,true,2525.69,4019.94,6545.637250000001,1994726,
15,dataGam,2025-07-07T01:00:01.190Z,true,2.06,4331.39,4333.448334000001,31194,
16,masterGam,2025-07-07T01:00:01.190Z,true,1.15,3987.73,3988.8857909999997,947,
17,masterOrganizations,2025-07-07T01:00:01.190Z,true,5.46,2197.54,2202.994,258,
18,masterSectors,2025-07-07T01:00:01.190Z,true,4.26,2200.51,2204.7743330000003,1386,
19,allocationsDataResults,2025-07-07T01:00:01.190Z,true,337.25,4015.43,4352.6765,63154,
20,resultsBySector,2025-07-07T01:00:01.190Z,true,78.07,2249.21,2327.2792090000003,952337,
21,resultsByDisability,2025-07-07T01:00:01.190Z,true,69.58,2271.2,2340.7835,969609,
22,resultsByType,2025-07-07T01:00:01.190Z,true,77.83,2321.41,2399.239833,3077360,
23,resultsByBeneficiaryType,2025-07-07T01:00:01.190Z,true,56.64,2230.09,2286.731417,1260403,
24,resultsByOrganization,2025-07-07T01:00:01.190Z,true,72.75,2238.36,2311.105167,1086269,
25,masterLocations,2025-07-07T01:00:01.190Z,true,28.45,2231.56,2260.0035,882990,
26,masterBeneficiaryType,2025-07-07T01:00:01.190Z,true,1.37,2194.8,2196.170667,602,
27,projectSummaryProgress,2025-07-07T01:00:01.190Z,true,1012.68,3972.11,4984.794625,120789,
28,sectorsData,2025-07-07T01:00:01.190Z,true,335.12,4002.78,4337.9090830000005,65369,
29,globalIndicators,2025-07-07T01:00:01.190Z,true,2686.66,6736.7,9423.359708999998,543372,
30,masterOrganizationsProgress,2025-07-07T01:00:01.190Z,true,1682.91,4004.92,5687.834124999999,1058395,
31,projectStatusMaster,2025-07-07T01:00:01.190Z,true,356.55,4079.43,4435.9785839999995,454468,
32,masterAllocationSource,2025-07-07T01:00:01.190Z,true,1.31,3965.92,3967.2275,54,
33,masterSectorsVo2,2025-07-07T01:00:01.190Z,true,1.57,3998.15,3999.7175,464,
34,masterGlobalIndicators,2025-07-07T01:00:01.190Z,true,0.82,4018.52,4019.3437919999997,57797,
35,masterEmergencies,2025-07-07T01:00:01.190Z,true,0.85,4002.85,4003.7018749999997,2278,
36,projectSummary,2025-07-07T01:00:01.190Z,true,1116.07,4024,5140.077458999999,169789,
37,projectSummaryAggregate,2025-07-07T01:00:01.190Z,true,1865.73,4569.3,6435.034583,505636,
38,HRPSummary,2025-07-07T01:00:01.190Z,true,2.63,3964.88,3967.5045419999997,18666,
39,emergencySummary,2025-07-07T01:00:01.190Z,true,2099.36,3967.64,6067.005999999999,667310,
1,masterDonors,2025-07-08T01:00:01.299Z,true,5.4,417.29,422.681625,26321,
2,masterFunds,2025-07-08T01:00:01.299Z,true,11.42,341.48,352.89187499999997,112548,
3,masterRegionalFunds,2025-07-08T01:00:01.299Z,true,4.49,342.48,346.966625,1650,
4,masterAllocationTypes,2025-07-08T01:00:01.299Z,true,6.71,328.58,335.287583,242,
5,launchedAllocationsData,2025-07-08T01:00:01.299Z,true,1599.53,8092.25,9691.778790999999,728764,
6,contributionsData,2025-07-08T01:00:01.299Z,true,5.85,341.99,347.84754200000003,89116,
7,allocationFlowData,2025-07-08T01:00:01.299Z,true,13.44,5715.9,5729.331792000001,43804,
8,masterPooledFunds,2025-07-08T01:00:01.299Z,true,0.45,5752.99,5753.438042000001,2095,
9,masterPartners,2025-07-08T01:00:01.299Z,true,0.48,5775.65,5776.128124999999,107,
10,masterSubPartners,2025-07-08T01:00:01.299Z,true,1.42,5753.76,5755.179542,483,
11,allocationsData,2025-07-08T01:00:01.299Z,true,1111.38,5723.01,6834.385208,134782,
12,contributionsTotalData,2025-07-08T01:00:01.299Z,true,1748.66,5748.73,7497.398583,250565,
13,targetedPersonsData,2025-07-08T01:00:01.299Z,true,2096.27,5717.77,7814.035875,384027,
14,targetedPersonsDetailsData,2025-07-08T01:00:01.299Z,true,2342.61,5713.61,8056.2242909999995,1994901,
15,dataGam,2025-07-08T01:00:01.299Z,true,1.77,7053.87,7055.633833000001,31194,
16,masterGam,2025-07-08T01:00:01.299Z,true,0.4,5746.92,5747.324292,947,
17,masterOrganizations,2025-07-08T01:00:01.299Z,true,1.56,2892.09,2893.646541,258,
18,masterSectors,2025-07-08T01:00:01.299Z,true,2.16,2919.18,2921.335958,1386,
19,allocationsDataResults,2025-07-08T01:00:01.299Z,true,333,5697.13,6030.134,63154,
20,resultsBySector,2025-07-08T01:00:01.299Z,true,95.03,2946.71,3041.7379579999997,952337,
21,resultsByDisability,2025-07-08T01:00:01.299Z,true,62.22,2944.01,3006.2270829999998,969609,
22,resultsByType,2025-07-08T01:00:01.299Z,true,105.54,3001.01,3106.553667,3077360,
23,resultsByBeneficiaryType,2025-07-08T01:00:01.299Z,true,97.8,2952.33,3050.129042,1260403,
24,resultsByOrganization,2025-07-08T01:00:01.299Z,true,93.09,2947.9,3040.996833,1086269,
25,masterLocations,2025-07-08T01:00:01.299Z,true,27.63,2931.97,2959.6045,882990,
26,masterBeneficiaryType,2025-07-08T01:00:01.299Z,true,0.86,2912.61,2913.468625,602,
27,projectSummaryProgress,2025-07-08T01:00:01.299Z,true,988.98,5696.24,6685.212417,120865,
28,sectorsData,2025-07-08T01:00:01.299Z,true,334.77,5728.1,6062.868667,65405,
29,globalIndicators,2025-07-08T01:00:01.299Z,true,1854.85,8864.6,10719.454208000001,543296,
30,masterOrganizationsProgress,2025-07-08T01:00:01.299Z,true,1644.49,5729,7373.4935,1058358,
31,projectStatusMaster,2025-07-08T01:00:01.299Z,true,997.72,5696.27,6693.993417000001,454425,
32,masterAllocationSource,2025-07-08T01:00:01.299Z,true,8.4,5683.45,5691.848333,54,
33,masterSectorsVo2,2025-07-08T01:00:01.299Z,true,5.68,5685.61,5691.291542,464,
34,masterGlobalIndicators,2025-07-08T01:00:01.299Z,true,11.04,5688.55,5699.5927919999995,57797,
35,masterEmergencies,2025-07-08T01:00:01.299Z,true,6.28,5691.59,5697.867958,2278,
36,projectSummary,2025-07-08T01:00:01.299Z,true,1320.9,5691.99,7012.897583,169789,
37,projectSummaryAggregate,2025-07-08T01:00:01.299Z,true,1655.44,6782.39,8437.822833999999,505636,
38,HRPSummary,2025-07-08T01:00:01.299Z,true,2.11,5692.22,5694.326959,18666,
39,emergencySummary,2025-07-08T01:00:01.299Z,true,2332.28,5715.91,8048.193875000001,667310,
1,masterDonors,2025-07-09T01:05:54.845Z,true,1.7,6668.27,6669.964208,26321,
2,masterFunds,2025-07-09T01:05:54.845Z,true,14.5,6585.49,6599.985834,112548,
3,masterRegionalFunds,2025-07-09T01:05:54.845Z,true,18.02,6575.31,6593.329,1650,
4,masterAllocationTypes,2025-07-09T01:05:54.845Z,true,2.16,6588.46,6590.613625,242,
5,launchedAllocationsData,2025-07-09T01:05:54.845Z,true,1356.33,12159.68,13516.008749999999,729026,
6,contributionsData,2025-07-09T01:05:54.845Z,true,4.38,6596.61,6600.984,89116,
7,allocationFlowData,2025-07-09T01:05:54.845Z,true,6.38,10708.02,10714.403125,43943,
8,masterPooledFunds,2025-07-09T01:05:54.845Z,true,0.36,10252.16,10252.517333,2095,
9,masterPartners,2025-07-09T01:05:54.845Z,true,0.4,10259.32,10259.719791,107,
10,masterSubPartners,2025-07-09T01:05:54.845Z,true,2.77,10699.29,10702.067958,483,
11,allocationsData,2025-07-09T01:05:54.845Z,true,1340.79,10293.88,11634.671167,134916,
12,contributionsTotalData,2025-07-09T01:05:54.845Z,true,2695.15,10702.71,13397.865416,250578,
13,targetedPersonsData,2025-07-09T01:05:54.845Z,true,2696.72,10958.85,13655.568333000001,384978,
14,targetedPersonsDetailsData,2025-07-09T01:05:54.845Z,true,2475.05,10836.82,13311.868875,1997236,
15,dataGam,2025-07-09T01:05:54.845Z,true,1.67,11033.93,11035.599417,31270,
16,masterGam,2025-07-09T01:05:54.845Z,true,0.21,10264.69,10264.893291,947,
17,masterOrganizations,2025-07-09T01:05:54.845Z,true,0.78,9153.81,9154.590625,258,
18,masterSectors,2025-07-09T01:05:54.845Z,true,1.21,9144.12,9145.332584,1386,
19,allocationsDataResults,2025-07-09T01:05:54.845Z,true,332.28,10562.25,10894.524208,63240,
20,resultsBySector,2025-07-09T01:05:54.845Z,true,51.74,9250.31,9302.047458000001,952337,
21,resultsByDisability,2025-07-09T01:05:54.845Z,true,61.78,9175.44,9237.218083,969609,
22,resultsByType,2025-07-09T01:05:54.845Z,true,90.56,9268.7,9359.261958000001,3077360,
23,resultsByBeneficiaryType,2025-07-09T01:05:54.845Z,true,69.42,9174.89,9244.3045,1260403,
24,resultsByOrganization,2025-07-09T01:05:54.845Z,true,90.33,9179.35,9269.677083,1086269,
25,masterLocations,2025-07-09T01:05:54.845Z,true,68.99,9182.83,9251.818249999998,882990,
26,masterBeneficiaryType,2025-07-09T01:05:54.845Z,true,3.21,9133.16,9136.374667,602,
27,projectSummaryProgress,2025-07-09T01:05:54.845Z,true,996.29,10681.85,11678.141333,127705,
28,sectorsData,2025-07-09T01:05:54.845Z,true,336.06,10685.96,11022.01275,68731,
29,globalIndicators,2025-07-09T01:05:54.845Z,true,2670.43,14131.93,16802.358042,546951,
30,masterOrganizationsProgress,2025-07-09T01:05:54.845Z,true,1614.25,10681.88,12296.123542,1059107,
31,projectStatusMaster,2025-07-09T01:05:54.845Z,true,676.01,10801.71,11477.718834,454539,
32,masterAllocationSource,2025-07-09T01:05:54.845Z,true,0.31,10239.43,10239.744292,54,
33,masterSectorsVo2,2025-07-09T01:05:54.845Z,true,3.76,10675.15,10678.907541999999,464,
34,masterGlobalIndicators,2025-07-09T01:05:54.845Z,true,1.2,10249.59,10250.792083,57797,
35,masterEmergencies,2025-07-09T01:05:54.845Z,true,1.93,10676.06,10677.98675,2278,
36,projectSummary,2025-07-09T01:05:54.845Z,true,1696.06,10684.23,12380.287999999999,180732,
37,projectSummaryAggregate,2025-07-09T01:05:54.845Z,true,3366.62,11866.63,15233.242625,536245,
38,HRPSummary,2025-07-09T01:05:54.845Z,true,9.6,10670.25,10679.847249999999,18666,
39,emergencySummary,2025-07-09T01:05:54.845Z,true,3677.11,10681.01,14358.126792,672216,
1,masterDonors,2025-07-10T01:00:00.916Z,true,2.85,714.36,717.200458,26321,
2,masterFunds,2025-07-10T01:00:00.916Z,true,14.19,654.15,668.348208,112548,
3,masterRegionalFunds,2025-07-10T01:00:00.916Z,true,9.7,635.9,645.605,1650,
4,masterAllocationTypes,2025-07-10T01:00:00.916Z,true,1.18,640.01,641.1861670000001,242,
5,launchedAllocationsData,2025-07-10T01:00:00.916Z,true,2055.32,7084.57,9139.894084,729020,
6,contributionsData,2025-07-10T01:00:00.916Z,true,19.26,624.8,644.059042,89116,
7,allocationFlowData,2025-07-10T01:00:00.916Z,true,1.87,4683.53,4685.394791000001,43943,
8,masterPooledFunds,2025-07-10T01:00:00.916Z,true,2.28,4516.36,4518.647166,2095,
9,masterPartners,2025-07-10T01:00:00.916Z,true,0.33,4542.25,4542.5732499999995,107,
10,masterSubPartners,2025-07-10T01:00:00.916Z,true,0.57,4448.6,4449.171583,483,
11,allocationsData,2025-07-10T01:00:00.916Z,true,1718.44,4516.38,6234.824125,134894,
12,contributionsTotalData,2025-07-10T01:00:00.916Z,true,4553.01,4603.47,9156.482708000001,250582,
13,targetedPersonsData,2025-07-10T01:00:00.916Z,true,3539.08,5043.42,8582.499083,384988,
14,targetedPersonsDetailsData,2025-07-10T01:00:00.916Z,true,7242.14,4866.39,12108.531959,1997664,
15,dataGam,2025-07-10T01:00:00.916Z,true,1.51,5152.09,5153.597707999999,31310,
16,masterGam,2025-07-10T01:00:00.916Z,true,3.24,4508.64,4511.8835,947,
17,masterOrganizations,2025-07-10T01:00:00.916Z,true,1.9,3193.87,3195.770208,258,
18,masterSectors,2025-07-10T01:00:00.916Z,true,4.31,3184.33,3188.637041,1386,
19,allocationsDataResults,2025-07-10T01:00:00.916Z,true,403.93,4440.97,4844.898667,63223,
20,resultsBySector,2025-07-10T01:00:00.916Z,true,331.34,3228.23,3559.5680420000003,952337,
21,resultsByDisability,2025-07-10T01:00:00.916Z,true,335.07,3216.45,3551.516125,969609,
22,resultsByType,2025-07-10T01:00:00.916Z,true,723.27,3226.38,3949.644875,3077360,
23,resultsByBeneficiaryType,2025-07-10T01:00:00.916Z,true,337.8,3218.49,3556.2904169999997,1260403,
24,resultsByOrganization,2025-07-10T01:00:00.916Z,true,336.72,3221.21,3557.930041,1086269,
25,masterLocations,2025-07-10T01:00:00.916Z,true,179.95,3179.92,3359.868375,882990,
26,masterBeneficiaryType,2025-07-10T01:00:00.916Z,true,4.62,3181.74,3186.3541670000004,602,
27,projectSummaryProgress,2025-07-10T01:00:00.916Z,true,1149.9,4635.32,5785.219167,128875,
28,sectorsData,2025-07-10T01:00:00.916Z,true,352.99,4802.22,5155.209709000001,69067,
29,globalIndicators,2025-07-10T01:00:00.916Z,true,3676.85,8128.7,11805.558583,547648,
30,masterOrganizationsProgress,2025-07-10T01:00:00.916Z,true,5746.38,4927.93,10674.304666,1059490,
31,projectStatusMaster,2025-07-10T01:00:00.916Z,true,731.53,4757.19,5488.716292,454556,
32,masterAllocationSource,2025-07-10T01:00:00.916Z,true,4.22,4489.7,4493.92475,54,
33,masterSectorsVo2,2025-07-10T01:00:00.916Z,true,0.31,4528.04,4528.352792,464,
34,masterGlobalIndicators,2025-07-10T01:00:00.916Z,true,1.26,4603.23,4604.491625,57797,
35,masterEmergencies,2025-07-10T01:00:00.916Z,true,0.36,4545.27,4545.625,2278,
36,projectSummary,2025-07-10T01:00:00.916Z,true,1610.04,4494.34,6104.371291,182179,
37,projectSummaryAggregate,2025-07-10T01:00:00.916Z,true,3217.83,5889.42,9107.249625,538464,
38,HRPSummary,2025-07-10T01:00:00.916Z,true,1.11,4540.19,4541.296125,18666,
39,emergencySummary,2025-07-10T01:00:00.916Z,true,4877.87,4611.65,9489.519167,673210,
1,masterDonors,2025-07-11T01:00:01.385Z,true,16.53,419.08,435.6095,26321,
2,masterFunds,2025-07-11T01:00:01.385Z,true,11.64,346.31,357.95037500000007,112548,
3,masterRegionalFunds,2025-07-11T01:00:01.385Z,true,4.03,347.3,351.328792,1650,
4,masterAllocationTypes,2025-07-11T01:00:01.385Z,true,1.12,348.33,349.453541,242,
5,launchedAllocationsData,2025-07-11T01:00:01.385Z,true,1653.84,6141.63,7795.473874999999,730557,
6,contributionsData,2025-07-11T01:00:01.385Z,true,4.66,348.77,353.43337500000007,89116,
7,allocationFlowData,2025-07-11T01:00:01.385Z,true,2.22,4589.54,4591.767708,43971,
8,masterPooledFunds,2025-07-11T01:00:01.385Z,true,4.21,4468.1,4472.311042,2095,
9,masterPartners,2025-07-11T01:00:01.385Z,true,7.01,4464.16,4471.168417,107,
10,masterSubPartners,2025-07-11T01:00:01.385Z,true,5.52,4464.14,4469.655333,483,
11,allocationsData,2025-07-11T01:00:01.385Z,true,1335.26,4468.18,5803.434832999999,135047,
12,contributionsTotalData,2025-07-11T01:00:01.385Z,true,2295.3,4470.3,6765.601125,250582,
13,targetedPersonsData,2025-07-11T01:00:01.385Z,true,2421.67,4710.03,7131.709125,385159,
14,targetedPersonsDetailsData,2025-07-11T01:00:01.385Z,true,2486.05,4469.66,6955.709917,1997960,
15,dataGam,2025-07-11T01:00:01.385Z,true,1.42,4957.52,4958.9452089999995,31311,
16,masterGam,2025-07-11T01:00:01.385Z,true,2.96,4459.21,4462.173583000001,947,
17,masterOrganizations,2025-07-11T01:00:01.385Z,true,2.49,2854.25,2856.7458340000003,258,
18,masterSectors,2025-07-11T01:00:01.385Z,true,1.57,2871.85,2873.422166,1386,
19,allocationsDataResults,2025-07-11T01:00:01.385Z,true,327.95,4454.55,4782.496791,63313,
20,resultsBySector,2025-07-11T01:00:01.385Z,true,57.03,2873.21,2930.239709,952337,
21,resultsByDisability,2025-07-11T01:00:01.385Z,true,74.76,2906.69,2981.4552919999996,969609,
22,resultsByType,2025-07-11T01:00:01.385Z,true,72.88,2983.62,3056.5018330000003,3077360,
23,resultsByBeneficiaryType,2025-07-11T01:00:01.385Z,true,74.96,2916.52,2991.4756669999997,1260403,
24,resultsByOrganization,2025-07-11T01:00:01.385Z,true,71.24,2897.06,2968.298792,1086269,
25,masterLocations,2025-07-11T01:00:01.385Z,true,65.21,2917.87,2983.0815000000002,882990,
26,masterBeneficiaryType,2025-07-11T01:00:01.385Z,true,1.78,2978.29,2980.064333,602,
27,projectSummaryProgress,2025-07-11T01:00:01.385Z,true,664.17,4499.73,5163.896958,129646,
28,sectorsData,2025-07-11T01:00:01.385Z,true,327.42,4500.17,4827.584667,69737,
29,globalIndicators,2025-07-11T01:00:01.385Z,true,1511.65,8986.87,10498.522875,548326,
30,masterOrganizationsProgress,2025-07-11T01:00:01.385Z,true,1748.94,4621.26,6370.200458,1059542,
31,projectStatusMaster,2025-07-11T01:00:01.385Z,true,759.53,4454.29,5213.816042,454467,
32,masterAllocationSource,2025-07-11T01:00:01.385Z,true,1.46,4453.06,4454.526709,54,
33,masterSectorsVo2,2025-07-11T01:00:01.385Z,true,6.29,4446.84,4453.123292,464,
34,masterGlobalIndicators,2025-07-11T01:00:01.385Z,true,3.02,4450.77,4453.794417,57797,
35,masterEmergencies,2025-07-11T01:00:01.385Z,true,4.81,4447.22,4452.025541999999,2278,
36,projectSummary,2025-07-11T01:00:01.385Z,true,979.48,4443.6,5423.082708,183135,
37,projectSummaryAggregate,2025-07-11T01:00:01.385Z,true,2305.12,5708.91,8014.029417000001,550212,
38,HRPSummary,2025-07-11T01:00:01.385Z,true,3.28,4447.11,4450.3904999999995,18666,
39,emergencySummary,2025-07-11T01:00:01.385Z,true,1999.78,4579.62,6579.395292,673553,
1,masterDonors,2025-07-12T01:00:01.229Z,true,8.07,412.51,420.588125,26321,
2,masterFunds,2025-07-12T01:00:01.229Z,true,21.69,330.97,352.66029199999997,112548,
3,masterRegionalFunds,2025-07-12T01:00:01.229Z,true,8.98,338.65,347.63520800000003,1650,
4,masterAllocationTypes,2025-07-12T01:00:01.229Z,true,1.69,340.62,342.30883400000005,242,
5,launchedAllocationsData,2025-07-12T01:00:01.229Z,true,1640.34,7999.09,9639.43175,730552,
6,contributionsData,2025-07-12T01:00:01.229Z,true,6.73,340.53,347.26075,89116,
7,allocationFlowData,2025-07-12T01:00:01.229Z,true,5.07,5600.6,5605.670416,43971,
8,masterPooledFunds,2025-07-12T01:00:01.229Z,true,3.46,5442.72,5446.182957999999,2095,
9,masterPartners,2025-07-12T01:00:01.229Z,true,4.41,5440.78,5445.195625,107,
10,masterSubPartners,2025-07-12T01:00:01.229Z,true,1.72,5598.64,5600.359542,483,
11,allocationsData,2025-07-12T01:00:01.229Z,true,989.76,5441.81,6431.574875,134961,
12,contributionsTotalData,2025-07-12T01:00:01.229Z,true,1648.28,5593.83,7242.109584000001,250579,
13,targetedPersonsData,2025-07-12T01:00:01.229Z,true,2177.29,5637.4,7814.686166999999,385167,
14,targetedPersonsDetailsData,2025-07-12T01:00:01.229Z,true,2320.77,5628.37,7949.138833000001,1998226,
15,dataGam,2025-07-12T01:00:01.229Z,true,1.17,5726.31,5727.476583,31312,
16,masterGam,2025-07-12T01:00:01.229Z,true,2.62,5434.31,5436.935917,947,
17,masterOrganizations,2025-07-12T01:00:01.229Z,true,1.61,3190.81,3192.4130830000004,258,
18,masterSectors,2025-07-12T01:00:01.229Z,true,1.37,3206.54,3207.908083,1386,
19,allocationsDataResults,2025-07-12T01:00:01.229Z,true,328.03,5431.98,5760.014708,63268,
20,resultsBySector,2025-07-12T01:00:01.229Z,true,42.83,3327.18,3370.015875,952337,
21,resultsByDisability,2025-07-12T01:00:01.229Z,true,32.26,3237.9,3270.162417,969609,
22,resultsByType,2025-07-12T01:00:01.229Z,true,86.64,3327.53,3414.167458,3077360,
23,resultsByBeneficiaryType,2025-07-12T01:00:01.229Z,true,67.47,3260.63,3328.102708,1260403,
24,resultsByOrganization,2025-07-12T01:00:01.229Z,true,55.42,3263.83,3319.245625,1086269,
25,masterLocations,2025-07-12T01:00:01.229Z,true,32.46,3250.9,3283.366,882990,
26,masterBeneficiaryType,2025-07-12T01:00:01.229Z,true,0.85,3201.66,3202.5049579999995,602,
27,projectSummaryProgress,2025-07-12T01:00:01.229Z,true,1432.93,5618.2,7051.125958,130399,
28,sectorsData,2025-07-12T01:00:01.229Z,true,333.25,6171.4,6504.643042,70370,
29,globalIndicators,2025-07-12T01:00:01.229Z,true,1972.16,10354.44,12326.604209,549278,
30,masterOrganizationsProgress,2025-07-12T01:00:01.229Z,true,1666.01,7323.85,8989.861832999999,1060035,
31,projectStatusMaster,2025-07-12T01:00:01.229Z,true,754.9,5824.43,6579.321457999999,454523,
32,masterAllocationSource,2025-07-12T01:00:01.229Z,true,1.11,5576.35,5577.456833,54,
33,masterSectorsVo2,2025-07-12T01:00:01.229Z,true,0.52,5576.36,5576.884375000001,464,
34,masterGlobalIndicators,2025-07-12T01:00:01.229Z,true,1.5,5576.88,5578.388166999999,57797,
35,masterEmergencies,2025-07-12T01:00:01.229Z,true,0.44,5613.11,5613.5464999999995,2278,
36,projectSummary,2025-07-12T01:00:01.229Z,true,1096.43,5609.31,6705.743292,184209,
37,projectSummaryAggregate,2025-07-12T01:00:01.229Z,true,2083.13,8299.11,10382.242375,552541,
38,HRPSummary,2025-07-12T01:00:01.229Z,true,0.34,6014.24,6014.577583,18666,
39,emergencySummary,2025-07-12T01:00:01.229Z,true,3079.62,5611.58,8691.20225,673984,
1,masterDonors,2025-07-13T01:00:00.929Z,true,16.9,441.07,457.96937499999996,26321,
2,masterFunds,2025-07-13T01:00:00.929Z,true,4.14,387.35,391.49741700000004,112548,
3,masterRegionalFunds,2025-07-13T01:00:00.929Z,true,7.71,373.99,381.700333,1650,
4,masterAllocationTypes,2025-07-13T01:00:00.929Z,true,1.8,376.49,378.291875,242,
5,launchedAllocationsData,2025-07-13T01:00:00.929Z,true,1333.68,9081.63,10415.305709,732315,
6,contributionsData,2025-07-13T01:00:00.929Z,true,12.04,369.16,381.199709,89116,
7,allocationFlowData,2025-07-13T01:00:00.929Z,true,7.61,4282.85,4290.466625,43971,
8,masterPooledFunds,2025-07-13T01:00:00.929Z,true,0.3,3456.61,3456.909083,2095,
9,masterPartners,2025-07-13T01:00:00.929Z,true,5.23,4263.36,4268.585959,107,
10,masterSubPartners,2025-07-13T01:00:00.929Z,true,9.68,4249.96,4259.636625,483,
11,allocationsData,2025-07-13T01:00:00.929Z,true,1313.82,4253.31,5567.125583,134961,
12,contributionsTotalData,2025-07-13T01:00:00.929Z,true,1746.59,4247.92,5994.505292,250571,
13,targetedPersonsData,2025-07-13T01:00:00.929Z,true,2092.92,4257.27,6350.18675,385167,
14,targetedPersonsDetailsData,2025-07-13T01:00:00.929Z,true,2328.1,4252.52,6580.622458999999,1998226,
15,dataGam,2025-07-13T01:00:00.929Z,true,0.94,5691.47,5692.418291,31312,
16,masterGam,2025-07-13T01:00:00.929Z,true,8.21,4239.85,4248.061542,947,
17,masterOrganizations,2025-07-13T01:00:00.929Z,true,1.59,2327.09,2328.67425,258,
18,masterSectors,2025-07-13T01:00:00.929Z,true,1.02,2341.05,2342.070208,1386,
19,allocationsDataResults,2025-07-13T01:00:00.929Z,true,324.2,4241.64,4565.840749999999,63268,
20,resultsBySector,2025-07-13T01:00:00.929Z,true,71.81,2373.37,2445.185625,952337,
21,resultsByDisability,2025-07-13T01:00:00.929Z,true,65.73,2379.46,2445.1932500000003,969609,
22,resultsByType,2025-07-13T01:00:00.929Z,true,100.1,2446.75,2546.848292,3077360,
23,resultsByBeneficiaryType,2025-07-13T01:00:00.929Z,true,86.91,2412.42,2499.333125,1260403,
24,resultsByOrganization,2025-07-13T01:00:00.929Z,true,80.59,2385.49,2466.079958,1086269,
25,masterLocations,2025-07-13T01:00:00.929Z,true,55.1,2383.45,2438.5445,882990,
26,masterBeneficiaryType,2025-07-13T01:00:00.929Z,true,1.03,2389.54,2390.568416,602,
27,projectSummaryProgress,2025-07-13T01:00:00.929Z,true,989.15,4239.54,5228.695875,130399,
28,sectorsData,2025-07-13T01:00:00.929Z,true,330.81,5927.08,6257.888666000001,70367,
29,globalIndicators,2025-07-13T01:00:00.929Z,true,1963.46,11239.52,13202.981666,549343,
30,masterOrganizationsProgress,2025-07-13T01:00:00.929Z,true,1655.88,5577.02,7232.890458,1060045,
31,projectStatusMaster,2025-07-13T01:00:00.929Z,true,651.7,4545.79,5197.490250000001,454583,
32,masterAllocationSource,2025-07-13T01:00:00.929Z,true,6.23,4230.94,4237.1717499999995,54,
33,masterSectorsVo2,2025-07-13T01:00:00.929Z,true,4.98,4232.59,4237.569625,464,
34,masterGlobalIndicators,2025-07-13T01:00:00.929Z,true,1.32,4419.09,4420.401333,57797,
35,masterEmergencies,2025-07-13T01:00:00.929Z,true,2.41,4233.62,4236.026167,2278,
36,projectSummary,2025-07-13T01:00:00.929Z,true,996.33,4416.61,5412.939875,184209,
37,projectSummaryAggregate,2025-07-13T01:00:00.929Z,true,1654.13,6868.57,8522.701708,552541,
38,HRPSummary,2025-07-13T01:00:00.929Z,true,1.82,4413.73,4415.543792,18666,
39,emergencySummary,2025-07-13T01:00:00.929Z,true,2305.86,4231.74,6537.598542000001,673904,
1,masterDonors,2025-07-14T01:00:00.866Z,true,14.3,460.21,474.515792,26321,
2,masterFunds,2025-07-14T01:00:00.866Z,true,9.07,353.11,362.177375,112548,
3,masterRegionalFunds,2025-07-14T01:00:00.866Z,true,7.15,346.72,353.872708,1650,
4,masterAllocationTypes,2025-07-14T01:00:00.866Z,true,1.55,346.71,348.26412500000004,242,
5,launchedAllocationsData,2025-07-14T01:00:00.866Z,true,1312.75,11360.54,12673.290541999999,732315,
6,contributionsData,2025-07-14T01:00:00.866Z,true,5.35,352.15,357.499541,89116,
7,allocationFlowData,2025-07-14T01:00:00.866Z,true,1.42,4439.44,4440.863167,43971,
8,masterPooledFunds,2025-07-14T01:00:00.866Z,true,0.81,4209.69,4210.50425,2095,
9,masterPartners,2025-07-14T01:00:00.866Z,true,0.28,4172.27,4172.541792,107,
10,masterSubPartners,2025-07-14T01:00:00.866Z,true,0.21,4188.31,4188.519249999999,483,
11,allocationsData,2025-07-14T01:00:00.866Z,true,662.81,4202.63,4865.435708,135135,
12,contributionsTotalData,2025-07-14T01:00:00.866Z,true,1315.12,4397.33,5712.451083,250577,
13,targetedPersonsData,2025-07-14T01:00:00.866Z,true,2288.73,5390.31,7679.038124999999,385174,
14,targetedPersonsDetailsData,2025-07-14T01:00:00.866Z,true,2287.7,4556.66,6844.358292,1998261,
15,dataGam,2025-07-14T01:00:00.866Z,true,5.8,4930.64,4936.43725,31312,
16,masterGam,2025-07-14T01:00:00.866Z,true,1.38,4160.73,4162.110458,947,
17,masterOrganizations,2025-07-14T01:00:00.866Z,true,1.55,2951.72,2953.2692500000003,258,
18,masterSectors,2025-07-14T01:00:00.866Z,true,1.39,2992.28,2993.661083,1386,
19,allocationsDataResults,2025-07-14T01:00:00.866Z,true,329.78,4159.73,4489.507875,63349,
20,resultsBySector,2025-07-14T01:00:00.866Z,true,49.46,2999.88,3049.335625,952337,
21,resultsByDisability,2025-07-14T01:00:00.866Z,true,57.03,3015.9,3072.9254170000004,969609,
22,resultsByType,2025-07-14T01:00:00.866Z,true,86.34,3087.98,3174.3254580000003,3077360,
23,resultsByBeneficiaryType,2025-07-14T01:00:00.866Z,true,70.44,3033.58,3104.0164999999997,1260403,
24,resultsByOrganization,2025-07-14T01:00:00.866Z,true,66.17,3045.8,3111.967583,1086269,
25,masterLocations,2025-07-14T01:00:00.866Z,true,49.77,2996.9,3046.669458,882990,
26,masterBeneficiaryType,2025-07-14T01:00:00.866Z,true,1.56,3086.02,3087.5802909999998,602,
27,projectSummaryProgress,2025-07-14T01:00:00.866Z,true,984.5,4448.89,5433.39225,130399,
28,sectorsData,2025-07-14T01:00:00.866Z,true,328.35,4252.66,4581.015584,70379,
29,globalIndicators,2025-07-14T01:00:00.866Z,true,1334.15,7714.64,9048.78975,549343,
30,masterOrganizationsProgress,2025-07-14T01:00:00.866Z,true,1521.7,4314.96,5836.668583,1060046,
31,projectStatusMaster,2025-07-14T01:00:00.866Z,true,656.7,4372.64,5029.3405,454492,
32,masterAllocationSource,2025-07-14T01:00:00.866Z,true,0.3,4175.54,4175.839916999999,54,
33,masterSectorsVo2,2025-07-14T01:00:00.866Z,true,0.34,4204.55,4204.886,464,
34,masterGlobalIndicators,2025-07-14T01:00:00.866Z,true,2.12,4179.31,4181.428042,57797,
35,masterEmergencies,2025-07-14T01:00:00.866Z,true,0.71,4105.63,4106.33475,2278,
36,projectSummary,2025-07-14T01:00:00.866Z,true,987.97,4181.03,5169.001833,184209,
37,projectSummaryAggregate,2025-07-14T01:00:00.866Z,true,2386.12,5637.31,8023.431875,552541,
38,HRPSummary,2025-07-14T01:00:00.866Z,true,0.41,4291.74,4292.15025,18666,
39,emergencySummary,2025-07-14T01:00:00.866Z,true,1747.35,4176.66,5924.0092079999995,673879,
1,masterDonors,2025-07-15T01:00:01.163Z,true,4.93,420.75,425.680166,26321,
2,masterFunds,2025-07-15T01:00:01.163Z,true,10.82,343.54,354.35829200000006,112548,
3,masterRegionalFunds,2025-07-15T01:00:01.163Z,true,1.11,361.37,362.47554099999996,1650,
4,masterAllocationTypes,2025-07-15T01:00:01.163Z,true,7.79,328.6,336.39083400000004,242,
5,launchedAllocationsData,2025-07-15T01:00:01.163Z,true,1301.29,11125.75,12427.045125,732326,
6,contributionsData,2025-07-15T01:00:01.163Z,true,6.3,342.47,348.777041,89116,
7,allocationFlowData,2025-07-15T01:00:01.163Z,true,1.74,3743.97,3745.702125,43971,
8,masterPooledFunds,2025-07-15T01:00:01.163Z,true,9.79,3726.81,3736.6027920000006,2095,
9,masterPartners,2025-07-15T01:00:01.163Z,true,8.34,3727.26,3735.597375,107,
10,masterSubPartners,2025-07-15T01:00:01.163Z,true,12.85,3720.93,3733.7863749999997,483,
11,allocationsData,2025-07-15T01:00:01.163Z,true,985.7,3726.59,4712.291292,135315,
12,contributionsTotalData,2025-07-15T01:00:01.163Z,true,1324.7,3728.87,5053.569041,250572,
13,targetedPersonsData,2025-07-15T01:00:01.163Z,true,1986.38,4106.09,6092.463,385186,
14,targetedPersonsDetailsData,2025-07-15T01:00:01.163Z,true,2649.72,3849.34,6499.0678339999995,1998386,
15,dataGam,2025-07-15T01:00:01.163Z,true,2.23,4463.84,4466.066375,31312,
16,masterGam,2025-07-15T01:00:01.163Z,true,11.18,3714.84,3726.018333,947,
17,masterOrganizations,2025-07-15T01:00:01.163Z,true,2.75,2162.19,2164.9393750000004,258,
18,masterSectors,2025-07-15T01:00:01.163Z,true,1.56,2180.1,2181.659708,1386,
19,allocationsDataResults,2025-07-15T01:00:01.163Z,true,338.04,3715.16,4053.1985830000003,63421,
20,resultsBySector,2025-07-15T01:00:01.163Z,true,58.74,2216.52,2275.254958,952337,
21,resultsByDisability,2025-07-15T01:00:01.163Z,true,69.8,2218.69,2288.485625,969609,
22,resultsByType,2025-07-15T01:00:01.163Z,true,93.31,2291.02,2384.327958,3077360,
23,resultsByBeneficiaryType,2025-07-15T01:00:01.163Z,true,87.89,2227.79,2315.6845000000003,1260403,
24,resultsByOrganization,2025-07-15T01:00:01.163Z,true,82.35,2223.41,2305.762791,1086269,
25,masterLocations,2025-07-15T01:00:01.163Z,true,40.03,2312.71,2352.740584,882990,
26,masterBeneficiaryType,2025-07-15T01:00:01.163Z,true,2.78,2309.65,2312.4285,602,
27,projectSummaryProgress,2025-07-15T01:00:01.163Z,true,977.03,3717.58,4694.608625,130502,
28,sectorsData,2025-07-15T01:00:01.163Z,true,326.25,3717.54,4043.795625,70416,
29,globalIndicators,2025-07-15T01:00:01.163Z,true,1419.48,6980.34,8399.823584,549400,
30,masterOrganizationsProgress,2025-07-15T01:00:01.163Z,true,1508.85,3712.3,5221.152416000001,1060065,
31,projectStatusMaster,2025-07-15T01:00:01.163Z,true,657.02,3822.82,4479.83975,454732,
32,masterAllocationSource,2025-07-15T01:00:01.163Z,true,3.5,3712.64,3716.1420840000005,54,
33,masterSectorsVo2,2025-07-15T01:00:01.163Z,true,5.47,3708.3,3713.7722089999997,464,
34,masterGlobalIndicators,2025-07-15T01:00:01.163Z,true,9.14,3706.06,3715.195417,57797,
35,masterEmergencies,2025-07-15T01:00:01.163Z,true,8.42,3703.56,3711.9839589999997,2278,
36,projectSummary,2025-07-15T01:00:01.163Z,true,1645.36,3817.58,5462.940375,184209,
37,projectSummaryAggregate,2025-07-15T01:00:01.163Z,false,,,,,The operation was aborted.
38,HRPSummary,2025-07-15T01:00:01.163Z,true,0.46,3835.27,3835.7322500000005,18666,
39,emergencySummary,2025-07-15T01:00:01.163Z,true,1335.07,3705.53,5040.601,673858,
1,masterDonors,2025-07-16T01:00:00.734Z,true,15.03,513.74,528.772333,26321,
2,masterFunds,2025-07-16T01:00:00.734Z,true,11.26,444.48,455.738208,112548,
3,masterRegionalFunds,2025-07-16T01:00:00.734Z,true,6.3,444.31,450.60408299999995,1650,
4,masterAllocationTypes,2025-07-16T01:00:00.734Z,true,1.42,443.71,445.13187500000004,242,
5,launchedAllocationsData,2025-07-16T01:00:00.734Z,true,1619.78,10352.07,11971.853333000001,732327,
6,contributionsData,2025-07-16T01:00:00.734Z,true,6.47,443.27,449.738792,89116,
7,allocationFlowData,2025-07-16T01:00:00.734Z,true,1.28,5370.81,5372.082042,43998,
8,masterPooledFunds,2025-07-16T01:00:00.734Z,true,0.24,5276.58,5276.812292,2095,
9,masterPartners,2025-07-16T01:00:00.734Z,true,1.32,5271.27,5272.590542,107,
10,masterSubPartners,2025-07-16T01:00:00.734Z,true,5.08,5265.56,5270.637125,483,
11,allocationsData,2025-07-16T01:00:00.734Z,true,1991.51,5267.83,7259.339583999999,135313,
12,contributionsTotalData,2025-07-16T01:00:00.734Z,true,2331.95,5259.15,7591.1040840000005,250514,
13,targetedPersonsData,2025-07-16T01:00:00.734Z,true,4024.88,5398.24,9423.121959,385389,
14,targetedPersonsDetailsData,2025-07-16T01:00:00.734Z,true,2787.38,5263.3,8050.672792000001,2000489,
15,dataGam,2025-07-16T01:00:00.734Z,true,1.06,6388,6389.061208,31316,
16,masterGam,2025-07-16T01:00:00.734Z,true,6.36,5253.55,5259.911042,947,
17,masterOrganizations,2025-07-16T01:00:00.734Z,true,5.03,3579.06,3584.094,258,
18,masterSectors,2025-07-16T01:00:00.734Z,true,2.81,3580.05,3582.859541,1386,
19,allocationsDataResults,2025-07-16T01:00:00.734Z,true,371.63,5247.95,5619.587667,63419,
20,resultsBySector,2025-07-16T01:00:00.734Z,true,282.85,3645.11,3927.961041,952337,
21,resultsByDisability,2025-07-16T01:00:00.734Z,true,298.82,3591.19,3890.006333,969609,
22,resultsByType,2025-07-16T01:00:00.734Z,true,1121.45,3725.11,4846.5585,3077360,
23,resultsByBeneficiaryType,2025-07-16T01:00:00.734Z,true,298.91,3602.36,3901.2735409999996,1260403,
24,resultsByOrganization,2025-07-16T01:00:00.734Z,true,297.19,3600.22,3897.410291,1086269,
25,masterLocations,2025-07-16T01:00:00.734Z,true,92.14,3596.61,3688.7566249999995,882990,
26,masterBeneficiaryType,2025-07-16T01:00:00.734Z,true,1.41,3579.7,3581.102584,602,
27,projectSummaryProgress,2025-07-16T01:00:00.734Z,true,2024.78,5251.44,7276.223,136332,
28,sectorsData,2025-07-16T01:00:00.734Z,true,429.95,5494.12,5924.070083,73047,
29,globalIndicators,2025-07-16T01:00:00.734Z,true,3571.13,9849.75,13420.881583,552946,
30,masterOrganizationsProgress,2025-07-16T01:00:00.734Z,true,2120.57,5244.52,7365.0942079999995,1060095,
31,projectStatusMaster,2025-07-16T01:00:00.734Z,true,768.98,5254.11,6023.094584,454455,
32,masterAllocationSource,2025-07-16T01:00:00.734Z,true,5.57,5233.8,5239.371666,54,
33,masterSectorsVo2,2025-07-16T01:00:00.734Z,true,0.24,5268.89,5269.130209,464,
34,masterGlobalIndicators,2025-07-16T01:00:00.734Z,true,7.4,5239.58,5246.972083000001,57797,
35,masterEmergencies,2025-07-16T01:00:00.734Z,true,4.33,5233.14,5237.47025,2278,
36,projectSummary,2025-07-16T01:00:00.734Z,true,1201.2,5241.02,6442.222000000001,195186,
37,projectSummaryAggregate,2025-07-16T01:00:00.734Z,false,,,,,The operation was aborted.
38,HRPSummary,2025-07-16T01:00:00.734Z,true,8.07,5234.94,5243.0160829999995,18666,
39,emergencySummary,2025-07-16T01:00:00.734Z,true,4615.26,5267.66,9882.920208,679294,
1,masterDonors,2025-07-17T01:00:01.007Z,true,1.66,455.02,456.678208,26321,
2,masterFunds,2025-07-17T01:00:01.007Z,true,5.17,371.81,376.98183300000005,112548,
3,masterRegionalFunds,2025-07-17T01:00:01.007Z,true,1.35,364.16,365.51433299999997,1650,
4,masterAllocationTypes,2025-07-17T01:00:01.007Z,true,8.68,346.23,354.91383299999995,242,
5,launchedAllocationsData,2025-07-17T01:00:01.007Z,true,1325.94,7738.31,9064.253165999999,734206,
6,contributionsData,2025-07-17T01:00:01.007Z,true,7.93,354.11,362.038958,89116,
7,allocationFlowData,2025-07-17T01:00:01.007Z,true,6.7,4055.96,4062.6657499999997,44023,
8,masterPooledFunds,2025-07-17T01:00:01.007Z,true,4.07,4051.44,4055.5063339999997,2095,
9,masterPartners,2025-07-17T01:00:01.007Z,true,9.52,4044.84,4054.3679170000005,107,
10,masterSubPartners,2025-07-17T01:00:01.007Z,true,5.76,4047.2,4052.954417,483,
11,allocationsData,2025-07-17T01:00:01.007Z,true,1418.98,4056.67,5475.649915999999,135293,
12,contributionsTotalData,2025-07-17T01:00:01.007Z,true,1114.56,4052.36,5166.917958,250863,
13,targetedPersonsData,2025-07-17T01:00:01.007Z,true,1990.43,4266.05,6256.483,385479,
14,targetedPersonsDetailsData,2025-07-17T01:00:01.007Z,true,2659.79,4265.11,6924.904666,2000870,
15,dataGam,2025-07-17T01:00:01.007Z,true,1.55,4641.42,4642.967874999999,31358,
16,masterGam,2025-07-17T01:00:01.007Z,true,7.81,4036.25,4044.060125,947,
17,masterOrganizations,2025-07-17T01:00:01.007Z,true,1.65,2532.74,2534.397208,258,
18,masterSectors,2025-07-17T01:00:01.007Z,true,0.97,2537.53,2538.495583,1386,
19,allocationsDataResults,2025-07-17T01:00:01.007Z,true,322.5,4033.69,4356.184792,63404,
20,resultsBySector,2025-07-17T01:00:01.007Z,true,46.57,2578.83,2625.403709,952337,
21,resultsByDisability,2025-07-17T01:00:01.007Z,true,42.75,2567.77,2610.516959,969609,
22,resultsByType,2025-07-17T01:00:01.007Z,true,102.14,2640.1,2742.238959,3077360,
23,resultsByBeneficiaryType,2025-07-17T01:00:01.007Z,true,78.5,2604.59,2683.084334,1260403,
24,resultsByOrganization,2025-07-17T01:00:01.007Z,true,74.1,2606.16,2680.250292,1086269,
25,masterLocations,2025-07-17T01:00:01.007Z,true,41.49,2618.2,2659.691542,882990,
26,masterBeneficiaryType,2025-07-17T01:00:01.007Z,true,1.3,2549.56,2550.85775,602,
27,projectSummaryProgress,2025-07-17T01:00:01.007Z,true,1002.85,4029.44,5032.285584,137361,
28,sectorsData,2025-07-17T01:00:01.007Z,true,332.74,4083,4415.739083,73413,
29,globalIndicators,2025-07-17T01:00:01.007Z,true,1298.01,10132.91,11430.925500000001,553876,
30,masterOrganizationsProgress,2025-07-17T01:00:01.007Z,true,1672.1,4121.35,5793.442875,1060100,
31,projectStatusMaster,2025-07-17T01:00:01.007Z,true,674.58,4837.07,5511.649167,454525,
32,masterAllocationSource,2025-07-17T01:00:01.007Z,true,0.22,4042.22,4042.445459,54,
33,masterSectorsVo2,2025-07-17T01:00:01.007Z,true,0.37,4064.93,4065.294584,464,
34,masterGlobalIndicators,2025-07-17T01:00:01.007Z,true,5.69,4020.92,4026.61725,57797,
35,masterEmergencies,2025-07-17T01:00:01.007Z,true,11.36,4007.8,4019.1619589999996,2278,
36,projectSummary,2025-07-17T01:00:01.007Z,true,1001.79,4065.44,5067.238667,196774,
37,projectSummaryAggregate,2025-07-17T01:00:01.007Z,true,1327.47,7421.25,8748.723792,563712,
38,HRPSummary,2025-07-17T01:00:01.007Z,true,1.6,4020.66,4022.252583,18667,
39,emergencySummary,2025-07-17T01:00:01.007Z,true,1964.54,4017.97,5982.513625,680056,
1,masterDonors,2025-07-18T01:00:00.920Z,true,24.45,410.19,434.63587499999994,26321,
2,masterFunds,2025-07-18T01:00:00.920Z,true,18.33,350.11,368.438166,112548,
3,masterRegionalFunds,2025-07-18T01:00:00.920Z,true,6.37,354.02,360.39500000000004,1650,
4,masterAllocationTypes,2025-07-18T01:00:00.920Z,true,1.56,356.27,357.83008299999995,242,
5,launchedAllocationsData,2025-07-18T01:00:00.920Z,true,1650.59,5834.41,7485.001708,736738,
6,contributionsData,2025-07-18T01:00:00.920Z,true,16.86,346.76,363.62537499999996,89116,
7,allocationFlowData,2025-07-18T01:00:00.920Z,true,1.13,1997.37,1998.4991250000003,44049,
8,masterPooledFunds,2025-07-18T01:00:00.920Z,true,0.18,1963.65,1963.838958,2095,
9,masterPartners,2025-07-18T01:00:00.920Z,true,0.34,1955.27,1955.6084999999998,107,
10,masterSubPartners,2025-07-18T01:00:00.920Z,true,1.42,1984.88,1986.302792,483,
11,allocationsData,2025-07-18T01:00:00.920Z,true,989.37,1984.99,2974.364917,135295,
12,contributionsTotalData,2025-07-18T01:00:00.920Z,true,1845.22,2009.55,3854.769875,250986,
13,targetedPersonsData,2025-07-18T01:00:00.920Z,true,2089.41,2765.81,4855.224499999999,385565,
14,targetedPersonsDetailsData,2025-07-18T01:00:00.920Z,true,2527.07,2342.93,4869.996291,2001444,
15,dataGam,2025-07-18T01:00:00.920Z,true,2.9,2602.2,2605.099083,31358,
16,masterGam,2025-07-18T01:00:00.920Z,true,0.97,1946.12,1947.098708,947,
17,masterOrganizations,2025-07-18T01:00:00.920Z,true,1.53,616.51,618.0395830000001,258,
18,masterSectors,2025-07-18T01:00:00.920Z,true,2.73,608.79,611.5193340000001,1386,
19,allocationsDataResults,2025-07-18T01:00:00.920Z,true,331.16,1978.8,2309.962208,63404,
20,resultsBySector,2025-07-18T01:00:00.920Z,true,47.65,662.28,709.9288750000001,952337,
21,resultsByDisability,2025-07-18T01:00:00.920Z,true,48.13,655.18,703.309916,969609,
22,resultsByType,2025-07-18T01:00:00.920Z,true,115.18,707.31,822.4922919999999,3077360,
23,resultsByBeneficiaryType,2025-07-18T01:00:00.920Z,true,103.11,721.6,824.7104169999999,1260403,
24,resultsByOrganization,2025-07-18T01:00:00.920Z,true,78.46,718.05,796.5153750000001,1086269,
25,masterLocations,2025-07-18T01:00:00.920Z,true,23.91,641.6,665.5141659999999,882990,
26,masterBeneficiaryType,2025-07-18T01:00:00.920Z,true,1.57,629.43,630.9994579999999,602,
27,projectSummaryProgress,2025-07-18T01:00:00.920Z,true,998.87,2002.44,3001.309917,138582,
28,sectorsData,2025-07-18T01:00:00.920Z,true,328.02,2535.3,2863.3232080000002,73829,
29,globalIndicators,2025-07-18T01:00:00.920Z,true,2197.51,5803.06,8000.567333,554310,
30,masterOrganizationsProgress,2025-07-18T01:00:00.920Z,true,1658.94,1999.53,3658.475292,1060471,
31,projectStatusMaster,2025-07-18T01:00:00.920Z,true,660.14,2112.81,2772.951792,454567,
32,masterAllocationSource,2025-07-18T01:00:00.920Z,true,0.14,1942.1,1942.244792,54,
33,masterSectorsVo2,2025-07-18T01:00:00.920Z,true,0.77,1967.77,1968.545292,464,
34,masterGlobalIndicators,2025-07-18T01:00:00.920Z,true,1.15,1861.11,1862.256708,57797,
35,masterEmergencies,2025-07-18T01:00:00.920Z,true,1.74,1859.35,1861.0848330000001,2278,
36,projectSummary,2025-07-18T01:00:00.920Z,true,1648.35,1876.22,3524.5695410000003,198351,
37,projectSummaryAggregate,2025-07-18T01:00:00.920Z,true,1679.06,3273.56,4952.611625,567195,
38,HRPSummary,2025-07-18T01:00:00.920Z,true,0.45,2066.97,2067.418458,18667,
39,emergencySummary,2025-07-18T01:00:00.920Z,true,1680,1874.54,3554.53575,680735,
1,masterDonors,2025-07-19T01:00:00.723Z,true,2.55,422.41,424.963,26321,
2,masterFunds,2025-07-19T01:00:00.723Z,true,6.05,348.54,354.58174999999994,112548,
3,masterRegionalFunds,2025-07-19T01:00:00.723Z,true,16.02,333.45,349.477666,1650,
4,masterAllocationTypes,2025-07-19T01:00:00.723Z,true,1.52,342.72,344.24779200000006,242,
5,launchedAllocationsData,2025-07-19T01:00:00.723Z,true,1665.01,6494.5,8159.505582999999,736868,
6,contributionsData,2025-07-19T01:00:00.723Z,true,12.5,336.67,349.166,89116,
7,allocationFlowData,2025-07-19T01:00:00.723Z,true,1.59,4438.92,4440.5145,44049,
8,masterPooledFunds,2025-07-19T01:00:00.723Z,true,4.48,4386.71,4391.189333,2095,
9,masterPartners,2025-07-19T01:00:00.723Z,true,3.18,4387.14,4390.31575,107,
10,masterSubPartners,2025-07-19T01:00:00.723Z,true,5.94,4382.82,4388.7658329999995,483,
11,allocationsData,2025-07-19T01:00:00.723Z,true,668.38,4389.44,5057.8175,135435,
12,contributionsTotalData,2025-07-19T01:00:00.723Z,true,1093.33,4387.51,5480.831333,250994,
13,targetedPersonsData,2025-07-19T01:00:00.723Z,true,1770.03,5358.74,7128.767,385570,
14,targetedPersonsDetailsData,2025-07-19T01:00:00.723Z,true,2643.45,4528.75,7172.198582999999,2001453,
15,dataGam,2025-07-19T01:00:00.723Z,true,1.62,5395.21,5396.831208,31358,
16,masterGam,2025-07-19T01:00:00.723Z,true,7.22,4374.7,4381.9216670000005,947,
17,masterOrganizations,2025-07-19T01:00:00.723Z,true,1.52,2890.2,2891.722792,258,
18,masterSectors,2025-07-19T01:00:00.723Z,true,2.48,2872.15,2874.633292,1386,
19,allocationsDataResults,2025-07-19T01:00:00.723Z,true,329.54,4376.36,4705.904708,63462,
20,resultsBySector,2025-07-19T01:00:00.723Z,true,61.53,2958.63,3020.156958,952337,
21,resultsByDisability,2025-07-19T01:00:00.723Z,true,32.72,2904.44,2937.161,969609,
22,resultsByType,2025-07-19T01:00:00.723Z,true,75.54,3005.24,3080.775208,3077360,
23,resultsByBeneficiaryType,2025-07-19T01:00:00.723Z,true,66.61,2929.87,2996.48325,1260403,
24,resultsByOrganization,2025-07-19T01:00:00.723Z,true,62.86,2936.45,2999.3132499999997,1086269,
25,masterLocations,2025-07-19T01:00:00.723Z,true,24.71,2921.73,2946.436375,882990,
26,masterBeneficiaryType,2025-07-19T01:00:00.723Z,true,4.06,2909.33,2913.39025,602,
27,projectSummaryProgress,2025-07-19T01:00:00.723Z,true,1660.28,5267.76,6928.04025,138582,
28,sectorsData,2025-07-19T01:00:00.723Z,true,333.27,4484.94,4818.202625,73829,
29,globalIndicators,2025-07-19T01:00:00.723Z,true,1428.41,8571.97,10000.385458,554310,
30,masterOrganizationsProgress,2025-07-19T01:00:00.723Z,true,1651.09,4629.67,6280.76325,1060495,
31,projectStatusMaster,2025-07-19T01:00:00.723Z,true,759.31,4983.42,5742.730791999999,454399,
32,masterAllocationSource,2025-07-19T01:00:00.723Z,true,1.55,4371.66,4373.203958,54,
33,masterSectorsVo2,2025-07-19T01:00:00.723Z,true,0.64,4371.9,4372.5416669999995,464,
34,masterGlobalIndicators,2025-07-19T01:00:00.723Z,true,3.07,4479.04,4482.103958000001,57797,
35,masterEmergencies,2025-07-19T01:00:00.723Z,true,8.69,4357.77,4366.4555,2278,
36,projectSummary,2025-07-19T01:00:00.723Z,true,1742.96,4365.49,6108.45275,198347,
37,projectSummaryAggregate,2025-07-19T01:00:00.723Z,true,1965.01,6068.72,8033.726457999999,567195,
38,HRPSummary,2025-07-19T01:00:00.723Z,true,0.43,4575.81,4576.246583,18667,
39,emergencySummary,2025-07-19T01:00:00.723Z,true,1627.74,4490.95,6118.68725,680668,
1,masterDonors,2025-07-20T01:00:00.783Z,true,18.76,417.2,435.962917,26321,
2,masterFunds,2025-07-20T01:00:00.783Z,true,4.71,359.2,363.90883399999996,112548,
3,masterRegionalFunds,2025-07-20T01:00:00.783Z,true,3.09,355.83,358.92129199999994,1650,
4,masterAllocationTypes,2025-07-20T01:00:00.783Z,true,1.53,351.96,353.489708,242,
5,launchedAllocationsData,2025-07-20T01:00:00.783Z,true,1107.06,9869,10976.061083,737027,
6,contributionsData,2025-07-20T01:00:00.783Z,true,12.68,345.03,357.71266700000007,89116,
7,allocationFlowData,2025-07-20T01:00:00.783Z,true,1.2,4451.87,4453.075625,44052,
8,masterPooledFunds,2025-07-20T01:00:00.783Z,true,1.51,4098.16,4099.6681659999995,2095,
9,masterPartners,2025-07-20T01:00:00.783Z,true,2.57,4095.97,4098.54225,107,
10,masterSubPartners,2025-07-20T01:00:00.783Z,true,0.31,4096.79,4097.103459,483,
11,allocationsData,2025-07-20T01:00:00.783Z,true,992.06,4104.91,5096.974125,135515,
12,contributionsTotalData,2025-07-20T01:00:00.783Z,true,2983.92,4221.62,7205.537208,250992,
13,targetedPersonsData,2025-07-20T01:00:00.783Z,true,2186.78,4905.14,7091.916125,385705,
14,targetedPersonsDetailsData,2025-07-20T01:00:00.783Z,true,2323.56,4572.16,6895.71625,2002095,
15,dataGam,2025-07-20T01:00:00.783Z,true,0.96,5140.37,5141.329625,31358,
16,masterGam,2025-07-20T01:00:00.783Z,true,0.27,4108.98,4109.245333,947,
17,masterOrganizations,2025-07-20T01:00:00.783Z,true,1.58,2837.12,2838.701083,258,
18,masterSectors,2025-07-20T01:00:00.783Z,true,1.24,2854.03,2855.2724580000004,1386,
19,allocationsDataResults,2025-07-20T01:00:00.783Z,true,331.65,4111.65,4443.298875,63495,
20,resultsBySector,2025-07-20T01:00:00.783Z,true,50.51,2888.79,2939.296084,952337,
21,resultsByDisability,2025-07-20T01:00:00.783Z,true,84.65,2918.93,3003.5777500000004,969609,
22,resultsByType,2025-07-20T01:00:00.783Z,true,74.83,2998.72,3073.5505839999996,3077360,
23,resultsByBeneficiaryType,2025-07-20T01:00:00.783Z,true,93.66,2906.79,3000.449333,1260403,
24,resultsByOrganization,2025-07-20T01:00:00.783Z,true,85.74,2902.61,2988.34525,1086269,
25,masterLocations,2025-07-20T01:00:00.783Z,true,49.73,2899.59,2949.32,882990,
26,masterBeneficiaryType,2025-07-20T01:00:00.783Z,true,0.78,2870.57,2871.349167,602,
27,projectSummaryProgress,2025-07-20T01:00:00.783Z,true,1315.78,4239.75,5555.534042,140798,
28,sectorsData,2025-07-20T01:00:00.783Z,true,332.68,4387.08,4719.7548750000005,74906,
29,globalIndicators,2025-07-20T01:00:00.783Z,true,1332.71,11070.75,12403.463334,556843,
30,masterOrganizationsProgress,2025-07-20T01:00:00.783Z,true,1667.17,4279.14,5946.309292,1060554,
31,projectStatusMaster,2025-07-20T01:00:00.783Z,true,433.91,4479.45,4913.362917,454594,
32,masterAllocationSource,2025-07-20T01:00:00.783Z,true,0.2,4095.56,4095.7628750000003,54,
33,masterSectorsVo2,2025-07-20T01:00:00.783Z,true,0.2,4097.62,4097.819125,464,
34,masterGlobalIndicators,2025-07-20T01:00:00.783Z,true,0.83,4132.36,4133.191458,57797,
35,masterEmergencies,2025-07-20T01:00:00.783Z,true,0.26,4016.86,4017.1237499999997,2278,
36,projectSummary,2025-07-20T01:00:00.783Z,true,1327.4,4234.7,5562.091583,202444,
37,projectSummaryAggregate,2025-07-20T01:00:00.783Z,true,1329.84,8375.07,9704.91475,570018,
38,HRPSummary,2025-07-20T01:00:00.783Z,true,0.96,4128.67,4129.631208,18667,
39,emergencySummary,2025-07-20T01:00:00.783Z,true,2091.56,4083.76,6175.31475,682593,
1,masterDonors,2025-07-21T01:00:01.048Z,true,4.46,425.48,429.946958,26321,
2,masterFunds,2025-07-21T01:00:01.048Z,true,4.72,356.33,361.04670899999996,112548,
3,masterRegionalFunds,2025-07-21T01:00:01.048Z,true,9.71,346.03,355.736541,1650,
4,masterAllocationTypes,2025-07-21T01:00:01.048Z,true,5.49,336.37,341.85725,242,
5,launchedAllocationsData,2025-07-21T01:00:01.048Z,true,1556.49,9672.63,11229.114833000001,737231,
6,contributionsData,2025-07-21T01:00:01.048Z,true,10.69,344.07,354.76254199999994,89116,
7,allocationFlowData,2025-07-21T01:00:01.048Z,true,1.11,4110.52,4111.633292,44052,
8,masterPooledFunds,2025-07-21T01:00:01.048Z,true,3.42,3629.93,3633.357542,2095,
9,masterPartners,2025-07-21T01:00:01.048Z,true,0.4,3577.3,3577.6919170000006,107,
10,masterSubPartners,2025-07-21T01:00:01.048Z,true,0.94,3561.23,3562.172041,483,
11,allocationsData,2025-07-21T01:00:01.048Z,true,1114.21,3658.04,4772.25025,135554,
12,contributionsTotalData,2025-07-21T01:00:01.048Z,true,2327.26,3627.07,5954.3330829999995,250986,
13,targetedPersonsData,2025-07-21T01:00:01.048Z,true,2040.72,4640.13,6680.849666,385713,
14,targetedPersonsDetailsData,2025-07-21T01:00:01.048Z,true,2630.26,3809.73,6439.987083,2002174,
15,dataGam,2025-07-21T01:00:01.048Z,true,1.17,4667.94,4669.112666,31358,
16,masterGam,2025-07-21T01:00:01.048Z,true,4.71,3617.85,3622.5578749999995,947,
17,masterOrganizations,2025-07-21T01:00:01.048Z,true,2.49,2203.81,2206.3039160000003,258,
18,masterSectors,2025-07-21T01:00:01.048Z,true,1.42,2206.82,2208.23925,1386,
19,allocationsDataResults,2025-07-21T01:00:01.048Z,true,340.45,3568.98,3909.4288749999996,63495,
20,resultsBySector,2025-07-21T01:00:01.048Z,true,87.5,2255.91,2343.4116249999997,952337,
21,resultsByDisability,2025-07-21T01:00:01.048Z,true,87.14,2251.49,2338.627791,969609,
22,resultsByType,2025-07-21T01:00:01.048Z,true,67.6,2374.27,2441.86425,3077360,
23,resultsByBeneficiaryType,2025-07-21T01:00:01.048Z,true,59.21,2236.06,2295.268625,1260403,
24,resultsByOrganization,2025-07-21T01:00:01.048Z,true,92.8,2245.8,2338.6003330000003,1086269,
25,masterLocations,2025-07-21T01:00:01.048Z,true,32.74,2230.58,2263.317333,882990,
26,masterBeneficiaryType,2025-07-21T01:00:01.048Z,true,2.25,2252.77,2255.014416,602,
27,projectSummaryProgress,2025-07-21T01:00:01.048Z,true,1104.08,3945.7,5049.7768750000005,140798,
28,sectorsData,2025-07-21T01:00:01.048Z,true,334.36,3676.59,4010.946583,74915,
29,globalIndicators,2025-07-21T01:00:01.048Z,true,2324.35,8035.52,10359.868875,556845,
30,masterOrganizationsProgress,2025-07-21T01:00:01.048Z,true,1533.7,3612.33,5146.032625,1060580,
31,projectStatusMaster,2025-07-21T01:00:01.048Z,true,771.27,3864.23,4635.498042,454486,
32,masterAllocationSource,2025-07-21T01:00:01.048Z,true,0.36,3547.87,3548.2397920000003,54,
33,masterSectorsVo2,2025-07-21T01:00:01.048Z,true,2.07,3604.34,3606.415417,464,
34,masterGlobalIndicators,2025-07-21T01:00:01.048Z,true,1.7,3538.92,3540.6167920000003,57797,
35,masterEmergencies,2025-07-21T01:00:01.048Z,true,0.31,3536.81,3537.125916,2278,
36,projectSummary,2025-07-21T01:00:01.048Z,true,1000.64,3739.66,4740.297375,202444,
37,projectSummaryAggregate,2025-07-21T01:00:01.048Z,true,3305.17,5724.89,9030.057832999999,570018,
38,HRPSummary,2025-07-21T01:00:01.048Z,true,0.56,3786.31,3786.868208,18667,
39,emergencySummary,2025-07-21T01:00:01.048Z,true,2788.38,3603.21,6391.587459,682568,
1,masterDonors,2025-07-23T01:00:00.745Z,true,13.32,413.84,427.16225000000003,26321,
2,masterFunds,2025-07-23T01:00:00.745Z,true,6.81,337.9,344.70450000000005,112548,
3,masterRegionalFunds,2025-07-23T01:00:00.745Z,true,2.37,347.17,349.53325,1650,
4,masterAllocationTypes,2025-07-23T01:00:00.745Z,true,1.09,336.73,337.82241600000003,242,
5,launchedAllocationsData,2025-07-23T01:00:00.745Z,true,1344.57,7131.76,8476.334041,737372,
6,contributionsData,2025-07-23T01:00:00.745Z,true,6.65,341.26,347.908083,89336,
7,allocationFlowData,2025-07-23T01:00:00.745Z,true,15.85,3868.28,3884.123625,44052,
8,masterPooledFunds,2025-07-23T01:00:00.745Z,true,0.38,3328.86,3329.2302499999996,2095,
9,masterPartners,2025-07-23T01:00:00.745Z,true,0.58,3862.91,3863.4821249999995,107,
10,masterSubPartners,2025-07-23T01:00:00.745Z,true,5.55,3866.71,3872.256666,483,
11,allocationsData,2025-07-23T01:00:00.745Z,true,986.33,3870.84,4857.173709,135931,
12,contributionsTotalData,2025-07-23T01:00:00.745Z,true,1998.15,3856.93,5855.080917,251065,
13,targetedPersonsData,2025-07-23T01:00:00.745Z,true,2353.3,3958.34,6311.645583,385722,
14,targetedPersonsDetailsData,2025-07-23T01:00:00.745Z,true,2466.89,3868.31,6335.198334,2002270,
15,dataGam,2025-07-23T01:00:00.745Z,true,1.43,4203.33,4204.760875,31358,
16,masterGam,2025-07-23T01:00:00.745Z,true,7.43,3863.43,3870.8663749999996,947,
17,masterOrganizations,2025-07-23T01:00:00.745Z,true,0.8,2247.34,2248.133042,258,
18,masterSectors,2025-07-23T01:00:00.745Z,true,1.5,2238.49,2239.984625,1386,
19,allocationsDataResults,2025-07-23T01:00:00.745Z,true,329.71,3860.55,4190.261625,63640,
20,resultsBySector,2025-07-23T01:00:00.745Z,true,72.86,2285.16,2358.0199169999996,963988,
21,resultsByDisability,2025-07-23T01:00:00.745Z,true,51.77,2255.66,2307.429792,979993,
22,resultsByType,2025-07-23T01:00:00.745Z,true,83.62,2350.97,2434.591833,3104383,
23,resultsByBeneficiaryType,2025-07-23T01:00:00.745Z,true,66.31,2312.5,2378.8132499999997,1274279,
24,resultsByOrganization,2025-07-23T01:00:00.745Z,true,73.74,2278.04,2351.785291,1097014,
25,masterLocations,2025-07-23T01:00:00.745Z,true,25.87,2264.71,2290.574791,893690,
26,masterBeneficiaryType,2025-07-23T01:00:00.745Z,true,2.81,2262.12,2264.934333,602,
27,projectSummaryProgress,2025-07-23T01:00:00.745Z,true,1649.89,3851.04,5500.930333,140838,
28,sectorsData,2025-07-23T01:00:00.745Z,true,334.77,3951.09,4285.867834000001,74939,
29,globalIndicators,2025-07-23T01:00:00.745Z,true,1662.74,8948.12,10610.858708,556882,
30,masterOrganizationsProgress,2025-07-23T01:00:00.745Z,true,1674.28,3858.25,5532.525542,1060653,
31,projectStatusMaster,2025-07-23T01:00:00.745Z,true,679.14,4012.79,4691.929999999999,454625,
32,masterAllocationSource,2025-07-23T01:00:00.745Z,true,1.52,3857.84,3859.353458,54,
33,masterSectorsVo2,2025-07-23T01:00:00.745Z,true,8.36,3841.39,3849.7452909999997,464,
34,masterGlobalIndicators,2025-07-23T01:00:00.745Z,true,5.02,3852.7,3857.720334,57797,
35,masterEmergencies,2025-07-23T01:00:00.745Z,true,5.14,3850.43,3855.56225,2278,
36,projectSummary,2025-07-23T01:00:00.745Z,true,995.88,3844.94,4840.815917,202440,
37,projectSummaryAggregate,2025-07-23T01:00:00.745Z,true,2339.91,5217.6,7557.519208000001,570018,
38,HRPSummary,2025-07-23T01:00:00.745Z,true,5.15,3849.24,3854.38725,18667,
39,emergencySummary,2025-07-23T01:00:00.745Z,true,2423.99,3850,6273.994583000001,682481,
1,masterDonors,2025-07-24T01:00:00.650Z,true,7.44,404.75,412.18970900000005,26321,
2,masterFunds,2025-07-24T01:00:00.650Z,true,6.72,337.49,344.207084,112548,
3,masterRegionalFunds,2025-07-24T01:00:00.650Z,true,9.27,325.23,334.50083299999994,1650,
4,masterAllocationTypes,2025-07-24T01:00:00.650Z,true,1.07,337.21,338.281,242,
5,launchedAllocationsData,2025-07-24T01:00:00.650Z,true,1311.89,9242.92,10554.813209,738368,
6,contributionsData,2025-07-24T01:00:00.650Z,true,3.87,340.88,344.74695800000006,89330,
7,allocationFlowData,2025-07-24T01:00:00.650Z,true,1.56,3944.61,3946.174667,44054,
8,masterPooledFunds,2025-07-24T01:00:00.650Z,true,0.25,3643.71,3643.964125,2095,
9,masterPartners,2025-07-24T01:00:00.650Z,true,0.33,3621.08,3621.4117499999998,107,
10,masterSubPartners,2025-07-24T01:00:00.650Z,true,2.15,3624.74,3626.890708,483,
11,allocationsData,2025-07-24T01:00:00.650Z,true,1018.82,3624.51,4643.325666,135933,
12,contributionsTotalData,2025-07-24T01:00:00.650Z,true,1445.54,3648.98,5094.521792,251052,
13,targetedPersonsData,2025-07-24T01:00:00.650Z,true,1654.5,4095.37,5749.870792000001,385775,
14,targetedPersonsDetailsData,2025-07-24T01:00:00.650Z,true,2385.01,3911.58,6296.598540999999,2002670,
15,dataGam,2025-07-24T01:00:00.650Z,true,1.42,4339.21,4340.628375,31358,
16,masterGam,2025-07-24T01:00:00.650Z,true,0.37,3624,3624.370333,947,
17,masterOrganizations,2025-07-24T01:00:00.650Z,true,3.02,2341.84,2344.860959,258,
18,masterSectors,2025-07-24T01:00:00.650Z,true,1.06,2363.91,2364.977291,1386,
19,allocationsDataResults,2025-07-24T01:00:00.650Z,true,335.63,3614.21,3949.8473340000005,63638,
20,resultsBySector,2025-07-24T01:00:00.650Z,true,49.15,2418.08,2467.2312500000003,964742,
21,resultsByDisability,2025-07-24T01:00:00.650Z,true,0.48,2339.41,2339.897458,0,
22,resultsByType,2025-07-24T01:00:00.650Z,true,79.94,2450.56,2530.49025,3106166,
23,resultsByBeneficiaryType,2025-07-24T01:00:00.650Z,true,51.88,2370.3,2422.181125,1275668,
24,resultsByOrganization,2025-07-24T01:00:00.650Z,true,53.75,2393.37,2447.1245,1097825,
25,masterLocations,2025-07-24T01:00:00.650Z,true,40.67,2365.49,2406.163584,894236,
26,masterBeneficiaryType,2025-07-24T01:00:00.650Z,true,1.06,2336.73,2337.788875,602,
27,projectSummaryProgress,2025-07-24T01:00:00.650Z,true,1007.92,4009.41,5017.324458,142203,
28,sectorsData,2025-07-24T01:00:00.650Z,true,329.45,4369.07,4698.521959000001,75534,
29,globalIndicators,2025-07-24T01:00:00.650Z,true,1767.94,7763.93,9531.860958000001,558070,
30,masterOrganizationsProgress,2025-07-24T01:00:00.650Z,true,1529,3793.05,5322.0455839999995,1060649,
31,projectStatusMaster,2025-07-24T01:00:00.650Z,true,346.8,3670.6,4017.39525,454522,
32,masterAllocationSource,2025-07-24T01:00:00.650Z,true,1.46,3594.23,3595.6869999999994,54,
33,masterSectorsVo2,2025-07-24T01:00:00.650Z,true,3.05,3597.32,3600.36275,464,
34,masterGlobalIndicators,2025-07-24T01:00:00.650Z,true,2.06,3471.22,3473.2867910000004,57797,
35,masterEmergencies,2025-07-24T01:00:00.650Z,true,1.95,3597.2,3599.1504159999995,2278,
36,projectSummary,2025-07-24T01:00:00.650Z,true,1342.33,3657.11,4999.44125,204451,
37,projectSummaryAggregate,2025-07-24T01:00:00.650Z,true,1764.29,6823.58,8587.87,571991,
38,HRPSummary,2025-07-24T01:00:00.650Z,true,0.39,3713.15,3713.5321249999997,18667,
39,emergencySummary,2025-07-24T01:00:00.650Z,true,1322.76,3587.63,4910.387083,683426,
1,masterDonors,2025-07-25T01:00:00.862Z,true,17.66,426.98,444.64750000000004,26321,
2,masterFunds,2025-07-25T01:00:00.862Z,true,7.63,344.81,352.4425,112548,
3,masterRegionalFunds,2025-07-25T01:00:00.862Z,true,1.76,344.86,346.617375,1650,
4,masterAllocationTypes,2025-07-25T01:00:00.862Z,true,0.61,345.93,346.548792,242,
5,launchedAllocationsData,2025-07-25T01:00:00.862Z,true,1442.66,9118.65,10561.310125,738367,
6,contributionsData,2025-07-25T01:00:00.862Z,true,12.18,334.73,346.90637499999997,89352,
7,allocationFlowData,2025-07-25T01:00:00.862Z,true,13.03,2712.29,2725.320916,44058,
8,masterPooledFunds,2025-07-25T01:00:00.862Z,true,0.64,2238.41,2239.051583,2095,
9,masterPartners,2025-07-25T01:00:00.862Z,true,1.42,2268.26,2269.677875,107,
10,masterSubPartners,2025-07-25T01:00:00.862Z,true,5.78,2714.72,2720.493708,483,
11,allocationsData,2025-07-25T01:00:00.862Z,true,1105.91,2531.13,3637.044083,135911,
12,contributionsTotalData,2025-07-25T01:00:00.862Z,true,1318.78,2708.78,4027.5649170000006,251054,
13,targetedPersonsData,2025-07-25T01:00:00.862Z,true,1556.73,3790.16,5346.893375,385845,
14,targetedPersonsDetailsData,2025-07-25T01:00:00.862Z,true,2558.17,2715.43,5273.5992080000005,2003042,
15,dataGam,2025-07-25T01:00:00.862Z,true,0.81,3503.82,3504.6249589999998,31358,
16,masterGam,2025-07-25T01:00:00.862Z,true,2.06,2227.71,2229.767625,947,
17,masterOrganizations,2025-07-25T01:00:00.862Z,true,1.55,1109.76,1111.313291,258,
18,masterSectors,2025-07-25T01:00:00.862Z,true,2.49,1101.09,1103.577958,1386,
19,allocationsDataResults,2025-07-25T01:00:00.862Z,true,335.04,2661.5,2996.544333,63622,
20,resultsBySector,2025-07-25T01:00:00.862Z,true,29.31,1502.76,1532.07,965030,
21,resultsByDisability,2025-07-25T01:00:00.862Z,true,46.48,1153.47,1199.956375,981084,
22,resultsByType,2025-07-25T01:00:00.862Z,true,78.2,1231,1309.2002089999999,3106523,
23,resultsByBeneficiaryType,2025-07-25T01:00:00.862Z,true,52.05,1163.48,1215.525875,1276315,
24,resultsByOrganization,2025-07-25T01:00:00.862Z,true,58.75,1171.73,1230.486833,1098121,
25,masterLocations,2025-07-25T01:00:00.862Z,true,31.58,1246.42,1278.0006250000001,894236,
26,masterBeneficiaryType,2025-07-25T01:00:00.862Z,true,1.2,1134.95,1136.1556249999999,602,
27,projectSummaryProgress,2025-07-25T01:00:00.862Z,true,1442.58,2815.46,4258.045333,143211,
28,sectorsData,2025-07-25T01:00:00.862Z,true,343.98,3719.01,4062.9976659999998,75910,
29,globalIndicators,2025-07-25T01:00:00.862Z,true,2354.77,7092.75,9447.523125,558839,
30,masterOrganizationsProgress,2025-07-25T01:00:00.862Z,true,1431.53,2804.8,4236.330417,1060685,
31,projectStatusMaster,2025-07-25T01:00:00.862Z,true,995.63,2693.42,3689.0483750000003,454508,
32,masterAllocationSource,2025-07-25T01:00:00.862Z,true,3.45,2697.27,2700.719667,54,
33,masterSectorsVo2,2025-07-25T01:00:00.862Z,true,1.71,2510.19,2511.899959,464,
34,masterGlobalIndicators,2025-07-25T01:00:00.862Z,true,3.79,2697.56,2701.358542,57797,
35,masterEmergencies,2025-07-25T01:00:00.862Z,true,4.32,2694.52,2698.8357499999997,2278,
36,projectSummary,2025-07-25T01:00:00.862Z,true,991.76,2689.34,3681.0993750000007,205860,
37,projectSummaryAggregate,2025-07-25T01:00:00.862Z,true,2444.58,6448.18,8892.755875,573095,
38,HRPSummary,2025-07-25T01:00:00.862Z,true,0.4,2766.44,2766.841958,18667,
39,emergencySummary,2025-07-25T01:00:00.862Z,true,2088.63,2689.52,4778.149375,683571,
1,masterDonors,2025-07-26T01:00:01.097Z,true,22.57,421.21,443.78254200000003,26321,
2,masterFunds,2025-07-26T01:00:01.097Z,true,3.91,364.52,368.4354579999999,112548,
3,masterRegionalFunds,2025-07-26T01:00:01.097Z,true,8.54,352.51,361.045375,1650,
4,masterAllocationTypes,2025-07-26T01:00:01.097Z,true,2.14,352.62,354.760583,242,
5,launchedAllocationsData,2025-07-26T01:00:01.097Z,true,1873.05,8590.29,10463.341666999999,738361,
6,contributionsData,2025-07-26T01:00:01.097Z,true,8.19,354.38,362.56508399999996,89346,
7,allocationFlowData,2025-07-26T01:00:01.097Z,true,2.12,4508.31,4510.4295,44058,
8,masterPooledFunds,2025-07-26T01:00:01.097Z,true,7.97,4192.94,4200.91125,2095,
9,masterPartners,2025-07-26T01:00:01.097Z,true,6.31,4193.6,4199.913041,107,
10,masterSubPartners,2025-07-26T01:00:01.097Z,true,0.57,4074.89,4075.459209,483,
11,allocationsData,2025-07-26T01:00:01.097Z,true,1329.58,4201.39,5530.967834,135903,
12,contributionsTotalData,2025-07-26T01:00:01.097Z,true,3018.26,4301.01,7319.272666000001,251040,
13,targetedPersonsData,2025-07-26T01:00:01.097Z,true,1776.6,4753.04,6529.638,385852,
14,targetedPersonsDetailsData,2025-07-26T01:00:01.097Z,true,2463.63,4865.04,7328.667542,2003537,
15,dataGam,2025-07-26T01:00:01.097Z,true,1.48,5204.45,5205.936833,31359,
16,masterGam,2025-07-26T01:00:01.097Z,true,4.21,4174.97,4179.182959,947,
17,masterOrganizations,2025-07-26T01:00:01.097Z,true,2.25,2563.75,2565.999291,258,
18,masterSectors,2025-07-26T01:00:01.097Z,true,5.43,2559.21,2564.638583,1386,
19,allocationsDataResults,2025-07-26T01:00:01.097Z,true,324.85,4184.36,4509.211332999999,63620,
20,resultsBySector,2025-07-26T01:00:01.097Z,true,87.32,2617.97,2705.2927090000003,965130,
21,resultsByDisability,2025-07-26T01:00:01.097Z,true,49.87,2587.8,2637.67025,981095,
22,resultsByType,2025-07-26T01:00:01.097Z,true,114.99,2638.53,2753.5162090000003,3106668,
23,resultsByBeneficiaryType,2025-07-26T01:00:01.097Z,true,87.69,2595.12,2682.812375,1276327,
24,resultsByOrganization,2025-07-26T01:00:01.097Z,true,86.59,2596.67,2683.2559170000004,1098132,
25,masterLocations,2025-07-26T01:00:01.097Z,true,25.4,2579.89,2605.2947080000004,894236,
26,masterBeneficiaryType,2025-07-26T01:00:01.097Z,true,1.56,2562.13,2563.692583,602,
27,projectSummaryProgress,2025-07-26T01:00:01.097Z,true,1130.03,4565.28,5695.314625,144578,
28,sectorsData,2025-07-26T01:00:01.097Z,true,334.13,4748.52,5082.64725,76663,
29,globalIndicators,2025-07-26T01:00:01.097Z,true,2223.41,8449.97,10673.382542,559656,
30,masterOrganizationsProgress,2025-07-26T01:00:01.097Z,true,1518.07,4639.43,6157.4995,1060710,
31,projectStatusMaster,2025-07-26T01:00:01.097Z,true,671.05,5231.89,5902.94125,454560,
32,masterAllocationSource,2025-07-26T01:00:01.097Z,true,4.12,4165.36,4169.475125,54,
33,masterSectorsVo2,2025-07-26T01:00:01.097Z,true,0.48,4139.13,4139.613042,464,
34,masterGlobalIndicators,2025-07-26T01:00:01.097Z,true,12.2,4156.29,4168.491959,57797,
35,masterEmergencies,2025-07-26T01:00:01.097Z,true,0.88,4266.47,4267.348834,2278,
36,projectSummary,2025-07-26T01:00:01.097Z,true,1687.23,4247.48,5934.708084,207952,
37,projectSummaryAggregate,2025-07-26T01:00:01.097Z,true,2452.32,6736.44,9188.761083,576041,
38,HRPSummary,2025-07-26T01:00:01.097Z,true,2.16,4244.22,4246.384541,18667,
39,emergencySummary,2025-07-26T01:00:01.097Z,true,1771.96,4193.06,5965.024209,684792,
1,masterDonors,2025-07-27T01:00:01.336Z,true,15.53,400.71,416.24304100000006,26321,
2,masterFunds,2025-07-27T01:00:01.336Z,true,3.87,340.55,344.41583299999996,112548,
3,masterRegionalFunds,2025-07-27T01:00:01.336Z,true,2.16,333.96,336.121958,1650,
4,masterAllocationTypes,2025-07-27T01:00:01.336Z,true,0.74,335.44,336.18137499999995,242,
5,launchedAllocationsData,2025-07-27T01:00:01.336Z,true,1323.57,8723.41,10046.978083,740884,
6,contributionsData,2025-07-27T01:00:01.336Z,true,12.12,326.64,338.759125,89346,
7,allocationFlowData,2025-07-27T01:00:01.336Z,true,2.89,4511.46,4514.3547499999995,44058,
8,masterPooledFunds,2025-07-27T01:00:01.336Z,true,0.33,4257.51,4257.839875,2095,
9,masterPartners,2025-07-27T01:00:01.336Z,true,0.54,4190.04,4190.576958,107,
10,masterSubPartners,2025-07-27T01:00:01.336Z,true,2.07,4191.22,4193.289833,483,
11,allocationsData,2025-07-27T01:00:01.336Z,true,775.36,4222.59,4997.957125,135907,
12,contributionsTotalData,2025-07-27T01:00:01.336Z,true,1771.89,4243.72,6015.612459,251038,
13,targetedPersonsData,2025-07-27T01:00:01.336Z,true,2187.28,4949.11,7136.388333,385941,
14,targetedPersonsDetailsData,2025-07-27T01:00:01.336Z,true,2567.27,4578.01,7145.284208,2003697,
15,dataGam,2025-07-27T01:00:01.336Z,true,1.26,5083.22,5084.4755,31359,
16,masterGam,2025-07-27T01:00:01.336Z,true,0.32,4188.79,4189.107333999999,947,
17,masterOrganizations,2025-07-27T01:00:01.336Z,true,1.23,2881.88,2883.1065830000002,258,
18,masterSectors,2025-07-27T01:00:01.336Z,true,1.71,2853.68,2855.392708,1386,
19,allocationsDataResults,2025-07-27T01:00:01.336Z,true,334.72,4198.43,4533.152791,63622,
20,resultsBySector,2025-07-27T01:00:01.336Z,true,81.6,2913.29,2994.8862499999996,965130,
21,resultsByDisability,2025-07-27T01:00:01.336Z,true,48.19,2887.64,2935.8258749999995,981095,
22,resultsByType,2025-07-27T01:00:01.336Z,true,121.11,2939.29,3060.407125,3106668,
23,resultsByBeneficiaryType,2025-07-27T01:00:01.336Z,true,83.39,2899.9,2983.289458,1276327,
24,resultsByOrganization,2025-07-27T01:00:01.336Z,true,94.8,2919.98,3014.774583,1098132,
25,masterLocations,2025-07-27T01:00:01.336Z,true,41.81,2886.38,2928.1885,894236,
26,masterBeneficiaryType,2025-07-27T01:00:01.336Z,true,2,2950.95,2952.9497920000003,602,
27,projectSummaryProgress,2025-07-27T01:00:01.336Z,true,1685.94,4490.96,6176.89125,144988,
28,sectorsData,2025-07-27T01:00:01.336Z,true,336.37,4565.25,4901.623208999999,76797,
29,globalIndicators,2025-07-27T01:00:01.336Z,true,2138.92,8685.96,10824.875750000001,560740,
30,masterOrganizationsProgress,2025-07-27T01:00:01.336Z,true,1641.95,4447.75,6089.70075,1060775,
31,projectStatusMaster,2025-07-27T01:00:01.336Z,true,1005.31,4533.52,5538.838625,454534,
32,masterAllocationSource,2025-07-27T01:00:01.336Z,true,1.87,4163.5,4165.367542,54,
33,masterSectorsVo2,2025-07-27T01:00:01.336Z,true,0.59,4168.64,4169.235584,464,
34,masterGlobalIndicators,2025-07-27T01:00:01.336Z,true,6.06,3975.52,3981.578875,57797,
35,masterEmergencies,2025-07-27T01:00:01.336Z,true,0.51,4151.68,4152.1835,2278,
36,projectSummary,2025-07-27T01:00:01.336Z,true,999.42,4214.89,5214.307709,208415,
37,projectSummaryAggregate,2025-07-27T01:00:01.336Z,true,1647.99,5907.51,7555.503167000001,576654,
38,HRPSummary,2025-07-27T01:00:01.336Z,true,0.49,4476.54,4477.028042,18667,
39,emergencySummary,2025-07-27T01:00:01.336Z,true,2042.09,4245.06,6287.149459,684982,
1,masterDonors,2025-07-28T01:00:01.492Z,true,9.81,420.68,430.48433299999994,26321,
2,masterFunds,2025-07-28T01:00:01.492Z,true,22.87,338.32,361.1803330000001,112548,
3,masterRegionalFunds,2025-07-28T01:00:01.492Z,true,7.02,349.02,356.03345900000005,1650,
4,masterAllocationTypes,2025-07-28T01:00:01.492Z,true,1.44,352.81,354.25108400000005,242,
5,launchedAllocationsData,2025-07-28T01:00:01.492Z,true,1419.14,8337.13,9756.27225,741300,
6,contributionsData,2025-07-28T01:00:01.492Z,true,9.23,345.98,355.21879199999995,89346,
7,allocationFlowData,2025-07-28T01:00:01.492Z,true,3.84,4345.13,4348.967791,44058,
8,masterPooledFunds,2025-07-28T01:00:01.492Z,true,2.46,4184.91,4187.365042,2095,
9,masterPartners,2025-07-28T01:00:01.492Z,true,1.23,4119.09,4120.313292,107,
10,masterSubPartners,2025-07-28T01:00:01.492Z,true,0.57,4118.18,4118.746166,483,
11,allocationsData,2025-07-28T01:00:01.492Z,true,1324.45,4148.95,5473.407916,135907,
12,contributionsTotalData,2025-07-28T01:00:01.492Z,true,1327.88,4205.7,5533.573041,251034,
13,targetedPersonsData,2025-07-28T01:00:01.492Z,true,1783.43,4666.02,6449.452041,385948,
14,targetedPersonsDetailsData,2025-07-28T01:00:01.492Z,true,2420.14,4516.46,6936.596624999999,2003787,
15,dataGam,2025-07-28T01:00:01.492Z,true,1.41,5005.98,5007.394542,31359,
16,masterGam,2025-07-28T01:00:01.492Z,true,1.86,4108.51,4110.369959000001,947,
17,masterOrganizations,2025-07-28T01:00:01.492Z,true,0.81,2897.56,2898.373416,258,
18,masterSectors,2025-07-28T01:00:01.492Z,true,2.05,2866.45,2868.4984170000002,1386,
19,allocationsDataResults,2025-07-28T01:00:01.492Z,true,332.7,4174.82,4507.521750000001,63622,
20,resultsBySector,2025-07-28T01:00:01.492Z,true,74.28,2924.06,2998.3381249999998,965473,
21,resultsByDisability,2025-07-28T01:00:01.492Z,true,83.67,2929.07,3012.738334,981577,
22,resultsByType,2025-07-28T01:00:01.492Z,true,73.62,3012.94,3086.564375,3108089,
23,resultsByBeneficiaryType,2025-07-28T01:00:01.492Z,true,91.27,2924.32,3015.589708,1276865,
24,resultsByOrganization,2025-07-28T01:00:01.492Z,true,63.92,2910.67,2974.5925,1098622,
25,masterLocations,2025-07-28T01:00:01.492Z,true,28.05,2902.12,2930.170667,895205,
26,masterBeneficiaryType,2025-07-28T01:00:01.492Z,true,1.01,2872.45,2873.45575,602,
27,projectSummaryProgress,2025-07-28T01:00:01.492Z,true,1454.1,4427.94,5882.043917,145022,
28,sectorsData,2025-07-28T01:00:01.492Z,true,338.49,4528.04,4866.530583,76827,
29,globalIndicators,2025-07-28T01:00:01.492Z,true,1800.95,8422.68,10223.638792,560764,
30,masterOrganizationsProgress,2025-07-28T01:00:01.492Z,true,1450.56,4617.1,6067.653833,1060776,
31,projectStatusMaster,2025-07-28T01:00:01.492Z,true,676.82,4244.45,4921.276041,454443,
32,masterAllocationSource,2025-07-28T01:00:01.492Z,true,0.43,4155.91,4156.34425,54,
33,masterSectorsVo2,2025-07-28T01:00:01.492Z,true,0.32,4170.36,4170.674084,464,
34,masterGlobalIndicators,2025-07-28T01:00:01.492Z,true,1.68,4158.31,4159.98825,57797,
35,masterEmergencies,2025-07-28T01:00:01.492Z,true,0.34,4201.86,4202.201584,2278,
36,projectSummary,2025-07-28T01:00:01.492Z,true,1028.65,4182.38,5211.027667,208415,
37,projectSummaryAggregate,2025-07-28T01:00:01.492Z,true,2490.45,5685.03,8175.48375,576654,
38,HRPSummary,2025-07-28T01:00:01.492Z,true,0.58,4314.79,4315.3663750000005,18667,
39,emergencySummary,2025-07-28T01:00:01.492Z,true,2507.73,4431.38,6939.111708,684967,
1,masterDonors,2025-07-29T01:00:00.973Z,true,6.17,553.65,559.81575,26321,
2,masterFunds,2025-07-29T01:00:00.973Z,true,11.28,473.57,484.84683399999994,112548,
3,masterRegionalFunds,2025-07-29T01:00:00.973Z,true,3.5,475.92,479.41941600000007,1650,
4,masterAllocationTypes,2025-07-29T01:00:00.973Z,true,6.83,459.58,466.401583,242,
5,launchedAllocationsData,2025-07-29T01:00:00.973Z,true,1185.72,8829.1,10014.826917,743951,
6,contributionsData,2025-07-29T01:00:00.973Z,true,14.07,472.96,487.03099999999995,89352,
7,allocationFlowData,2025-07-29T01:00:00.973Z,true,1.37,4216.91,4218.278916,44058,
8,masterPooledFunds,2025-07-29T01:00:00.973Z,true,0.37,3986.89,3987.261625,2095,
9,masterPartners,2025-07-29T01:00:00.973Z,true,0.34,4021.01,4021.3446249999997,107,
10,masterSubPartners,2025-07-29T01:00:00.973Z,true,0.57,3973.65,3974.2143749999996,483,
11,allocationsData,2025-07-29T01:00:00.973Z,true,1005.77,4025.2,5030.964667,135905,
12,contributionsTotalData,2025-07-29T01:00:00.973Z,true,1788.48,4079.05,5867.526584,251040,
13,targetedPersonsData,2025-07-29T01:00:00.973Z,true,2017.17,5009.54,7026.710917,385957,
14,targetedPersonsDetailsData,2025-07-29T01:00:00.973Z,true,2457.66,4572.17,7029.829541,2003863,
15,dataGam,2025-07-29T01:00:00.973Z,true,1.05,4894.68,4895.727667,31359,
16,masterGam,2025-07-29T01:00:00.973Z,true,0.39,3987.12,3987.5145419999994,947,
17,masterOrganizations,2025-07-29T01:00:00.973Z,true,0.76,2866.95,2867.7119589999998,258,
18,masterSectors,2025-07-29T01:00:00.973Z,true,1.56,2849.84,2851.393,1386,
19,allocationsDataResults,2025-07-29T01:00:00.973Z,true,669.2,4032.96,4702.161625,63620,
20,resultsBySector,2025-07-29T01:00:00.973Z,true,100.7,2893.14,2993.8423749999997,965980,
21,resultsByDisability,2025-07-29T01:00:00.973Z,true,88.24,2890.11,2978.344042,982033,
22,resultsByType,2025-07-29T01:00:00.973Z,true,113.31,2940.73,3054.030542,3108871,
23,resultsByBeneficiaryType,2025-07-29T01:00:00.973Z,true,83.57,2884.6,2968.178125,1277571,
24,resultsByOrganization,2025-07-29T01:00:00.973Z,true,109.1,2893.11,3002.218791,1099084,
25,masterLocations,2025-07-29T01:00:00.973Z,true,36.43,2884.73,2921.157791,895274,
26,masterBeneficiaryType,2025-07-29T01:00:00.973Z,true,0.96,2846.79,2847.745709,602,
27,projectSummaryProgress,2025-07-29T01:00:00.973Z,true,981.88,4207.14,5189.016125,145157,
28,sectorsData,2025-07-29T01:00:00.973Z,true,330.4,4541.11,4871.509833,76877,
29,globalIndicators,2025-07-29T01:00:00.973Z,true,1781.95,9218.09,11000.037291999999,560721,
30,masterOrganizationsProgress,2025-07-29T01:00:00.973Z,true,1549.44,4464.59,6014.026167,1060829,
31,projectStatusMaster,2025-07-29T01:00:00.973Z,true,441.26,5065.38,5506.641833000001,454461,
32,masterAllocationSource,2025-07-29T01:00:00.973Z,true,0.34,4007.66,4007.9949579999998,54,
33,masterSectorsVo2,2025-07-29T01:00:00.973Z,true,1.58,4017.93,4019.513875,464,
34,masterGlobalIndicators,2025-07-29T01:00:00.973Z,true,1.51,4128.8,4130.315042,57797,
35,masterEmergencies,2025-07-29T01:00:00.973Z,true,0.61,4070.7,4071.3117079999997,2278,
36,projectSummary,2025-07-29T01:00:00.973Z,true,1089.79,4092.08,5181.8655420000005,208415,
37,projectSummaryAggregate,2025-07-29T01:00:00.973Z,true,1316.77,6037.35,7354.113083,576654,
38,HRPSummary,2025-07-29T01:00:00.973Z,true,0.3,4101.51,4101.806041,18667,
39,emergencySummary,2025-07-29T01:00:00.973Z,true,2111.7,4321.42,6433.123375,684967,
1,masterDonors,2025-07-31T01:00:00.780Z,true,8.93,420.71,429.6327089999999,26321,
2,masterFunds,2025-07-31T01:00:00.780Z,true,20.69,343.24,363.929125,112548,
3,masterRegionalFunds,2025-07-31T01:00:00.780Z,true,4.83,352.74,357.56429099999997,1650,
4,masterAllocationTypes,2025-07-31T01:00:00.780Z,true,0.62,357.05,357.672625,242,
5,launchedAllocationsData,2025-07-31T01:00:00.780Z,true,1318.34,8093.38,9411.720207999999,743957,
6,contributionsData,2025-07-31T01:00:00.780Z,true,8.83,349.59,358.414333,89352,
7,allocationFlowData,2025-07-31T01:00:00.780Z,true,5.32,4905.49,4910.8114590000005,44058,
8,masterPooledFunds,2025-07-31T01:00:00.780Z,true,0.61,4896.75,4897.360208,2095,
9,masterPartners,2025-07-31T01:00:00.780Z,true,0.49,4647.38,4647.870000000001,107,
10,masterSubPartners,2025-07-31T01:00:00.780Z,true,2.26,4892.67,4894.937333999999,483,
11,allocationsData,2025-07-31T01:00:00.780Z,true,1011.42,4916.11,5927.525291999999,136048,
12,contributionsTotalData,2025-07-31T01:00:00.780Z,true,1769.33,4897.35,6666.684834,251032,
13,targetedPersonsData,2025-07-31T01:00:00.780Z,true,2015.36,5086.59,7101.9465,385970,
14,targetedPersonsDetailsData,2025-07-31T01:00:00.780Z,true,2454.98,4903.92,7358.903499999999,2004400,
15,dataGam,2025-07-31T01:00:00.780Z,true,1.34,6622.83,6624.164291,31359,
16,masterGam,2025-07-31T01:00:00.780Z,true,0.19,4887.7,4887.885625,947,
17,masterOrganizations,2025-07-31T01:00:00.780Z,true,1.39,3242.23,3243.6141669999997,258,
18,masterSectors,2025-07-31T01:00:00.780Z,true,1.55,3251.09,3252.633958,1386,
19,allocationsDataResults,2025-07-31T01:00:00.780Z,true,338.33,4885.53,5223.857,63680,
20,resultsBySector,2025-07-31T01:00:00.780Z,true,48.95,3283.89,3332.847084,967062,
21,resultsByDisability,2025-07-31T01:00:00.780Z,true,0.52,3227.69,3228.2067920000004,0,
22,resultsByType,2025-07-31T01:00:00.780Z,true,78.5,3348.82,3427.315084,3109996,
23,resultsByBeneficiaryType,2025-07-31T01:00:00.780Z,true,79.69,3274.95,3354.639375,1278969,
24,resultsByOrganization,2025-07-31T01:00:00.780Z,true,79.51,3292.51,3372.0162499999997,1099819,
25,masterLocations,2025-07-31T01:00:00.780Z,true,46.43,3286.31,3332.744042,895339,
26,masterBeneficiaryType,2025-07-31T01:00:00.780Z,true,1.13,3254.57,3255.700459,602,
27,projectSummaryProgress,2025-07-31T01:00:00.780Z,true,1093.77,4886.46,5980.230291,146182,
28,sectorsData,2025-07-31T01:00:00.780Z,true,331.56,5043.25,5374.81225,77242,
29,globalIndicators,2025-07-31T01:00:00.780Z,true,1331.74,9963.76,11295.500041,562001,
30,masterOrganizationsProgress,2025-07-31T01:00:00.780Z,true,1673.05,4982.28,6655.327625,1061163,
31,projectStatusMaster,2025-07-31T01:00:00.780Z,true,666.41,4991.78,5658.190459,454803,
32,masterAllocationSource,2025-07-31T01:00:00.780Z,true,0.76,4873.79,4874.553792,54,
33,masterSectorsVo2,2025-07-31T01:00:00.780Z,true,2.55,4880.36,4882.90775,464,
34,masterGlobalIndicators,2025-07-31T01:00:00.780Z,true,2.82,4880.76,4883.579541,57797,
35,masterEmergencies,2025-07-31T01:00:00.780Z,true,4.04,4876.43,4880.468041,2278,
36,projectSummary,2025-07-31T01:00:00.780Z,true,1440.01,4879.04,6319.041709,210144,
37,projectSummaryAggregate,2025-07-31T01:00:00.780Z,true,1760.07,6498.19,8258.262625000001,578788,
38,HRPSummary,2025-07-31T01:00:00.780Z,true,3.39,4876.13,4879.519,18667,
39,emergencySummary,2025-07-31T01:00:00.780Z,true,2795.26,5007.67,7802.923334,685875,
1,masterDonors,2025-08-01T01:00:00.920Z,true,21.11,435.6,456.70579100000003,26321,
2,masterFunds,2025-08-01T01:00:00.920Z,true,10.94,372.46,383.392917,112548,
3,masterRegionalFunds,2025-08-01T01:00:00.920Z,true,10.29,367.5,377.79308299999997,1650,
4,masterAllocationTypes,2025-08-01T01:00:00.920Z,true,1.59,370.59,372.1772500000001,242,
5,launchedAllocationsData,2025-08-01T01:00:00.920Z,true,1357.69,7165.87,8523.557125,743753,
6,contributionsData,2025-08-01T01:00:00.920Z,true,6.55,370.07,376.622,89346,
7,allocationFlowData,2025-08-01T01:00:00.920Z,true,2.2,2811.41,2813.602583,44058,
8,masterPooledFunds,2025-08-01T01:00:00.920Z,true,3.22,2312.58,2315.801875,2095,
9,masterPartners,2025-08-01T01:00:00.920Z,true,1.35,2314.47,2315.825167,107,
10,masterSubPartners,2025-08-01T01:00:00.920Z,true,0.94,2474.25,2475.19125,483,
11,allocationsData,2025-08-01T01:00:00.920Z,true,1109.09,2800.48,3909.573458,135950,
12,contributionsTotalData,2025-08-01T01:00:00.920Z,true,1669.7,3367.56,5037.269375,251022,
13,targetedPersonsData,2025-08-01T01:00:00.920Z,true,2190.5,2889.5,5080.002542,386056,
14,targetedPersonsDetailsData,2025-08-01T01:00:00.920Z,true,2466.67,2883.22,5349.8880420000005,2004798,
15,dataGam,2025-08-01T01:00:00.920Z,true,1.48,3502.85,3504.326833,31359,
16,masterGam,2025-08-01T01:00:00.920Z,true,2.02,2792.71,2794.7305410000004,947,
17,masterOrganizations,2025-08-01T01:00:00.920Z,true,1.79,2158.72,2160.506292,258,
18,masterSectors,2025-08-01T01:00:00.920Z,true,2.49,1156.24,1158.729291,1386,
19,allocationsDataResults,2025-08-01T01:00:00.920Z,true,343.92,2462.56,2806.485209,63632,
20,resultsBySector,2025-08-01T01:00:00.920Z,true,160.09,1233.12,1393.209167,967548,
21,resultsByDisability,2025-08-01T01:00:00.920Z,true,65.19,1173.16,1238.343208,983406,
22,resultsByType,2025-08-01T01:00:00.920Z,true,161.51,1358.58,1520.08375,3111693,
23,resultsByBeneficiaryType,2025-08-01T01:00:00.920Z,true,128.12,1203.38,1331.499791,1279663,
24,resultsByOrganization,2025-08-01T01:00:00.920Z,true,154.92,1216.75,1371.674209,1100475,
25,masterLocations,2025-08-01T01:00:00.920Z,true,32.54,1185.66,1218.2008329999999,895979,
26,masterBeneficiaryType,2025-08-01T01:00:00.920Z,true,1.69,1157.36,1159.051083,602,
27,projectSummaryProgress,2025-08-01T01:00:00.920Z,true,1791.84,2789.78,4581.620792,147439,
28,sectorsData,2025-08-01T01:00:00.920Z,true,328.54,2802.79,3131.3315,77846,
29,globalIndicators,2025-08-01T01:00:00.920Z,true,1536.88,10042.17,11579.056750000002,564420,
30,masterOrganizationsProgress,2025-08-01T01:00:00.920Z,true,1707.56,2976.08,4683.6452500000005,1061252,
31,projectStatusMaster,2025-08-01T01:00:00.920Z,true,1004.33,2786.03,3790.3603330000005,454654,
32,masterAllocationSource,2025-08-01T01:00:00.920Z,true,3,2775.26,2778.2601670000004,54,
33,masterSectorsVo2,2025-08-01T01:00:00.920Z,true,3.84,2768.2,2772.03625,464,
34,masterGlobalIndicators,2025-08-01T01:00:00.920Z,true,2.96,2774.88,2777.835708,57797,
35,masterEmergencies,2025-08-01T01:00:00.920Z,true,5.41,2765.22,2770.633417,2278,
36,projectSummary,2025-08-01T01:00:00.920Z,true,1116.22,2781.21,3897.4285,211756,
37,projectSummaryAggregate,2025-08-01T01:00:00.920Z,true,2678.52,4353.56,7032.08375,580792,
38,HRPSummary,2025-08-01T01:00:00.920Z,true,0.5,3418.69,3419.189167,18667,
39,emergencySummary,2025-08-01T01:00:00.920Z,true,2542.62,2768.74,5311.362542,686412,
1,masterDonors,2025-08-02T01:00:00.660Z,true,10.07,413.82,423.884625,26321,
2,masterFunds,2025-08-02T01:00:00.660Z,true,9.14,349.44,358.581167,112548,
3,masterRegionalFunds,2025-08-02T01:00:00.660Z,true,1.63,352.03,353.661792,1650,
4,masterAllocationTypes,2025-08-02T01:00:00.660Z,true,7.44,332.76,340.20708300000007,242,
5,launchedAllocationsData,2025-08-02T01:00:00.660Z,true,1322.99,6468.38,7791.364875,745444,
6,contributionsData,2025-08-02T01:00:00.660Z,true,7.53,345.45,352.97583399999996,89346,
7,allocationFlowData,2025-08-02T01:00:00.660Z,true,7.67,4238.71,4246.381166,44058,
8,masterPooledFunds,2025-08-02T01:00:00.660Z,true,4.58,4225.35,4229.924875000001,2095,
9,masterPartners,2025-08-02T01:00:00.660Z,true,11.97,4230.54,4242.51375,107,
10,masterSubPartners,2025-08-02T01:00:00.660Z,true,3.21,4224.31,4227.515833,483,
11,allocationsData,2025-08-02T01:00:00.660Z,true,992.38,4218.84,5211.224375,136024,
12,contributionsTotalData,2025-08-02T01:00:00.660Z,true,2313.94,4224.18,6538.119583,251020,
13,targetedPersonsData,2025-08-02T01:00:00.660Z,true,2767.3,5058.29,7825.591291000001,386059,
14,targetedPersonsDetailsData,2025-08-02T01:00:00.660Z,true,2498.04,4232.25,6730.287458,2004866,
15,dataGam,2025-08-02T01:00:00.660Z,true,1.44,4968.09,4969.526125,31359,
16,masterGam,2025-08-02T01:00:00.660Z,true,10.72,4223.41,4234.131709,947,
17,masterOrganizations,2025-08-02T01:00:00.660Z,true,1.18,2271.67,2272.850458,258,
18,masterSectors,2025-08-02T01:00:00.660Z,true,2.85,2259.9,2262.748958,1386,
19,allocationsDataResults,2025-08-02T01:00:00.660Z,true,327.4,4215.16,4542.552958,63663,
20,resultsBySector,2025-08-02T01:00:00.660Z,true,40.35,2276.37,2316.723333,968997,
21,resultsByDisability,2025-08-02T01:00:00.660Z,true,75.65,2298.16,2373.8035,984583,
22,resultsByType,2025-08-02T01:00:00.660Z,true,112.04,2334.16,2446.201833,3114605,
23,resultsByBeneficiaryType,2025-08-02T01:00:00.660Z,true,87.43,2315.27,2402.701125,1281121,
24,resultsByOrganization,2025-08-02T01:00:00.660Z,true,69.34,2292.09,2361.428417,1101668,
25,masterLocations,2025-08-02T01:00:00.660Z,true,32.2,2268.94,2301.1350829999997,896367,
26,masterBeneficiaryType,2025-08-02T01:00:00.660Z,true,1.51,2259.85,2261.367667,602,
27,projectSummaryProgress,2025-08-02T01:00:00.660Z,true,1016.49,4221.47,5237.962292,147543,
28,sectorsData,2025-08-02T01:00:00.660Z,true,333.68,4915.07,5248.75075,77906,
29,globalIndicators,2025-08-02T01:00:00.660Z,true,1325.48,9606.5,10931.988582999998,564694,
30,masterOrganizationsProgress,2025-08-02T01:00:00.660Z,true,1650.65,4791.02,6441.678083,1061307,
31,projectStatusMaster,2025-08-02T01:00:00.660Z,true,663.12,4220.8,4883.920625000001,454740,
32,masterAllocationSource,2025-08-02T01:00:00.660Z,true,2.84,4219.55,4222.389958,54,
33,masterSectorsVo2,2025-08-02T01:00:00.660Z,true,9.7,4210.62,4220.3235,464,
34,masterGlobalIndicators,2025-08-02T01:00:00.660Z,true,8.77,4212.5,4221.274917000001,57797,
35,masterEmergencies,2025-08-02T01:00:00.660Z,true,4.72,4214.05,4218.770874999999,2278,
36,projectSummary,2025-08-02T01:00:00.660Z,true,983.68,4208.89,5192.573458,211643,
37,projectSummaryAggregate,2025-08-02T01:00:00.660Z,true,2111.02,5413.55,7524.575917,578796,
38,HRPSummary,2025-08-02T01:00:00.660Z,true,8.97,4208.55,4217.524083,18667,
39,emergencySummary,2025-08-02T01:00:00.660Z,true,1452.61,4215.13,5667.746667,686306,
1,masterDonors,2025-08-03T01:00:00.918Z,true,19.01,416.72,435.72175000000004,26321,
2,masterFunds,2025-08-03T01:00:00.918Z,true,7.44,357.11,364.54645899999997,112548,
3,masterRegionalFunds,2025-08-03T01:00:00.918Z,true,10.29,349.65,359.939708,1650,
4,masterAllocationTypes,2025-08-03T01:00:00.918Z,true,1.71,356.15,357.859667,242,
5,launchedAllocationsData,2025-08-03T01:00:00.918Z,true,1351.15,10398.03,11749.174749999998,745462,
6,contributionsData,2025-08-03T01:00:00.918Z,true,9.1,361.56,370.655416,89346,
7,allocationFlowData,2025-08-03T01:00:00.918Z,true,1.18,3560.16,3561.331792,44175,
8,masterPooledFunds,2025-08-03T01:00:00.918Z,true,0.16,3001.23,3001.3882919999996,2095,
9,masterPartners,2025-08-03T01:00:00.918Z,true,0.23,2979.35,2979.577875,107,
10,masterSubPartners,2025-08-03T01:00:00.918Z,true,0.31,3046.51,3046.824959,483,
11,allocationsData,2025-08-03T01:00:00.918Z,true,1339.32,3006.68,4345.9997920000005,136163,
12,contributionsTotalData,2025-08-03T01:00:00.918Z,true,1675.87,3132.53,4808.402125,251020,
13,targetedPersonsData,2025-08-03T01:00:00.918Z,true,1783.81,3607.79,5391.599749999999,387358,
14,targetedPersonsDetailsData,2025-08-03T01:00:00.918Z,true,2356.15,3378.86,5735.003916,2007243,
15,dataGam,2025-08-03T01:00:00.918Z,true,0.97,3847.48,3848.454834,31410,
16,masterGam,2025-08-03T01:00:00.918Z,true,0.2,3074.19,3074.384459,947,
17,masterOrganizations,2025-08-03T01:00:00.918Z,true,0.9,1865.28,1866.173292,258,
18,masterSectors,2025-08-03T01:00:00.918Z,true,1.61,1854.32,1855.9283329999998,1386,
19,allocationsDataResults,2025-08-03T01:00:00.918Z,true,342.1,3038.35,3380.454291,63745,
20,resultsBySector,2025-08-03T01:00:00.918Z,true,72.65,1906.51,1979.1672080000003,969084,
21,resultsByDisability,2025-08-03T01:00:00.918Z,true,43.21,1898.79,1942.0025839999998,984586,
22,resultsByType,2025-08-03T01:00:00.918Z,true,67.31,2007.62,2074.933292,3114816,
23,resultsByBeneficiaryType,2025-08-03T01:00:00.918Z,true,96.36,1913.43,2009.7901249999998,1281207,
24,resultsByOrganization,2025-08-03T01:00:00.918Z,true,84.9,1914.95,1999.842541,1101671,
25,masterLocations,2025-08-03T01:00:00.918Z,true,47.82,1961.18,2009.0008749999997,896546,
26,masterBeneficiaryType,2025-08-03T01:00:00.918Z,true,0.68,2003.67,2004.3460000000002,602,
27,projectSummaryProgress,2025-08-03T01:00:00.918Z,true,1448.73,3635.84,5084.569083,154538,
28,sectorsData,2025-08-03T01:00:00.918Z,true,441.86,3283.38,3725.240833,82002,
29,globalIndicators,2025-08-03T01:00:00.918Z,true,1434.15,7662.37,9096.516833,572408,
30,masterOrganizationsProgress,2025-08-03T01:00:00.918Z,true,1683.33,3614.43,5297.7576659999995,1061311,
31,projectStatusMaster,2025-08-03T01:00:00.918Z,true,672.85,3183.74,3856.5872919999997,454837,
32,masterAllocationSource,2025-08-03T01:00:00.918Z,true,0.31,3047.41,3047.7195,54,
33,masterSectorsVo2,2025-08-03T01:00:00.918Z,true,0.18,3052.58,3052.763292,464,
34,masterGlobalIndicators,2025-08-03T01:00:00.918Z,true,1.64,3075.91,3077.548625,57797,
35,masterEmergencies,2025-08-03T01:00:00.918Z,true,0.25,3099.79,3100.041875,2278,
36,projectSummary,2025-08-03T01:00:00.918Z,true,1461.83,3080.9,4542.729125,221981,
37,projectSummaryAggregate,2025-08-03T01:00:00.918Z,true,2668.91,5034.65,7703.553,592401,
38,HRPSummary,2025-08-03T01:00:00.918Z,true,0.3,3214.83,3215.131417,18667,
39,emergencySummary,2025-08-03T01:00:00.918Z,true,1800.28,3101.92,4902.194917,690194,
1,masterDonors,2025-08-04T01:00:00.884Z,true,2.86,430.86,433.724917,26321,
2,masterFunds,2025-08-04T01:00:00.884Z,true,6.07,355.65,361.718791,112548,
3,masterRegionalFunds,2025-08-04T01:00:00.884Z,true,4.62,352.61,357.236,1650,
4,masterAllocationTypes,2025-08-04T01:00:00.884Z,true,8.6,337.21,345.8012090000001,242,
5,launchedAllocationsData,2025-08-04T01:00:00.884Z,true,1211.23,8152.23,9363.459459,745462,
6,contributionsData,2025-08-04T01:00:00.884Z,true,11.44,345.23,356.66654199999994,89346,
7,allocationFlowData,2025-08-04T01:00:00.884Z,true,1.66,3994.17,3995.8257920000005,44175,
8,masterPooledFunds,2025-08-04T01:00:00.884Z,true,0.28,3866.16,3866.444375,2095,
9,masterPartners,2025-08-04T01:00:00.884Z,true,0.97,3901.4,3902.3687080000004,107,
10,masterSubPartners,2025-08-04T01:00:00.884Z,true,1.9,3947.16,3949.06225,483,
11,allocationsData,2025-08-04T01:00:00.884Z,true,1012.78,4007.79,5020.574291999999,136163,
12,contributionsTotalData,2025-08-04T01:00:00.884Z,true,1217.95,4151.37,5369.317625000001,251018,
13,targetedPersonsData,2025-08-04T01:00:00.884Z,true,4012.48,5067.06,9079.536542000002,387366,
14,targetedPersonsDetailsData,2025-08-04T01:00:00.884Z,true,2674.85,4369.45,7044.3060000000005,2007339,
15,dataGam,2025-08-04T01:00:00.884Z,true,0.71,5291.52,5292.226833000001,31410,
16,masterGam,2025-08-04T01:00:00.884Z,true,1.24,3838.92,3840.1595420000003,947,
17,masterOrganizations,2025-08-04T01:00:00.884Z,true,0.95,2647.45,2648.403042,258,
18,masterSectors,2025-08-04T01:00:00.884Z,true,1.9,2639.72,2641.615,1386,
19,allocationsDataResults,2025-08-04T01:00:00.884Z,true,334.64,3913.81,4248.455209,63745,
20,resultsBySector,2025-08-04T01:00:00.884Z,true,50.75,2673.88,2724.629458,969266,
21,resultsByDisability,2025-08-04T01:00:00.884Z,true,59.26,2740.66,2799.921417,984843,
22,resultsByType,2025-08-04T01:00:00.884Z,true,83.96,2759.55,2843.511791,3115225,
23,resultsByBeneficiaryType,2025-08-04T01:00:00.884Z,true,70.34,2689.78,2760.1152500000003,1281516,
24,resultsByOrganization,2025-08-04T01:00:00.884Z,true,66.08,2685.12,2751.194291,1101932,
25,masterLocations,2025-08-04T01:00:00.884Z,true,29.22,2663.44,2692.6521249999996,896546,
26,masterBeneficiaryType,2025-08-04T01:00:00.884Z,true,0.75,2654.23,2654.98025,602,
27,projectSummaryProgress,2025-08-04T01:00:00.884Z,true,1007.78,4121.78,5129.557541,154582,
28,sectorsData,2025-08-04T01:00:00.884Z,true,656.33,4046.21,4702.541458,82031,
29,globalIndicators,2025-08-04T01:00:00.884Z,true,1530.03,8383.29,9913.318040999999,572424,
30,masterOrganizationsProgress,2025-08-04T01:00:00.884Z,true,1442.04,4151.06,5593.097457999999,1061311,
31,projectStatusMaster,2025-08-04T01:00:00.884Z,true,662.89,4171.14,4834.027083999999,454795,
32,masterAllocationSource,2025-08-04T01:00:00.884Z,true,0.29,4035.29,4035.58675,54,
33,masterSectorsVo2,2025-08-04T01:00:00.884Z,true,2.76,3899.06,3901.8152499999997,464,
34,masterGlobalIndicators,2025-08-04T01:00:00.884Z,true,1.85,3924.5,3926.3442079999995,57797,
35,masterEmergencies,2025-08-04T01:00:00.884Z,true,0.3,3876.11,3876.404709,2278,
36,projectSummary,2025-08-04T01:00:00.884Z,true,1345.41,3972.62,5318.025625,221981,
37,projectSummaryAggregate,2025-08-04T01:00:00.884Z,true,1449.3,6254.06,7703.362125,592401,
38,HRPSummary,2025-08-04T01:00:00.884Z,true,0.48,4060.38,4060.856167,18667,
39,emergencySummary,2025-08-04T01:00:00.884Z,true,1792.17,3895.92,5688.085041,690189,
1,masterDonors,2025-08-05T01:00:01.102Z,true,1.66,423.87,425.52695800000004,26321,
2,masterFunds,2025-08-05T01:00:01.102Z,true,8.76,339.78,348.5417080000001,112548,
3,masterRegionalFunds,2025-08-05T01:00:01.102Z,true,11.61,330.91,342.51866700000005,1650,
4,masterAllocationTypes,2025-08-05T01:00:01.102Z,true,1.28,339.25,340.52599999999995,242,
5,launchedAllocationsData,2025-08-05T01:00:01.102Z,true,1490.05,7147.3,8637.353500000001,745498,
6,contributionsData,2025-08-05T01:00:01.102Z,true,3.76,350.29,354.0469999999999,89346,
7,allocationFlowData,2025-08-05T01:00:01.102Z,true,1.75,2391.68,2393.434958,44175,
8,masterPooledFunds,2025-08-05T01:00:01.102Z,true,7.74,2349.62,2357.361542,2095,
9,masterPartners,2025-08-05T01:00:01.102Z,true,6.18,2350.09,2356.272375,107,
10,masterSubPartners,2025-08-05T01:00:01.102Z,true,5.34,2352.16,2357.5001669999997,483,
11,allocationsData,2025-08-05T01:00:01.102Z,true,836.03,1994.21,2830.2421249999998,136233,
12,contributionsTotalData,2025-08-05T01:00:01.102Z,true,1853.66,2351.86,4205.527417,251022,
13,targetedPersonsData,2025-08-05T01:00:01.102Z,true,2345.77,2719.48,5065.2534590000005,387372,
14,targetedPersonsDetailsData,2025-08-05T01:00:01.102Z,true,2988.36,2511.18,5499.534125,2007439,
15,dataGam,2025-08-05T01:00:01.102Z,true,1.91,3188.1,3190.011291,31410,
16,masterGam,2025-08-05T01:00:01.102Z,true,4.31,2346.05,2350.358541,947,
17,masterOrganizations,2025-08-05T01:00:01.102Z,true,1.25,702.39,703.642958,258,
18,masterSectors,2025-08-05T01:00:01.102Z,true,2.22,692.29,694.510334,1386,
19,allocationsDataResults,2025-08-05T01:00:01.102Z,true,370.25,2344.89,2715.1402089999997,63774,
20,resultsBySector,2025-08-05T01:00:01.102Z,true,74.07,726.72,800.7912499999999,970525,
21,resultsByDisability,2025-08-05T01:00:01.102Z,true,51.6,713.26,764.8639999999999,985969,
22,resultsByType,2025-08-05T01:00:01.102Z,true,80.95,802.24,883.1891250000001,3119395,
23,resultsByBeneficiaryType,2025-08-05T01:00:01.102Z,true,84.91,720.62,805.5287920000001,1282929,
24,resultsByOrganization,2025-08-05T01:00:01.102Z,true,61.69,758.93,820.6195419999999,1103072,
25,masterLocations,2025-08-05T01:00:01.102Z,true,29.3,714.85,744.147834,898587,
26,masterBeneficiaryType,2025-08-05T01:00:01.102Z,true,5.27,680.89,686.1577500000001,602,
27,projectSummaryProgress,2025-08-05T01:00:01.102Z,true,837.76,2501.19,3338.951833,154616,
28,sectorsData,2025-08-05T01:00:01.102Z,true,752,2502.52,3254.518417,82052,
29,globalIndicators,2025-08-05T01:00:01.102Z,true,1601.83,14172.56,15774.39075,572561,
30,masterOrganizationsProgress,2025-08-05T01:00:01.102Z,true,1695,2559.18,4254.184959,1061316,
31,projectStatusMaster,2025-08-05T01:00:01.102Z,true,1128.74,2542.13,3670.8667079999996,454831,
32,masterAllocationSource,2025-08-05T01:00:01.102Z,true,9.14,2323.18,2332.325334,54,
33,masterSectorsVo2,2025-08-05T01:00:01.102Z,true,0.56,2349.05,2349.616333,464,
34,masterGlobalIndicators,2025-08-05T01:00:01.102Z,true,1.75,2333.32,2335.065708,57797,
35,masterEmergencies,2025-08-05T01:00:01.102Z,true,10.78,2319.61,2330.383375,2278,
36,projectSummary,2025-08-05T01:00:01.102Z,true,1464.61,2325.95,3790.5617500000003,221981,
37,projectSummaryAggregate,2025-08-05T01:00:01.102Z,true,2240.22,3883.62,6123.843333999999,592653,
38,HRPSummary,2025-08-05T01:00:01.102Z,true,0.44,2351.11,2351.55175,18667,
39,emergencySummary,2025-08-05T01:00:01.102Z,true,2334.38,2343.63,4678.008917,690184,
1,masterDonors,2025-08-06T01:00:01.232Z,true,24.07,419.16,443.23216700000006,26321,
2,masterFunds,2025-08-06T01:00:01.232Z,true,16.33,360.92,377.249,112548,
3,masterRegionalFunds,2025-08-06T01:00:01.232Z,true,15.36,356.42,371.779791,1650,
4,masterAllocationTypes,2025-08-06T01:00:01.232Z,true,1.33,368.5,369.83149999999995,242,
5,launchedAllocationsData,2025-08-06T01:00:01.232Z,true,1483.96,8664.85,10148.8095,748989,
6,contributionsData,2025-08-06T01:00:01.232Z,true,14.41,356.87,371.27145899999994,89352,
7,allocationFlowData,2025-08-06T01:00:01.232Z,true,1.84,5196.09,5197.927958,44175,
8,masterPooledFunds,2025-08-06T01:00:01.232Z,true,16.91,5105.86,5122.769292,2095,
9,masterPartners,2025-08-06T01:00:01.232Z,true,15.85,5105.81,5121.662917000001,107,
10,masterSubPartners,2025-08-06T01:00:01.232Z,true,21.26,5098.41,5119.668042,483,
11,allocationsData,2025-08-06T01:00:01.232Z,true,736.22,5095.25,5831.477709,136237,
12,contributionsTotalData,2025-08-06T01:00:01.232Z,true,1492.87,5103.56,6596.432292,251040,
13,targetedPersonsData,2025-08-06T01:00:01.232Z,true,1459.75,5106.54,6566.29125,387373,
14,targetedPersonsDetailsData,2025-08-06T01:00:01.232Z,true,2676.5,5094.78,7771.275000000001,2007460,
15,dataGam,2025-08-06T01:00:01.232Z,true,4.5,5109.63,5114.128833,31410,
16,masterGam,2025-08-06T01:00:01.232Z,true,25.25,5084.84,5110.090959,947,
17,masterOrganizations,2025-08-06T01:00:01.232Z,true,1.38,2923.52,2924.899042,258,
18,masterSectors,2025-08-06T01:00:01.232Z,true,1.6,2912.28,2913.884167,1386,
19,allocationsDataResults,2025-08-06T01:00:01.232Z,true,369.21,5085.24,5454.459334,63776,
20,resultsBySector,2025-08-06T01:00:01.232Z,true,79.07,2960.11,3039.173167,971003,
21,resultsByDisability,2025-08-06T01:00:01.232Z,true,54.2,2951.64,3005.834917,986408,
22,resultsByType,2025-08-06T01:00:01.232Z,true,105.4,3012.1,3117.501541,3120456,
23,resultsByBeneficiaryType,2025-08-06T01:00:01.232Z,true,65.69,2940.38,3006.066583,1283645,
24,resultsByOrganization,2025-08-06T01:00:01.232Z,true,82.61,2970.14,3052.752541,1103517,
25,masterLocations,2025-08-06T01:00:01.232Z,true,41.04,3041.6,3082.6352079999997,898587,
26,masterBeneficiaryType,2025-08-06T01:00:01.232Z,true,1,2918.3,2919.30075,602,
27,projectSummaryProgress,2025-08-06T01:00:01.232Z,true,1106.09,5081.74,6187.828666,154616,
28,sectorsData,2025-08-06T01:00:01.232Z,true,279.12,5082.75,5361.875291,82058,
29,globalIndicators,2025-08-06T01:00:01.232Z,true,1996.4,9775.84,11772.235125,572442,
30,masterOrganizationsProgress,2025-08-06T01:00:01.232Z,true,1838.74,5453.24,7291.977209,1061506,
31,projectStatusMaster,2025-08-06T01:00:01.232Z,true,372.41,5086.94,5459.353917,454696,
32,masterAllocationSource,2025-08-06T01:00:01.232Z,true,27.88,5062.67,5090.55025,54,
33,masterSectorsVo2,2025-08-06T01:00:01.232Z,true,7.77,5082.58,5090.348833,464,
34,masterGlobalIndicators,2025-08-06T01:00:01.232Z,true,9.64,5082.64,5092.275125,57797,
35,masterEmergencies,2025-08-06T01:00:01.232Z,true,0.34,4869.66,4870.004417,2278,
36,projectSummary,2025-08-06T01:00:01.232Z,true,1430.52,5083.96,6514.4791669999995,221966,
37,projectSummaryAggregate,2025-08-06T01:00:01.232Z,true,1501.11,6359.87,7860.980167000001,592653,
38,HRPSummary,2025-08-06T01:00:01.232Z,true,12.06,5074.11,5086.169833999999,18667,
39,emergencySummary,2025-08-06T01:00:01.232Z,true,2207.57,5073.73,7281.298917,690225,
1,masterDonors,2025-08-07T01:00:01.239Z,true,11.23,408.33,419.56250000000006,26321,
2,masterFunds,2025-08-07T01:00:01.239Z,true,10.45,346.57,357.020709,112548,
3,masterRegionalFunds,2025-08-07T01:00:01.239Z,true,1.92,349.89,351.80929199999997,1650,
4,masterAllocationTypes,2025-08-07T01:00:01.239Z,true,7.04,330.16,337.206917,242,
5,launchedAllocationsData,2025-08-07T01:00:01.239Z,true,1506.44,7712.5,9218.941166,748991,
6,contributionsData,2025-08-07T01:00:01.239Z,true,8.76,342.59,351.35037500000004,89352,
7,allocationFlowData,2025-08-07T01:00:01.239Z,true,2.37,5193.7,5196.068416,44175,
8,masterPooledFunds,2025-08-07T01:00:01.239Z,true,1.68,5020.53,5022.2062080000005,2095,
9,masterPartners,2025-08-07T01:00:01.239Z,true,12.76,5199.46,5212.2225,107,
10,masterSubPartners,2025-08-07T01:00:01.239Z,true,4.16,5015.06,5019.225375,483,
11,allocationsData,2025-08-07T01:00:01.239Z,true,1506.26,5017.73,6523.995709,136304,
12,contributionsTotalData,2025-08-07T01:00:01.239Z,true,1477.03,5013.7,6490.734292,251035,
13,targetedPersonsData,2025-08-07T01:00:01.239Z,true,3057.44,5201.16,8258.605042,387390,
14,targetedPersonsDetailsData,2025-08-07T01:00:01.239Z,true,2789.87,5204.95,7994.817625,2008562,
15,dataGam,2025-08-07T01:00:01.239Z,true,0.89,5409.83,5410.715667,31452,
16,masterGam,2025-08-07T01:00:01.239Z,true,0.69,5179.53,5180.2295,947,
17,masterOrganizations,2025-08-07T01:00:01.239Z,true,2.86,3173.71,3176.567209,258,
18,masterSectors,2025-08-07T01:00:01.239Z,true,5.13,3192.47,3197.6028340000003,1386,
19,allocationsDataResults,2025-08-07T01:00:01.239Z,true,368.78,5000.84,5369.61375,63803,
20,resultsBySector,2025-08-07T01:00:01.239Z,true,72.18,3209.64,3281.819042,971003,
21,resultsByDisability,2025-08-07T01:00:01.239Z,true,32.99,3192.6,3225.596333,986408,
22,resultsByType,2025-08-07T01:00:01.239Z,true,87.76,3271.59,3359.353792,3120456,
23,resultsByBeneficiaryType,2025-08-07T01:00:01.239Z,true,77.71,3224.5,3302.2112079999997,1283645,
24,resultsByOrganization,2025-08-07T01:00:01.239Z,true,72.25,3214.55,3286.798792,1103517,
25,masterLocations,2025-08-07T01:00:01.239Z,true,24.35,3181.93,3206.281208,898587,
26,masterBeneficiaryType,2025-08-07T01:00:01.239Z,true,1.09,3190.8,3191.891333,602,
27,projectSummaryProgress,2025-08-07T01:00:01.239Z,true,1116.29,5181.18,6297.4772920000005,157701,
28,sectorsData,2025-08-07T01:00:01.239Z,true,747.6,5448.32,6195.915,83546,
29,globalIndicators,2025-08-07T01:00:01.239Z,true,1496.89,9519.55,11016.439166,574241,
30,masterOrganizationsProgress,2025-08-07T01:00:01.239Z,true,1798.89,5181,6979.885791000001,1061521,
31,projectStatusMaster,2025-08-07T01:00:01.239Z,true,485.52,5491.33,5976.854375,454884,
32,masterAllocationSource,2025-08-07T01:00:01.239Z,true,1.32,5166.12,5167.445084,54,
33,masterSectorsVo2,2025-08-07T01:00:01.239Z,true,11.11,5175.9,5187.014958999999,464,
34,masterGlobalIndicators,2025-08-07T01:00:01.239Z,true,0.72,5163.34,5164.062041,57797,
35,masterEmergencies,2025-08-07T01:00:01.239Z,true,7.15,5170.6,5177.743208,2278,
36,projectSummary,2025-08-07T01:00:01.239Z,true,2198.49,5158.16,7356.6465,226584,
37,projectSummaryAggregate,2025-08-07T01:00:01.239Z,true,2334.94,6353.07,8688.009167,607071,
38,HRPSummary,2025-08-07T01:00:01.239Z,true,0.56,5158.05,5158.608083,18667,
39,emergencySummary,2025-08-07T01:00:01.239Z,true,1859.88,5164.97,7024.852167,692352,
1,masterDonors,2025-08-08T01:00:01.050Z,true,18.41,521.56,539.9757920000001,26321,
2,masterFunds,2025-08-08T01:00:01.050Z,true,13.5,417.33,430.8241250000001,112548,
3,masterRegionalFunds,2025-08-08T01:00:01.050Z,true,11.49,409.66,421.15204100000005,1650,
4,masterAllocationTypes,2025-08-08T01:00:01.050Z,true,15.38,378.14,393.52254100000005,242,
5,launchedAllocationsData,2025-08-08T01:00:01.050Z,true,1498.33,7128.2,8626.528916,749617,
6,contributionsData,2025-08-08T01:00:01.050Z,true,11.62,409.66,421.27991600000007,89401,
7,allocationFlowData,2025-08-08T01:00:01.050Z,true,1.91,4802.48,4804.397125,44280,
8,masterPooledFunds,2025-08-08T01:00:01.050Z,true,4.37,4883.72,4888.0891249999995,2095,
9,masterPartners,2025-08-08T01:00:01.050Z,true,8.11,4565.36,4573.473790999999,107,
10,masterSubPartners,2025-08-08T01:00:01.050Z,true,2.97,4882.27,4885.231084,483,
11,allocationsData,2025-08-08T01:00:01.050Z,true,1218.61,4823.72,6042.33475,136906,
12,contributionsTotalData,2025-08-08T01:00:01.050Z,true,1218.3,4569.96,5788.263542,251231,
13,targetedPersonsData,2025-08-08T01:00:01.050Z,true,1581.89,5376.72,6958.605833,388352,
14,targetedPersonsDetailsData,2025-08-08T01:00:01.050Z,true,2670.77,4571.88,7242.644541,2012852,
15,dataGam,2025-08-08T01:00:01.050Z,true,4.68,4695.62,4700.306792,31619,
16,masterGam,2025-08-08T01:00:01.050Z,true,0.79,4875.7,4876.487832999999,947,
17,masterOrganizations,2025-08-08T01:00:01.050Z,true,1.66,2240.19,2241.849458,258,
18,masterSectors,2025-08-08T01:00:01.050Z,true,3.16,2221.58,2224.7365839999998,1386,
19,allocationsDataResults,2025-08-08T01:00:01.050Z,true,368.63,4555.8,4924.426375,64024,
20,resultsBySector,2025-08-08T01:00:01.050Z,true,44.97,2290.98,2335.947125,972165,
21,resultsByDisability,2025-08-08T01:00:01.050Z,true,80.73,2340.35,2421.0842079999998,987315,
22,resultsByType,2025-08-08T01:00:01.050Z,true,113.24,2330.92,2444.159208,3123431,
23,resultsByBeneficiaryType,2025-08-08T01:00:01.050Z,true,65.76,2282.53,2348.296125,1285220,
24,resultsByOrganization,2025-08-08T01:00:01.050Z,true,79.2,2289.19,2368.3903330000003,1104579,
25,masterLocations,2025-08-08T01:00:01.050Z,true,37.19,2260.45,2297.644834,899712,
26,masterBeneficiaryType,2025-08-08T01:00:01.050Z,true,1.14,2235.88,2237.021875,602,
27,projectSummaryProgress,2025-08-08T01:00:01.050Z,true,1114.41,4682.16,5796.5698330000005,169894,
28,sectorsData,2025-08-08T01:00:01.050Z,true,369.71,5241.57,5611.278416,89651,
29,globalIndicators,2025-08-08T01:00:01.050Z,true,1863.41,8030.58,9893.99225,582650,
30,masterOrganizationsProgress,2025-08-08T01:00:01.050Z,true,1677.4,4544.66,6222.056167000001,1061565,
31,projectStatusMaster,2025-08-08T01:00:01.050Z,true,752.14,4963.3,5715.440792,454779,
32,masterAllocationSource,2025-08-08T01:00:01.050Z,true,5.25,4539.41,4544.661458,54,
33,masterSectorsVo2,2025-08-08T01:00:01.050Z,true,4.09,4539.75,4543.844417,464,
34,masterGlobalIndicators,2025-08-08T01:00:01.050Z,true,8.85,4535.84,4544.690042,57797,
35,masterEmergencies,2025-08-08T01:00:01.050Z,true,1.51,4541.81,4543.322083,2278,
36,projectSummary,2025-08-08T01:00:01.050Z,true,1495.16,4686.34,6181.502291,244729,
37,projectSummaryAggregate,2025-08-08T01:00:01.050Z,false,,,,,The operation was aborted.
38,HRPSummary,2025-08-08T01:00:01.050Z,true,1.6,4673.73,4675.32275,18667,
39,emergencySummary,2025-08-08T01:00:01.050Z,true,1598.31,4675.15,6273.460417,699897,
1,masterDonors,2025-08-10T01:00:01.696Z,true,2.34,613.11,615.4536250000001,26321,
2,masterFunds,2025-08-10T01:00:01.696Z,true,15.6,396.17,411.7713339999999,112548,
3,masterRegionalFunds,2025-08-10T01:00:01.696Z,true,1.55,471.94,473.49354200000005,1650,
4,masterAllocationTypes,2025-08-10T01:00:01.696Z,true,0.95,403.63,404.58066600000006,242,
5,launchedAllocationsData,2025-08-10T01:00:01.696Z,true,1478.22,9942.32,11420.543749999999,749872,
6,contributionsData,2025-08-10T01:00:01.696Z,true,8.86,396.49,405.347042,89401,
7,allocationFlowData,2025-08-10T01:00:01.696Z,true,2.45,4468.12,4470.57125,44333,
8,masterPooledFunds,2025-08-10T01:00:01.696Z,true,0.29,4253.62,4253.906542,2165,
9,masterPartners,2025-08-10T01:00:01.696Z,true,0.32,4237.19,4237.513459,107,
10,masterSubPartners,2025-08-10T01:00:01.696Z,true,0.75,4316.38,4317.123625,483,
11,allocationsData,2025-08-10T01:00:01.696Z,true,1097.17,4283.56,5380.725584,137005,
12,contributionsTotalData,2025-08-10T01:00:01.696Z,true,1686.32,4395.78,6082.0930419999995,251231,
13,targetedPersonsData,2025-08-10T01:00:01.696Z,true,2242.28,4835.98,7078.2619159999995,388658,
14,targetedPersonsDetailsData,2025-08-10T01:00:01.696Z,true,2912.04,4907.27,7819.312250000001,2015334,
15,dataGam,2025-08-10T01:00:01.696Z,true,0.9,5221.89,5222.787082999999,31691,
16,masterGam,2025-08-10T01:00:01.696Z,true,2.46,4305.3,4307.761125,947,
17,masterOrganizations,2025-08-10T01:00:01.696Z,true,1.94,2885.74,2887.68075,258,
18,masterSectors,2025-08-10T01:00:01.696Z,true,1.69,2890.77,2892.456292,1386,
19,allocationsDataResults,2025-08-10T01:00:01.696Z,true,746.66,4305.38,5052.038333,64050,
20,resultsBySector,2025-08-10T01:00:01.696Z,true,75.96,2939.18,3015.148625,972165,
21,resultsByDisability,2025-08-10T01:00:01.696Z,true,65.64,2933.74,2999.378667,987315,
22,resultsByType,2025-08-10T01:00:01.696Z,true,82.7,3008.74,3091.443209,3123439,
23,resultsByBeneficiaryType,2025-08-10T01:00:01.696Z,true,85.8,2940.91,3026.711459,1285220,
24,resultsByOrganization,2025-08-10T01:00:01.696Z,true,88.21,2946.29,3034.494,1104579,
25,masterLocations,2025-08-10T01:00:01.696Z,true,54.09,2911.39,2965.48125,899712,
26,masterBeneficiaryType,2025-08-10T01:00:01.696Z,true,5.67,2941.29,2946.952917,602,
27,projectSummaryProgress,2025-08-10T01:00:01.696Z,true,1490.05,4598.92,6088.964292000001,177523,
28,sectorsData,2025-08-10T01:00:01.696Z,true,371.95,5209.57,5581.523042000001,94170,
29,globalIndicators,2025-08-10T01:00:01.696Z,true,1593.32,9832.62,11425.933875,588929,
30,masterOrganizationsProgress,2025-08-10T01:00:01.696Z,true,1866.41,5399.1,7265.509792000001,1061694,
31,projectStatusMaster,2025-08-10T01:00:01.696Z,true,736.78,4720.24,5457.018333,467894,
32,masterAllocationSource,2025-08-10T01:00:01.696Z,true,3.83,4282.89,4286.725,54,
33,masterSectorsVo2,2025-08-10T01:00:01.696Z,true,0.4,4260.14,4260.542584,464,
34,masterGlobalIndicators,2025-08-10T01:00:01.696Z,true,3.66,4368.37,4372.030875,57797,
35,masterEmergencies,2025-08-10T01:00:01.696Z,true,0.54,4370.21,4370.7564999999995,2278,
36,projectSummary,2025-08-10T01:00:01.696Z,true,1205.85,4284.64,5490.4905,255246,
37,projectSummaryAggregate,2025-08-10T01:00:01.696Z,true,2355.96,5950.9,8306.856791,679544,
38,HRPSummary,2025-08-10T01:00:01.696Z,true,2.44,4425.64,4428.083208,18667,
39,emergencySummary,2025-08-10T01:00:01.696Z,true,2151.52,4379.39,6530.9135,703790,
1,masterDonors,2025-08-11T01:00:00.553Z,true,11.87,412.69,424.55899999999997,26321,
2,masterFunds,2025-08-11T01:00:00.553Z,true,5.77,354.61,360.37966600000004,112548,
3,masterRegionalFunds,2025-08-11T01:00:00.553Z,true,7.81,346.94,354.75383400000004,1650,
4,masterAllocationTypes,2025-08-11T01:00:00.553Z,true,8.56,330.52,339.081458,242,
5,launchedAllocationsData,2025-08-11T01:00:00.553Z,true,1486.28,8245.18,9731.459291,749873,
6,contributionsData,2025-08-11T01:00:00.553Z,true,10.19,344.41,354.598708,89401,
7,allocationFlowData,2025-08-11T01:00:00.553Z,true,1.86,4488.4,4490.257374999999,44333,
8,masterPooledFunds,2025-08-11T01:00:00.553Z,true,2.29,4178.14,4180.4265829999995,2165,
9,masterPartners,2025-08-11T01:00:00.553Z,true,1.49,4183.84,4185.338083,107,
10,masterSubPartners,2025-08-11T01:00:00.553Z,true,0.3,4193.04,4193.3355,483,
11,allocationsData,2025-08-11T01:00:00.553Z,true,1115.44,4233.31,5348.74975,137005,
12,contributionsTotalData,2025-08-11T01:00:00.553Z,true,1688.49,4267.78,5956.272958,251235,
13,targetedPersonsData,2025-08-11T01:00:00.553Z,true,2795.54,4797.91,7593.446333,388660,
14,targetedPersonsDetailsData,2025-08-11T01:00:00.553Z,true,2609.03,4636.76,7245.7949579999995,2015408,
15,dataGam,2025-08-11T01:00:00.553Z,true,1.52,5604.26,5605.777083,31691,
16,masterGam,2025-08-11T01:00:00.553Z,true,3.84,4165.04,4168.884917,947,
17,masterOrganizations,2025-08-11T01:00:00.553Z,true,4.73,1806.21,1810.9401659999999,258,
18,masterSectors,2025-08-11T01:00:00.553Z,true,8.35,1801.13,1809.4753339999997,1386,
19,allocationsDataResults,2025-08-11T01:00:00.553Z,true,374.4,4170.22,4544.624334,64050,
20,resultsBySector,2025-08-11T01:00:00.553Z,true,71.2,1822.4,1893.602167,972602,
21,resultsByDisability,2025-08-11T01:00:00.553Z,true,53.27,1808.5,1861.7761249999999,987716,
22,resultsByType,2025-08-11T01:00:00.553Z,true,98.95,1880.21,1979.156625,3124410,
23,resultsByBeneficiaryType,2025-08-11T01:00:00.553Z,true,66.77,1867.55,1934.322667,1285937,
24,resultsByOrganization,2025-08-11T01:00:00.553Z,true,83.68,1813.37,1897.04925,1104986,
25,masterLocations,2025-08-11T01:00:00.553Z,true,52.84,1815.19,1868.020792,899988,
26,masterBeneficiaryType,2025-08-11T01:00:00.553Z,true,2.33,1799.14,1801.4785829999998,602,
27,projectSummaryProgress,2025-08-11T01:00:00.553Z,true,1859.21,4260.01,6119.220208000001,177523,
28,sectorsData,2025-08-11T01:00:00.553Z,true,370.85,4359.95,4730.805334,94179,
29,globalIndicators,2025-08-11T01:00:00.553Z,true,1504.84,9517.08,11021.9275,588929,
30,masterOrganizationsProgress,2025-08-11T01:00:00.553Z,true,1866.3,4304.21,6170.50875,1061644,
31,projectStatusMaster,2025-08-11T01:00:00.553Z,true,734.5,4261.71,4996.209124999999,467786,
32,masterAllocationSource,2025-08-11T01:00:00.553Z,true,2.27,4151.13,4153.398542,54,
33,masterSectorsVo2,2025-08-11T01:00:00.553Z,true,0.36,4152.59,4152.956375,464,
34,masterGlobalIndicators,2025-08-11T01:00:00.553Z,true,3.08,3751.82,3754.8914999999997,57797,
35,masterEmergencies,2025-08-11T01:00:00.553Z,true,0.36,3781.87,3782.23275,2278,
36,projectSummary,2025-08-11T01:00:00.553Z,true,1095.39,4220.55,5315.936125,255246,
37,projectSummaryAggregate,2025-08-11T01:00:00.553Z,true,2314.06,6305.19,8619.254458,679544,
38,HRPSummary,2025-08-11T01:00:00.553Z,true,1.57,4200.46,4202.027,18667,
39,emergencySummary,2025-08-11T01:00:00.553Z,true,1846.83,3888.02,5734.8445,703785,
1,masterDonors,2025-08-12T01:00:00.974Z,true,5.06,428.26,433.326917,26321,
2,masterFunds,2025-08-12T01:00:00.974Z,true,10.13,344.76,354.891583,112548,
3,masterRegionalFunds,2025-08-12T01:00:00.974Z,true,2.17,348.22,350.393584,1650,
4,masterAllocationTypes,2025-08-12T01:00:00.974Z,true,7.31,330.61,337.923291,242,
5,launchedAllocationsData,2025-08-12T01:00:00.974Z,true,1461.74,8690.93,10152.669333,750727,
6,contributionsData,2025-08-12T01:00:00.974Z,true,5.42,360.65,366.07520800000003,89384,
7,allocationFlowData,2025-08-12T01:00:00.974Z,true,1.91,4649.24,4651.151583999999,44333,
8,masterPooledFunds,2025-08-12T01:00:00.974Z,true,2,4403.02,4405.013125,2165,
9,masterPartners,2025-08-12T01:00:00.974Z,true,0.58,4445.42,4445.996583,107,
10,masterSubPartners,2025-08-12T01:00:00.974Z,true,0.37,4363.78,4364.152917,483,
11,allocationsData,2025-08-12T01:00:00.974Z,true,1104.29,4468.21,5572.500917,137009,
12,contributionsTotalData,2025-08-12T01:00:00.974Z,true,1364.85,4612.38,5977.227457999999,251233,
13,targetedPersonsData,2025-08-12T01:00:00.974Z,true,2781.14,4983.16,7764.298499999999,388660,
14,targetedPersonsDetailsData,2025-08-12T01:00:00.974Z,true,2612.77,4858.73,7471.504875,2015436,
15,dataGam,2025-08-12T01:00:00.974Z,true,1.36,5553.85,5555.21675,31691,
16,masterGam,2025-08-12T01:00:00.974Z,true,0.57,4323.72,4324.292417000001,947,
17,masterOrganizations,2025-08-12T01:00:00.974Z,true,2.35,3020.5,3022.854083,258,
18,masterSectors,2025-08-12T01:00:00.974Z,true,5.71,3015.55,3021.266208,1386,
19,allocationsDataResults,2025-08-12T01:00:00.974Z,true,367.15,4389.39,4756.531,64052,
20,resultsBySector,2025-08-12T01:00:00.974Z,true,52.26,3094.39,3146.649166,972602,
21,resultsByDisability,2025-08-12T01:00:00.974Z,true,34.34,3049.56,3083.89825,987716,
22,resultsByType,2025-08-12T01:00:00.974Z,true,92.33,3136.25,3228.5801250000004,3124410,
23,resultsByBeneficiaryType,2025-08-12T01:00:00.974Z,true,54.37,3087.35,3141.719625,1285937,
24,resultsByOrganization,2025-08-12T01:00:00.974Z,true,73.46,3137.44,3210.896291,1104986,
25,masterLocations,2025-08-12T01:00:00.974Z,true,25.58,3065.13,3090.711708,899988,
26,masterBeneficiaryType,2025-08-12T01:00:00.974Z,true,1.35,3030.4,3031.752167,602,
27,projectSummaryProgress,2025-08-12T01:00:00.974Z,true,1560.42,4720,6280.427833,177667,
28,sectorsData,2025-08-12T01:00:00.974Z,true,734.16,4891.62,5625.782791,94251,
29,globalIndicators,2025-08-12T01:00:00.974Z,true,1848.43,10125.6,11974.03025,588975,
30,masterOrganizationsProgress,2025-08-12T01:00:00.974Z,true,1946.32,5010.33,6956.650041,1062259,
31,projectStatusMaster,2025-08-12T01:00:00.974Z,true,726.82,4738.07,5464.888916,467611,
32,masterAllocationSource,2025-08-12T01:00:00.974Z,true,2.55,4411.5,4414.055125,54,
33,masterSectorsVo2,2025-08-12T01:00:00.974Z,true,0.59,4370.22,4370.813042,464,
34,masterGlobalIndicators,2025-08-12T01:00:00.974Z,true,1.87,4416.96,4418.829334,57797,
35,masterEmergencies,2025-08-12T01:00:00.974Z,true,1.85,4415.05,4416.89325,2278,
36,projectSummary,2025-08-12T01:00:00.974Z,true,2378.59,4656.59,7035.18375,255246,
37,projectSummaryAggregate,2025-08-12T01:00:00.974Z,true,1819.42,8171.57,9990.984583,679544,
38,HRPSummary,2025-08-12T01:00:00.974Z,true,1.01,4520.15,4521.1645419999995,18667,
39,emergencySummary,2025-08-12T01:00:00.974Z,true,1932.33,4455.73,6388.057333,703751,
1,masterDonors,2025-08-14T01:00:00.574Z,true,8.59,405.08,413.67787500000003,26321,
2,masterFunds,2025-08-14T01:00:00.574Z,true,2.67,356.97,359.63220799999993,112548,
3,masterRegionalFunds,2025-08-14T01:00:00.574Z,true,1.44,366.09,367.53087500000004,1650,
4,masterAllocationTypes,2025-08-14T01:00:00.574Z,true,0.63,349.29,349.91279199999997,242,
5,launchedAllocationsData,2025-08-14T01:00:00.574Z,true,1444.69,8649.64,10094.334209,753417,
6,contributionsData,2025-08-14T01:00:00.574Z,true,5.07,338.18,343.254416,89386,
7,allocationFlowData,2025-08-14T01:00:00.574Z,true,6.96,4488.87,4495.824208,44339,
8,masterPooledFunds,2025-08-14T01:00:00.574Z,true,3.14,4480.02,4483.1527080000005,2165,
9,masterPartners,2025-08-14T01:00:00.574Z,true,4.8,4477.06,4481.8535409999995,107,
10,masterSubPartners,2025-08-14T01:00:00.574Z,true,3.89,4476.15,4480.038209,483,
11,allocationsData,2025-08-14T01:00:00.574Z,true,1672.8,4488.98,6161.782375,137133,
12,contributionsTotalData,2025-08-14T01:00:00.574Z,true,2005.99,4480.75,6486.742833,251235,
13,targetedPersonsData,2025-08-14T01:00:00.574Z,true,2322.15,4518.32,6840.470583,388879,
14,targetedPersonsDetailsData,2025-08-14T01:00:00.574Z,true,2517.87,4481.03,6998.904167,2016814,
15,dataGam,2025-08-14T01:00:00.574Z,true,1.43,4631.59,4633.013875,31694,
16,masterGam,2025-08-14T01:00:00.574Z,true,2.28,4468.6,4470.876417,947,
17,masterOrganizations,2025-08-14T01:00:00.574Z,true,4.23,2475.66,2479.8885,258,
18,masterSectors,2025-08-14T01:00:00.574Z,true,1.78,2476.76,2478.5485,1386,
19,allocationsDataResults,2025-08-14T01:00:00.574Z,true,336.88,4464.66,4801.539790999999,64144,
20,resultsBySector,2025-08-14T01:00:00.574Z,true,40.34,2493.3,2533.6476249999996,975319,
21,resultsByDisability,2025-08-14T01:00:00.574Z,true,75.7,2510.05,2585.751708,989706,
22,resultsByType,2025-08-14T01:00:00.574Z,true,93.08,2569.11,2662.185583,3129764,
23,resultsByBeneficiaryType,2025-08-14T01:00:00.574Z,true,73.67,2503.77,2577.444875,1288914,
24,resultsByOrganization,2025-08-14T01:00:00.574Z,true,71.2,2529.14,2600.334542,1107087,
25,masterLocations,2025-08-14T01:00:00.574Z,true,27.58,2479.15,2506.722875,901663,
26,masterBeneficiaryType,2025-08-14T01:00:00.574Z,true,1.07,2474.45,2475.5152500000004,602,
27,projectSummaryProgress,2025-08-14T01:00:00.574Z,true,1552.88,4463.32,6016.201209,181300,
28,sectorsData,2025-08-14T01:00:00.574Z,true,393.5,4674.63,5068.124459,95647,
29,globalIndicators,2025-08-14T01:00:00.574Z,true,1340.55,9930.13,11270.68625,590296,
30,masterOrganizationsProgress,2025-08-14T01:00:00.574Z,true,1766.06,4452.81,6218.869625,1064061,
31,projectStatusMaster,2025-08-14T01:00:00.574Z,true,683.24,4456.36,5139.596666,467859,
32,masterAllocationSource,2025-08-14T01:00:00.574Z,true,6.24,4452.73,4458.970125000001,54,
33,masterSectorsVo2,2025-08-14T01:00:00.574Z,true,3.76,4456.22,4459.981916999999,464,
34,masterGlobalIndicators,2025-08-14T01:00:00.574Z,true,9.77,4450.02,4459.7897920000005,57797,
35,masterEmergencies,2025-08-14T01:00:00.574Z,true,2.68,4455.65,4458.3215,2278,
36,projectSummary,2025-08-14T01:00:00.574Z,true,2337.48,4446.54,6784.019958,260116,
37,projectSummaryAggregate,2025-08-14T01:00:00.574Z,true,2024.4,6202.12,8226.522832999999,687917,
38,HRPSummary,2025-08-14T01:00:00.574Z,true,7.31,4448,4455.30725,18667,
39,emergencySummary,2025-08-14T01:00:00.574Z,true,1820.38,4449.73,6270.108459,706189,
1,masterDonors,2025-08-15T01:00:01.026Z,true,21.42,411.36,432.7839579999999,26321,
2,masterFunds,2025-08-15T01:00:01.026Z,true,11.94,356.64,368.58575,112548,
3,masterRegionalFunds,2025-08-15T01:00:01.026Z,true,7.65,352.15,359.80258299999997,1650,
4,masterAllocationTypes,2025-08-15T01:00:01.026Z,true,1.42,354.81,356.229625,242,
5,launchedAllocationsData,2025-08-15T01:00:01.026Z,true,1207.61,9157.27,10364.875875,753406,
6,contributionsData,2025-08-15T01:00:01.026Z,true,6.95,356.07,363.0278339999999,89380,
7,allocationFlowData,2025-08-15T01:00:01.026Z,true,1.81,3477.96,3479.7691250000003,44339,
8,masterPooledFunds,2025-08-15T01:00:01.026Z,true,2.11,3471.65,3473.7526669999997,2165,
9,masterPartners,2025-08-15T01:00:01.026Z,true,2.88,3469.58,3472.464041,107,
10,masterSubPartners,2025-08-15T01:00:01.026Z,true,3.68,3466.85,3470.526917,483,
11,allocationsData,2025-08-15T01:00:01.026Z,true,1338.7,3479.05,4817.750292,137133,
12,contributionsTotalData,2025-08-15T01:00:01.026Z,true,1108.16,3468.28,4576.432333000001,251241,
13,targetedPersonsData,2025-08-15T01:00:01.026Z,true,2232.15,3902.07,6134.222167,388888,
14,targetedPersonsDetailsData,2025-08-15T01:00:01.026Z,true,2354.29,3621.24,5975.530292,2016877,
15,dataGam,2025-08-15T01:00:01.026Z,true,0.99,4564.23,4565.216875,31694,
16,masterGam,2025-08-15T01:00:01.026Z,true,1.46,3457.29,3458.757208,947,
17,masterOrganizations,2025-08-15T01:00:01.026Z,true,5.56,1873.69,1879.2492089999998,258,
18,masterSectors,2025-08-15T01:00:01.026Z,true,2.33,1875.5,1877.8280839999998,1386,
19,allocationsDataResults,2025-08-15T01:00:01.026Z,true,684.48,3452.59,4137.0685,64144,
20,resultsBySector,2025-08-15T01:00:01.026Z,true,58.77,1897.28,1956.0452920000002,976097,
21,resultsByDisability,2025-08-15T01:00:01.026Z,true,38.74,1880.93,1919.668958,990565,
22,resultsByType,2025-08-15T01:00:01.026Z,true,103.25,1951.69,2054.9345,3131952,
23,resultsByBeneficiaryType,2025-08-15T01:00:01.026Z,true,75.9,1925.79,2001.693792,1290007,
24,resultsByOrganization,2025-08-15T01:00:01.026Z,true,61.23,1913.5,1974.7343749999998,1108101,
25,masterLocations,2025-08-15T01:00:01.026Z,true,42.49,1885.43,1927.922375,901939,
26,masterBeneficiaryType,2025-08-15T01:00:01.026Z,true,2.73,1892.07,1894.7983339999998,602,
27,projectSummaryProgress,2025-08-15T01:00:01.026Z,true,1442.26,3834.44,5276.697333,181425,
28,sectorsData,2025-08-15T01:00:01.026Z,true,344.01,4712.25,5056.258459,95712,
29,globalIndicators,2025-08-15T01:00:01.026Z,true,1781.24,8408,10189.241541000001,590384,
30,masterOrganizationsProgress,2025-08-15T01:00:01.026Z,true,1535.28,3466.1,5001.388125,1064488,
31,projectStatusMaster,2025-08-15T01:00:01.026Z,true,1016.11,3450,4466.110583,467745,
32,masterAllocationSource,2025-08-15T01:00:01.026Z,true,2.45,3441.48,3443.938333,54,
33,masterSectorsVo2,2025-08-15T01:00:01.026Z,true,0.28,3496.24,3496.516167,464,
34,masterGlobalIndicators,2025-08-15T01:00:01.026Z,true,0.94,3441.52,3442.463875,57797,
35,masterEmergencies,2025-08-15T01:00:01.026Z,true,1.83,3439.48,3441.3157499999998,2278,
36,projectSummary,2025-08-15T01:00:01.026Z,true,1690.35,3467.39,5157.742333,260072,
37,projectSummaryAggregate,2025-08-15T01:00:01.026Z,true,1684.41,5547.89,7232.308,687917,
38,HRPSummary,2025-08-15T01:00:01.026Z,true,0.68,3569.47,3570.15275,18667,
39,emergencySummary,2025-08-15T01:00:01.026Z,true,2339.52,3619.1,5958.621833,706430,
1,masterDonors,2025-08-17T01:00:00.886Z,true,8.6,410.23,418.83175000000006,26321,
2,masterFunds,2025-08-17T01:00:00.886Z,true,6.65,348.25,354.899709,112548,
3,masterRegionalFunds,2025-08-17T01:00:00.886Z,true,1.8,348.45,350.245917,1650,
4,masterAllocationTypes,2025-08-17T01:00:00.886Z,true,1.03,342.38,343.405458,242,
5,launchedAllocationsData,2025-08-17T01:00:00.886Z,true,1338.48,9179.62,10518.10075,753720,
6,contributionsData,2025-08-17T01:00:00.886Z,true,20.4,328.37,348.773667,89380,
7,allocationFlowData,2025-08-17T01:00:00.886Z,true,1.72,4552.49,4554.218833,44339,
8,masterPooledFunds,2025-08-17T01:00:00.886Z,true,0.68,4219.53,4220.218583,2165,
9,masterPartners,2025-08-17T01:00:00.886Z,true,0.35,4356.76,4357.113041,107,
10,masterSubPartners,2025-08-17T01:00:00.886Z,true,0.28,4307.52,4307.800709,483,
11,allocationsData,2025-08-17T01:00:00.886Z,true,1317.27,4281.28,5598.552875,137307,
12,contributionsTotalData,2025-08-17T01:00:00.886Z,true,1696.68,4499.27,6195.949834,251237,
13,targetedPersonsData,2025-08-17T01:00:00.886Z,true,1526.83,4800.82,6327.643125,389179,
14,targetedPersonsDetailsData,2025-08-17T01:00:00.886Z,true,2680.06,4730.94,7410.993916,2017755,
15,dataGam,2025-08-17T01:00:00.886Z,true,1.35,5651.8,5653.154625,31695,
16,masterGam,2025-08-17T01:00:00.886Z,true,2.19,4203.67,4205.86025,947,
17,masterOrganizations,2025-08-17T01:00:00.886Z,true,2.85,3049.93,3052.783458,258,
18,masterSectors,2025-08-17T01:00:00.886Z,true,2.06,3068.98,3071.0365,1386,
19,allocationsDataResults,2025-08-17T01:00:00.886Z,true,338.32,4294.4,4632.724958000001,64230,
20,resultsBySector,2025-08-17T01:00:00.886Z,true,45.82,3072.14,3117.960334,976410,
21,resultsByDisability,2025-08-17T01:00:00.886Z,true,53.97,3075.64,3129.609791,990728,
22,resultsByType,2025-08-17T01:00:00.886Z,true,87.27,3119.89,3207.159917,3132327,
23,resultsByBeneficiaryType,2025-08-17T01:00:00.886Z,true,63.72,3090.8,3154.517792,1290190,
24,resultsByOrganization,2025-08-17T01:00:00.886Z,true,29.05,3278.68,3307.729542,1108421,
25,masterLocations,2025-08-17T01:00:00.886Z,true,27.59,3051.45,3079.035584,902169,
26,masterBeneficiaryType,2025-08-17T01:00:00.886Z,true,1.64,3043.76,3045.4003329999996,602,
27,projectSummaryProgress,2025-08-17T01:00:00.886Z,true,1328.57,4739.44,6068.0127919999995,184216,
28,sectorsData,2025-08-17T01:00:00.886Z,true,682.22,4855.62,5537.8348750000005,97291,
29,globalIndicators,2025-08-17T01:00:00.886Z,true,2072.88,9361.45,11434.328125,592931,
30,masterOrganizationsProgress,2025-08-17T01:00:00.886Z,true,1698.24,4825.53,6523.766625,1067939,
31,projectStatusMaster,2025-08-17T01:00:00.886Z,true,678.4,4788.28,5466.680542,467803,
32,masterAllocationSource,2025-08-17T01:00:00.886Z,true,0.33,4322.22,4322.548834,54,
33,masterSectorsVo2,2025-08-17T01:00:00.886Z,true,0.56,4271.66,4272.217958,464,
34,masterGlobalIndicators,2025-08-17T01:00:00.886Z,true,1.39,4310.07,4311.458375,57797,
35,masterEmergencies,2025-08-17T01:00:00.886Z,true,0.36,4290.51,4290.8725,2278,
36,projectSummary,2025-08-17T01:00:00.886Z,true,1118.84,4448.29,5567.136292,263803,
37,projectSummaryAggregate,2025-08-17T01:00:00.886Z,true,1647.59,11016.03,12663.616917000001,693415,
38,HRPSummary,2025-08-17T01:00:00.886Z,true,0.52,4504.06,4504.575625,18667,
39,emergencySummary,2025-08-17T01:00:00.886Z,true,2429.65,4515.53,6945.181791,708751,
1,masterDonors,2025-08-18T01:00:01.114Z,true,2.13,416.01,418.13475,26321,
2,masterFunds,2025-08-18T01:00:01.114Z,true,12.65,342.09,354.73825,112548,
3,masterRegionalFunds,2025-08-18T01:00:01.114Z,true,11.69,331.76,343.444417,1650,
4,masterAllocationTypes,2025-08-18T01:00:01.114Z,true,0.82,342.97,343.78687499999995,242,
5,launchedAllocationsData,2025-08-18T01:00:01.114Z,true,1523.22,8492.89,10016.112540999999,753720,
6,contributionsData,2025-08-18T01:00:01.114Z,true,8.15,341.77,349.92162499999995,89380,
7,allocationFlowData,2025-08-18T01:00:01.114Z,true,16.92,5075.28,5092.198083,44339,
8,masterPooledFunds,2025-08-18T01:00:01.114Z,true,7.71,5080.39,5088.100875,2165,
9,masterPartners,2025-08-18T01:00:01.114Z,true,9.77,5077.07,5086.839084,107,
10,masterSubPartners,2025-08-18T01:00:01.114Z,true,6.75,5067.29,5074.040667,483,
11,allocationsData,2025-08-18T01:00:01.114Z,true,1352.44,5076.88,6429.316667,137307,
12,contributionsTotalData,2025-08-18T01:00:01.114Z,true,1646.27,5063.98,6710.251125,251243,
13,targetedPersonsData,2025-08-18T01:00:01.114Z,true,3027.75,5077.75,8105.500083000001,389405,
14,targetedPersonsDetailsData,2025-08-18T01:00:01.114Z,true,2640.98,5074.18,7715.1503330000005,2018553,
15,dataGam,2025-08-18T01:00:01.114Z,true,1.63,6084.61,6086.240000000001,31696,
16,masterGam,2025-08-18T01:00:01.114Z,true,6.21,5068.74,5074.949125,947,
17,masterOrganizations,2025-08-18T01:00:01.114Z,true,2.51,3147.59,3150.1083750000003,258,
18,masterSectors,2025-08-18T01:00:01.114Z,true,1.74,3165.21,3166.948,1386,
19,allocationsDataResults,2025-08-18T01:00:01.114Z,true,676.96,5067.93,5744.893708,64229,
20,resultsBySector,2025-08-18T01:00:01.114Z,true,40.2,3190.9,3231.098625,976594,
21,resultsByDisability,2025-08-18T01:00:01.114Z,true,94.42,3204.08,3298.497292,991008,
22,resultsByType,2025-08-18T01:00:01.114Z,true,114.85,3241.78,3356.631042,3132803,
23,resultsByBeneficiaryType,2025-08-18T01:00:01.114Z,true,96.43,3202.71,3299.145166,1290487,
24,resultsByOrganization,2025-08-18T01:00:01.114Z,true,86.33,3204.51,3290.84225,1108705,
25,masterLocations,2025-08-18T01:00:01.114Z,true,32.13,3174.44,3206.56825,902169,
26,masterBeneficiaryType,2025-08-18T01:00:01.114Z,true,1.25,3167.26,3168.508833,602,
27,projectSummaryProgress,2025-08-18T01:00:01.114Z,true,1800.88,5062.69,6863.572083,186344,
28,sectorsData,2025-08-18T01:00:01.114Z,true,339.01,5056.41,5395.412667,97997,
29,globalIndicators,2025-08-18T01:00:01.114Z,true,1786.48,8630.43,10416.910082999999,594390,
30,masterOrganizationsProgress,2025-08-18T01:00:01.114Z,true,1538.74,5057.21,6595.948166,1067969,
31,projectStatusMaster,2025-08-18T01:00:01.114Z,true,454.72,5060.19,5514.905792,467825,
32,masterAllocationSource,2025-08-18T01:00:01.114Z,true,6.87,5050.63,5057.496125,54,
33,masterSectorsVo2,2025-08-18T01:00:01.114Z,true,4.09,5041.71,5045.796292,464,
34,masterGlobalIndicators,2025-08-18T01:00:01.114Z,true,15.65,5043.9,5059.550541,57797,
35,masterEmergencies,2025-08-18T01:00:01.114Z,true,2.68,5055.19,5057.8725,2278,
36,projectSummary,2025-08-18T01:00:01.114Z,true,2092.36,5061.64,7154.000333999999,266806,
37,projectSummaryAggregate,2025-08-18T01:00:01.114Z,false,,,,,The operation was aborted.
38,HRPSummary,2025-08-18T01:00:01.114Z,true,0.36,5069.5,5069.8580839999995,18667,
39,emergencySummary,2025-08-18T01:00:01.114Z,true,1432.87,5043.28,6476.154667,708751,
1,masterDonors,2025-08-19T01:00:01.041Z,true,12.64,422.23,434.87437500000004,26321,
2,masterFunds,2025-08-19T01:00:01.041Z,true,4.48,363.76,368.24733299999997,112548,
3,masterRegionalFunds,2025-08-19T01:00:01.041Z,true,1.39,373.67,375.06358300000005,1650,
4,masterAllocationTypes,2025-08-19T01:00:01.041Z,true,1.47,356.28,357.753708,242,
5,launchedAllocationsData,2025-08-19T01:00:01.041Z,true,1204.82,10466.54,11671.363583,753730,
6,contributionsData,2025-08-19T01:00:01.041Z,true,6.75,361.92,368.676,89380,
7,allocationFlowData,2025-08-19T01:00:01.041Z,true,1.28,4045.06,4046.34,44339,
8,masterPooledFunds,2025-08-19T01:00:01.041Z,true,0.23,3425.41,3425.644834,2165,
9,masterPartners,2025-08-19T01:00:01.041Z,true,0.29,3394.83,3395.114667,107,
10,masterSubPartners,2025-08-19T01:00:01.041Z,true,0.34,3358.88,3359.213458,483,
11,allocationsData,2025-08-19T01:00:01.041Z,true,669.43,3519.56,4188.9964580000005,137333,
12,contributionsTotalData,2025-08-19T01:00:01.041Z,true,1186.55,3568.78,4755.334167,251237,
13,targetedPersonsData,2025-08-19T01:00:01.041Z,true,2462.92,3934.39,6397.312416000001,389409,
14,targetedPersonsDetailsData,2025-08-19T01:00:01.041Z,true,2517.91,3817.4,6335.312,2018583,
15,dataGam,2025-08-19T01:00:01.041Z,true,0.94,4499.51,4500.451875,31696,
16,masterGam,2025-08-19T01:00:01.041Z,true,53.52,3510.54,3564.0592500000002,947,
17,masterOrganizations,2025-08-19T01:00:01.041Z,true,1.24,2220.8,2222.049625,258,
18,masterSectors,2025-08-19T01:00:01.041Z,true,1.45,2210.31,2211.757,1386,
19,allocationsDataResults,2025-08-19T01:00:01.041Z,true,330.57,3399.56,3730.130834,64246,
20,resultsBySector,2025-08-19T01:00:01.041Z,true,73.07,2267.52,2340.5985,977261,
21,resultsByDisability,2025-08-19T01:00:01.041Z,true,63.81,2256.77,2320.580125,991429,
22,resultsByType,2025-08-19T01:00:01.041Z,true,287,2336.28,2623.28025,3133676,
23,resultsByBeneficiaryType,2025-08-19T01:00:01.041Z,true,74.1,2256.64,2330.737541,1291039,
24,resultsByOrganization,2025-08-19T01:00:01.041Z,true,72.23,2343.16,2415.397,1109132,
25,masterLocations,2025-08-19T01:00:01.041Z,true,30.19,2256.44,2286.63325,902225,
26,masterBeneficiaryType,2025-08-19T01:00:01.041Z,true,1.03,2239.12,2240.148417,602,
27,projectSummaryProgress,2025-08-19T01:00:01.041Z,true,1004.44,3719.04,4723.480625,186344,
28,sectorsData,2025-08-19T01:00:01.041Z,true,660.9,4105.14,4766.045708000001,97997,
29,globalIndicators,2025-08-19T01:00:01.041Z,true,1508.13,14188.47,15696.5975,594396,
30,masterOrganizationsProgress,2025-08-19T01:00:01.041Z,true,1542.16,3678.25,5220.416209,1069271,
31,projectStatusMaster,2025-08-19T01:00:01.041Z,true,674.67,3719.12,4393.789875,467846,
32,masterAllocationSource,2025-08-19T01:00:01.041Z,true,4.46,3541.21,3545.669625,54,
33,masterSectorsVo2,2025-08-19T01:00:01.041Z,true,0.49,3544.49,3544.97975,464,
34,masterGlobalIndicators,2025-08-19T01:00:01.041Z,true,1.01,3392.81,3393.8215,57797,
35,masterEmergencies,2025-08-19T01:00:01.041Z,true,54.59,3488.25,3542.8408329999997,2278,
36,projectSummary,2025-08-19T01:00:01.041Z,true,1116.76,3538.98,4655.743417,266806,
37,projectSummaryAggregate,2025-08-19T01:00:01.041Z,true,1797.29,13385.77,15183.059458,698648,
38,HRPSummary,2025-08-19T01:00:01.041Z,true,0.54,3614.32,3614.8669579999996,18667,
39,emergencySummary,2025-08-19T01:00:01.041Z,true,1515.64,3648.74,5164.385666,711374,
1,masterDonors,2025-08-20T01:00:00.638Z,true,6.49,412.68,419.16812500000003,26321,
2,masterFunds,2025-08-20T01:00:00.638Z,true,6.63,346.56,353.187375,112548,
3,masterRegionalFunds,2025-08-20T01:00:00.638Z,true,1.98,346.09,348.062708,1650,
4,masterAllocationTypes,2025-08-20T01:00:00.638Z,true,8.17,324.74,332.90712499999995,242,
5,launchedAllocationsData,2025-08-20T01:00:00.638Z,true,1438.39,8214.33,9652.718292000001,753743,
6,contributionsData,2025-08-20T01:00:00.638Z,true,14.26,333.34,347.59837500000003,89380,
7,allocationFlowData,2025-08-20T01:00:00.638Z,true,13.19,4052.1,4065.2920419999996,44368,
8,masterPooledFunds,2025-08-20T01:00:00.638Z,true,6.02,4052.38,4058.405208,2165,
9,masterPartners,2025-08-20T01:00:00.638Z,true,8.93,4048.19,4057.122,107,
10,masterSubPartners,2025-08-20T01:00:00.638Z,true,10.17,4045.07,4055.244166,483,
11,allocationsData,2025-08-20T01:00:00.638Z,true,1009.3,4049.12,5058.422208,137509,
12,contributionsTotalData,2025-08-20T01:00:00.638Z,true,2098.98,4039.59,6138.5752919999995,251235,
13,targetedPersonsData,2025-08-20T01:00:00.638Z,true,2758.37,4053.24,6811.611584,389559,
14,targetedPersonsDetailsData,2025-08-20T01:00:00.638Z,true,2569.68,4053.6,6623.281083000001,2019589,
15,dataGam,2025-08-20T01:00:00.638Z,true,1.37,4380.26,4381.626958,31780,
16,masterGam,2025-08-20T01:00:00.638Z,true,3.17,4028.21,4031.3826670000003,947,
17,masterOrganizations,2025-08-20T01:00:00.638Z,true,2.15,2201.88,2204.0275,258,
18,masterSectors,2025-08-20T01:00:00.638Z,true,5.62,2195.89,2201.505916,1386,
19,allocationsDataResults,2025-08-20T01:00:00.638Z,true,329.63,4025.67,4355.298875,64375,
20,resultsBySector,2025-08-20T01:00:00.638Z,true,54.84,2257.8,2312.637291,977624,
21,resultsByDisability,2025-08-20T01:00:00.638Z,true,44.74,2242.92,2287.6636249999997,991685,
22,resultsByType,2025-08-20T01:00:00.638Z,true,89.49,2324.63,2414.120167,3133822,
23,resultsByBeneficiaryType,2025-08-20T01:00:00.638Z,true,70.64,2286.58,2357.219625,1291280,
24,resultsByOrganization,2025-08-20T01:00:00.638Z,true,66.3,2275.07,2341.368625,1109392,
25,masterLocations,2025-08-20T01:00:00.638Z,true,24.9,2235.34,2260.23725,902371,
26,masterBeneficiaryType,2025-08-20T01:00:00.638Z,true,1.58,2222.28,2223.8579170000003,602,
27,projectSummaryProgress,2025-08-20T01:00:00.638Z,true,1412.49,4028.14,5440.624333,189071,
28,sectorsData,2025-08-20T01:00:00.638Z,true,657.92,4299.13,4957.046958,98762,
29,globalIndicators,2025-08-20T01:00:00.638Z,true,1747.48,8249.1,9996.577,595786,
30,masterOrganizationsProgress,2025-08-20T01:00:00.638Z,true,1690.38,4029.3,5719.678916,1069632,
31,projectStatusMaster,2025-08-20T01:00:00.638Z,true,676.74,4031.18,4707.917375,467820,
32,masterAllocationSource,2025-08-20T01:00:00.638Z,true,1.8,4011.44,4013.241,54,
33,masterSectorsVo2,2025-08-20T01:00:00.638Z,true,6.08,4022.43,4028.5105410000006,464,
34,masterGlobalIndicators,2025-08-20T01:00:00.638Z,true,1.48,4057.73,4059.206166,57797,
35,masterEmergencies,2025-08-20T01:00:00.638Z,true,2.2,4026.85,4029.0569170000003,2278,
36,projectSummary,2025-08-20T01:00:00.638Z,true,1453.65,4024.05,5477.702583,270907,
37,projectSummaryAggregate,2025-08-20T01:00:00.638Z,true,1674.13,8371.82,10045.94225,700770,
38,HRPSummary,2025-08-20T01:00:00.638Z,true,5.01,4021.78,4026.7901659999998,18667,
39,emergencySummary,2025-08-20T01:00:00.638Z,true,1806.62,4108.45,5915.070833,713115,
1,masterDonors,2025-08-23T01:00:01.587Z,true,21.78,404.23,426.012125,26321,
2,masterFunds,2025-08-23T01:00:01.587Z,true,10.8,355.39,366.193625,112548,
3,masterRegionalFunds,2025-08-23T01:00:01.587Z,true,1.91,356.05,357.961583,1650,
4,masterAllocationTypes,2025-08-23T01:00:01.587Z,true,6.2,343.37,349.5745830000001,242,
5,launchedAllocationsData,2025-08-23T01:00:01.587Z,true,1348.52,8376.69,9725.2155,753984,
6,contributionsData,2025-08-23T01:00:01.587Z,true,6.16,354.57,360.72999999999996,89386,
7,allocationFlowData,2025-08-23T01:00:01.587Z,true,2.07,4297.97,4300.048084,44398,
8,masterPooledFunds,2025-08-23T01:00:01.587Z,true,1.31,3774.82,3776.1257920000003,2165,
9,masterPartners,2025-08-23T01:00:01.587Z,true,0.35,3777.24,3777.587375,107,
10,masterSubPartners,2025-08-23T01:00:01.587Z,true,2.61,3770.08,3772.6907920000003,483,
11,allocationsData,2025-08-23T01:00:01.587Z,true,977.72,3781.02,4758.747208,137575,
12,contributionsTotalData,2025-08-23T01:00:01.587Z,true,1096.69,4079.24,5175.926667,251257,
13,targetedPersonsData,2025-08-23T01:00:01.587Z,true,3258.52,4837.66,8096.172375,390385,
14,targetedPersonsDetailsData,2025-08-23T01:00:01.587Z,true,2704.05,4203.95,6907.998834,2024523,
15,dataGam,2025-08-23T01:00:01.587Z,true,0.75,5272.11,5272.863959,31872,
16,masterGam,2025-08-23T01:00:01.587Z,true,0.17,3807.09,3807.2547080000004,947,
17,masterOrganizations,2025-08-23T01:00:01.587Z,true,2.47,2565.26,2567.729834,258,
18,masterSectors,2025-08-23T01:00:01.587Z,true,3.82,2629.1,2632.920166,1386,
19,allocationsDataResults,2025-08-23T01:00:01.587Z,true,664.06,3759.96,4424.024708,64426,
20,resultsBySector,2025-08-23T01:00:01.587Z,true,43.18,2590.88,2634.051834,979698,
21,resultsByDisability,2025-08-23T01:00:01.587Z,true,28.69,2763.17,2791.8562920000004,993409,
22,resultsByType,2025-08-23T01:00:01.587Z,true,74.5,2677.94,2752.442083,3136584,
23,resultsByBeneficiaryType,2025-08-23T01:00:01.587Z,true,75.88,2603.22,2679.100542,1293618,
24,resultsByOrganization,2025-08-23T01:00:01.587Z,true,70.84,2606.39,2677.231667,1111140,
25,masterLocations,2025-08-23T01:00:01.587Z,true,59.11,2608.96,2668.0766249999997,903252,
26,masterBeneficiaryType,2025-08-23T01:00:01.587Z,true,2.23,2621.24,2623.473333,602,
27,projectSummaryProgress,2025-08-23T01:00:01.587Z,true,1789.8,4577.14,6366.944125,203390,
28,sectorsData,2025-08-23T01:00:01.587Z,true,655.86,4874.99,5530.856375,104839,
29,globalIndicators,2025-08-23T01:00:01.587Z,true,2310.96,8077.71,10388.677583,604662,
30,masterOrganizationsProgress,2025-08-23T01:00:01.587Z,true,1518.88,3969.39,5488.265167,1070626,
31,projectStatusMaster,2025-08-23T01:00:01.587Z,true,1001.72,4021.78,5023.508416000001,467898,
32,masterAllocationSource,2025-08-23T01:00:01.587Z,true,4.06,3740.94,3745.006708,54,
33,masterSectorsVo2,2025-08-23T01:00:01.587Z,true,0.33,3768.18,3768.504041,464,
34,masterGlobalIndicators,2025-08-23T01:00:01.587Z,true,1.98,3780.52,3782.501875,57797,
35,masterEmergencies,2025-08-23T01:00:01.587Z,true,0.28,3804,3804.2839589999994,2278,
36,projectSummary,2025-08-23T01:00:01.587Z,true,1436.48,3802.15,5238.628625,291481,
37,projectSummaryAggregate,2025-08-23T01:00:01.587Z,true,1629.96,8936.88,10566.835125,740220,
38,HRPSummary,2025-08-23T01:00:01.587Z,true,0.88,4049.5,4050.3822079999995,18667,
39,emergencySummary,2025-08-23T01:00:01.587Z,true,1792.08,3831.67,5623.75025,719023,
1,masterDonors,2025-08-25T01:00:01.102Z,true,18.48,427.49,445.969625,26321,
2,masterFunds,2025-08-25T01:00:01.102Z,true,12.71,370.82,383.536917,112548,
3,masterRegionalFunds,2025-08-25T01:00:01.102Z,true,4.71,373.57,378.27412499999997,1650,
4,masterAllocationTypes,2025-08-25T01:00:01.102Z,true,1.23,370.02,371.25191699999993,242,
5,launchedAllocationsData,2025-08-25T01:00:01.102Z,true,1511.33,14257.46,15768.791292,753985,
6,contributionsData,2025-08-25T01:00:01.102Z,true,6.26,371.57,377.830375,89386,
7,allocationFlowData,2025-08-25T01:00:01.102Z,true,1.26,4643.65,4644.909541999999,44375,
8,masterPooledFunds,2025-08-25T01:00:01.102Z,true,0.47,4262.15,4262.614167,2165,
9,masterPartners,2025-08-25T01:00:01.102Z,true,0.49,4316.38,4316.872042,107,
10,masterSubPartners,2025-08-25T01:00:01.102Z,true,0.35,4297.15,4297.502667,483,
11,allocationsData,2025-08-25T01:00:01.102Z,true,1110.83,4311.64,5422.472500000001,137575,
12,contributionsTotalData,2025-08-25T01:00:01.102Z,true,1208,4365.34,5573.337,251255,
13,targetedPersonsData,2025-08-25T01:00:01.102Z,true,2689.46,4861.96,7551.423709,390387,
14,targetedPersonsDetailsData,2025-08-25T01:00:01.102Z,true,2632.83,4836.03,7468.855667,2024562,
15,dataGam,2025-08-25T01:00:01.102Z,true,1.39,5106.72,5108.110041,31872,
16,masterGam,2025-08-25T01:00:01.102Z,true,3.83,4246.87,4250.691625,947,
17,masterOrganizations,2025-08-25T01:00:01.102Z,true,1.46,2928.03,2929.496541,258,
18,masterSectors,2025-08-25T01:00:01.102Z,true,2.25,2916.74,2918.9864580000003,1386,
19,allocationsDataResults,2025-08-25T01:00:01.102Z,true,337.44,4290.08,4627.523375,64426,
20,resultsBySector,2025-08-25T01:00:01.102Z,true,68.6,2962.57,3031.175084,979698,
21,resultsByDisability,2025-08-25T01:00:01.102Z,true,81.85,2982.99,3064.8386659999996,993409,
22,resultsByType,2025-08-25T01:00:01.102Z,true,98.13,3043.34,3141.466125,3136584,
23,resultsByBeneficiaryType,2025-08-25T01:00:01.102Z,true,84.47,2969.05,3053.518625,1293618,
24,resultsByOrganization,2025-08-25T01:00:01.102Z,true,84.63,2999.28,3083.91475,1111140,
25,masterLocations,2025-08-25T01:00:01.102Z,true,59,2975.31,3034.308125,903252,
26,masterBeneficiaryType,2025-08-25T01:00:01.102Z,true,1.34,2933.35,2934.6898330000004,602,
27,projectSummaryProgress,2025-08-25T01:00:01.102Z,true,2000.61,4308.43,6309.040291,203502,
28,sectorsData,2025-08-25T01:00:01.102Z,true,334.18,4437.89,4772.064875,104935,
29,globalIndicators,2025-08-25T01:00:01.102Z,true,1511.02,10224.35,11735.368917,604744,
30,masterOrganizationsProgress,2025-08-25T01:00:01.102Z,true,1513.06,5200.12,6713.174292000001,1070778,
31,projectStatusMaster,2025-08-25T01:00:01.102Z,true,671.14,4797.53,5468.673833,467893,
32,masterAllocationSource,2025-08-25T01:00:01.102Z,true,2.37,4231.77,4234.1447499999995,54,
33,masterSectorsVo2,2025-08-25T01:00:01.102Z,true,0.3,4291.57,4291.867583,464,
34,masterGlobalIndicators,2025-08-25T01:00:01.102Z,true,1.86,4239.77,4241.626958999999,57797,
35,masterEmergencies,2025-08-25T01:00:01.102Z,true,0.23,4233.05,4233.284291,2278,
36,projectSummary,2025-08-25T01:00:01.102Z,true,2677.46,4323.06,7000.517416,291481,
37,projectSummaryAggregate,2025-08-25T01:00:01.102Z,true,1317.28,10811.65,12128.932917,740220,
38,HRPSummary,2025-08-25T01:00:01.102Z,true,0.52,4513.28,4513.805666,18667,
39,emergencySummary,2025-08-25T01:00:01.102Z,true,1861.56,4281.39,6142.9529999999995,723610,
1,masterDonors,2025-08-26T01:00:00.617Z,true,18.91,403.8,422.71683399999995,26321,
2,masterFunds,2025-08-26T01:00:00.617Z,true,8.07,351.47,359.543666,112548,
3,masterRegionalFunds,2025-08-26T01:00:00.617Z,true,9.97,343.45,353.417333,1650,
4,masterAllocationTypes,2025-08-26T01:00:00.617Z,true,1.52,349.33,350.85504099999997,242,
5,launchedAllocationsData,2025-08-26T01:00:00.617Z,true,1348.73,8448.06,9796.792000000001,753984,
6,contributionsData,2025-08-26T01:00:00.617Z,true,12.61,341.14,353.74666700000006,89386,
7,allocationFlowData,2025-08-26T01:00:00.617Z,true,2.06,4303.05,4305.106917,44375,
8,masterPooledFunds,2025-08-26T01:00:00.617Z,true,0.55,3679.25,3679.799916,2165,
9,masterPartners,2025-08-26T01:00:00.617Z,true,0.33,3688.73,3689.0614170000003,107,
10,masterSubPartners,2025-08-26T01:00:00.617Z,true,0.3,3680.59,3680.891666,483,
11,allocationsData,2025-08-26T01:00:00.617Z,true,1429.52,3713.42,5142.933375,137576,
12,contributionsTotalData,2025-08-26T01:00:00.617Z,true,1352.92,3893.95,5246.876208,251251,
13,targetedPersonsData,2025-08-26T01:00:00.617Z,true,1999.21,4757.71,6756.9220000000005,390403,
14,targetedPersonsDetailsData,2025-08-26T01:00:00.617Z,true,2423.29,4083.54,6506.824167,2024653,
15,dataGam,2025-08-26T01:00:00.617Z,true,1.54,4755.93,4757.4755000000005,31872,
16,masterGam,2025-08-26T01:00:00.617Z,true,0.55,3685.01,3685.5539999999996,947,
17,masterOrganizations,2025-08-26T01:00:00.617Z,true,2.09,2591.05,2593.142875,258,
18,masterSectors,2025-08-26T01:00:00.617Z,true,3.79,2583.79,2587.577084,1386,
19,allocationsDataResults,2025-08-26T01:00:00.617Z,true,653.17,3668.49,4321.661666,64426,
20,resultsBySector,2025-08-26T01:00:00.617Z,true,71.73,2637.18,2708.9116249999997,979698,
21,resultsByDisability,2025-08-26T01:00:00.617Z,true,74.54,2713.96,2788.5015000000003,993409,
22,resultsByType,2025-08-26T01:00:00.617Z,true,104.5,2620.73,2725.231,3136584,
23,resultsByBeneficiaryType,2025-08-26T01:00:00.617Z,true,104.61,2661.8,2766.417,1293618,
24,resultsByOrganization,2025-08-26T01:00:00.617Z,true,91.37,2691.43,2782.8012500000004,1111140,
25,masterLocations,2025-08-26T01:00:00.617Z,true,21.47,2571.93,2593.4006249999998,903252,
26,masterBeneficiaryType,2025-08-26T01:00:00.617Z,true,1.13,2602.81,2603.944959,602,
27,projectSummaryProgress,2025-08-26T01:00:00.617Z,true,1652.65,3996.63,5649.2811249999995,203564,
28,sectorsData,2025-08-26T01:00:00.617Z,true,342.82,4026.41,4369.22675,104972,
29,globalIndicators,2025-08-26T01:00:00.617Z,true,1692.43,7575.58,9268.012666999999,604761,
30,masterOrganizationsProgress,2025-08-26T01:00:00.617Z,true,1621.14,4245.42,5866.560833,1070816,
31,projectStatusMaster,2025-08-26T01:00:00.617Z,true,657.83,3893.66,4551.490041999999,467821,
32,masterAllocationSource,2025-08-26T01:00:00.617Z,true,1.98,3666.82,3668.798584,54,
33,masterSectorsVo2,2025-08-26T01:00:00.617Z,true,0.43,3742.44,3742.8728750000005,464,
34,masterGlobalIndicators,2025-08-26T01:00:00.617Z,true,1.97,3791.05,3793.0235,57797,
35,masterEmergencies,2025-08-26T01:00:00.617Z,true,0.34,3744.69,3745.032333,2278,
36,projectSummary,2025-08-26T01:00:00.617Z,true,1342.41,3726.57,5068.972624999999,291481,
37,projectSummaryAggregate,2025-08-26T01:00:00.617Z,true,1308.58,11593.97,12902.546457999999,740220,
38,HRPSummary,2025-08-26T01:00:00.617Z,true,1.16,3868.34,3869.506375,18667,
39,emergencySummary,2025-08-26T01:00:00.617Z,true,1429.13,3808.15,5237.278291,723610,
1,masterDonors,2025-08-27T01:00:00.615Z,true,11.88,418.46,430.34379099999995,26321,
2,masterFunds,2025-08-27T01:00:00.615Z,true,8.01,359.63,367.64187499999997,112548,
3,masterRegionalFunds,2025-08-27T01:00:00.615Z,true,2.51,359.21,361.717417,1650,
4,masterAllocationTypes,2025-08-27T01:00:00.615Z,true,5.2,341.61,346.81483299999996,242,
5,launchedAllocationsData,2025-08-27T01:00:00.615Z,true,1316.11,8557.23,9873.343332999999,753983,
6,contributionsData,2025-08-27T01:00:00.615Z,true,12.64,349.08,361.7164159999999,89386,
7,allocationFlowData,2025-08-27T01:00:00.615Z,true,2.03,4160.73,4162.762374999999,44402,
8,masterPooledFunds,2025-08-27T01:00:00.615Z,true,0.27,3906.77,3907.0330829999994,2165,
9,masterPartners,2025-08-27T01:00:00.615Z,true,0.15,3878,3878.156375,107,
10,masterSubPartners,2025-08-27T01:00:00.615Z,true,0.2,3873.7,3873.897958,483,
11,allocationsData,2025-08-27T01:00:00.615Z,true,1125.92,3937.45,5063.370959,137646,
12,contributionsTotalData,2025-08-27T01:00:00.615Z,true,1635.87,3974.65,5610.521124999999,251257,
13,targetedPersonsData,2025-08-27T01:00:00.615Z,true,2439.21,4530.81,6970.0278339999995,390672,
14,targetedPersonsDetailsData,2025-08-27T01:00:00.615Z,true,2632.58,4307.22,6939.798416,2025800,
15,dataGam,2025-08-27T01:00:00.615Z,true,1.57,4670.64,4672.2083330000005,31912,
16,masterGam,2025-08-27T01:00:00.615Z,true,0.23,3930.94,3931.166667,947,
17,masterOrganizations,2025-08-27T01:00:00.615Z,true,1.64,2619.5,2621.137083,258,
18,masterSectors,2025-08-27T01:00:00.615Z,true,4.86,2614.03,2618.889709,1386,
19,allocationsDataResults,2025-08-27T01:00:00.615Z,true,336.85,3881.47,4218.322292000001,64455,
20,resultsBySector,2025-08-27T01:00:00.615Z,true,87.11,2652.63,2739.739584,979698,
21,resultsByDisability,2025-08-27T01:00:00.615Z,true,81.49,2659.55,2741.040875,993409,
22,resultsByType,2025-08-27T01:00:00.615Z,true,76.91,2745.39,2822.3040419999998,3136584,
23,resultsByBeneficiaryType,2025-08-27T01:00:00.615Z,true,80.49,2678.91,2759.398042,1293618,
24,resultsByOrganization,2025-08-27T01:00:00.615Z,true,78,2654.34,2732.340334,1111140,
25,masterLocations,2025-08-27T01:00:00.615Z,true,20.18,2644.47,2664.643084,903252,
26,masterBeneficiaryType,2025-08-27T01:00:00.615Z,true,2.14,2638.1,2640.242333,602,
27,projectSummaryProgress,2025-08-27T01:00:00.615Z,true,1674.42,4119.77,5794.189542,206625,
28,sectorsData,2025-08-27T01:00:00.615Z,true,335.91,4423.26,4759.168334,105816,
29,globalIndicators,2025-08-27T01:00:00.615Z,true,1778.92,19170.57,20949.486208000002,605585,
30,masterOrganizationsProgress,2025-08-27T01:00:00.615Z,true,1435.5,4205.34,5640.846167,1070887,
31,projectStatusMaster,2025-08-27T01:00:00.615Z,true,764.1,4266.22,5030.325083,467741,
32,masterAllocationSource,2025-08-27T01:00:00.615Z,true,0.34,3919.77,3920.1042500000003,54,
33,masterSectorsVo2,2025-08-27T01:00:00.615Z,true,1.14,3898.39,3899.5325000000003,464,
34,masterGlobalIndicators,2025-08-27T01:00:00.615Z,true,0.88,3802.28,3803.159958,57797,
35,masterEmergencies,2025-08-27T01:00:00.615Z,true,1.22,3800.55,3801.7769999999996,2278,
36,projectSummary,2025-08-27T01:00:00.615Z,true,2115.67,3911.81,6027.475709,296078,
37,projectSummaryAggregate,2025-08-27T01:00:00.615Z,true,1677.61,18791.71,20469.318875,743203,
38,HRPSummary,2025-08-27T01:00:00.615Z,true,0.62,4044.03,4044.6523749999997,18667,
39,emergencySummary,2025-08-27T01:00:00.615Z,true,2342.02,3893.35,6235.3676669999995,725440,
1,masterDonors,2025-08-28T01:00:01.188Z,true,18.55,578.71,597.262959,26321,
2,masterFunds,2025-08-28T01:00:01.188Z,true,79.41,443.04,522.453292,112548,
3,masterRegionalFunds,2025-08-28T01:00:01.188Z,true,14.76,494.1,508.85687500000006,1650,
4,masterAllocationTypes,2025-08-28T01:00:01.188Z,true,1.29,488.23,489.51262499999996,242,
5,launchedAllocationsData,2025-08-28T01:00:01.188Z,true,1208.32,14769.6,15977.925791999998,753978,
6,contributionsData,2025-08-28T01:00:01.188Z,true,29.67,481.24,510.9085409999999,89386,
7,allocationFlowData,2025-08-28T01:00:01.188Z,true,7.29,4242.7,4249.98975,44402,
8,masterPooledFunds,2025-08-28T01:00:01.188Z,true,4.98,4235.56,4240.532958000001,2165,
9,masterPartners,2025-08-28T01:00:01.188Z,true,7.07,4231.98,4239.046333,107,
10,masterSubPartners,2025-08-28T01:00:01.188Z,true,6.27,4225.61,4231.88,483,
11,allocationsData,2025-08-28T01:00:01.188Z,true,1004.57,4226.14,5230.708,137514,
12,contributionsTotalData,2025-08-28T01:00:01.188Z,true,1675.79,4236.29,5912.080083,251339,
13,targetedPersonsData,2025-08-28T01:00:01.188Z,true,1974.79,4298.49,6273.276291,390746,
14,targetedPersonsDetailsData,2025-08-28T01:00:01.188Z,true,2372.45,4235.98,6608.437459,2026288,
15,dataGam,2025-08-28T01:00:01.188Z,true,0.68,4493.35,4494.030374999999,31912,
16,masterGam,2025-08-28T01:00:01.188Z,true,5.56,4216.54,4222.100875,947,
17,masterOrganizations,2025-08-28T01:00:01.188Z,true,3.78,2144.45,2148.237333,258,
18,masterSectors,2025-08-28T01:00:01.188Z,true,3.11,2111.34,2114.442416,1386,
19,allocationsDataResults,2025-08-28T01:00:01.188Z,true,338.45,4176.25,4514.698875,64401,
20,resultsBySector,2025-08-28T01:00:01.188Z,true,69.33,2171.77,2241.098875,979698,
21,resultsByDisability,2025-08-28T01:00:01.188Z,true,32.17,2142.63,2174.798875,993409,
22,resultsByType,2025-08-28T01:00:01.188Z,true,72.08,2265.71,2337.792375,3136584,
23,resultsByBeneficiaryType,2025-08-28T01:00:01.188Z,true,73.35,2168.47,2241.821709,1293618,
24,resultsByOrganization,2025-08-28T01:00:01.188Z,true,67.99,2162.63,2230.6205830000004,1111140,
25,masterLocations,2025-08-28T01:00:01.188Z,true,24.07,2124.59,2148.661583,903252,
26,masterBeneficiaryType,2025-08-28T01:00:01.188Z,true,1.68,2107.22,2108.893666,602,
27,projectSummaryProgress,2025-08-28T01:00:01.188Z,true,2021.71,4172.27,6193.9839999999995,207992,
28,sectorsData,2025-08-28T01:00:01.188Z,true,666.61,4169.5,4836.1103330000005,106310,
29,globalIndicators,2025-08-28T01:00:01.188Z,true,1345.77,7627.26,8973.033167000001,606612,
30,masterOrganizationsProgress,2025-08-28T01:00:01.188Z,true,1549.86,4172.54,5722.391833,1071376,
31,projectStatusMaster,2025-08-28T01:00:01.188Z,true,998.89,4161.65,5160.5425,467761,
32,masterAllocationSource,2025-08-28T01:00:01.188Z,true,0.28,4169.7,4169.984209,54,
33,masterSectorsVo2,2025-08-28T01:00:01.188Z,true,4.21,4155.17,4159.377667,464,
34,masterGlobalIndicators,2025-08-28T01:00:01.188Z,true,8.68,4156.15,4164.822458000001,57797,
35,masterEmergencies,2025-08-28T01:00:01.188Z,true,0.18,4184.81,4184.9935829999995,2278,
36,projectSummary,2025-08-28T01:00:01.188Z,true,3026.92,4158.44,7185.362375000001,298042,
37,projectSummaryAggregate,2025-08-28T01:00:01.188Z,true,1346.18,8460.31,9806.485666,744095,
38,HRPSummary,2025-08-28T01:00:01.188Z,true,1.1,4266.31,4267.4027080000005,18667,
39,emergencySummary,2025-08-28T01:00:01.188Z,true,3026.51,4156.38,7182.895,725811,
1,masterDonors,2025-08-30T01:00:01.565Z,true,4.99,425.91,430.905041,26321,
2,masterFunds,2025-08-30T01:00:01.565Z,true,2.99,386.38,389.36612499999995,112548,
3,masterRegionalFunds,2025-08-30T01:00:01.565Z,true,10.62,350.79,361.410125,1650,
4,masterAllocationTypes,2025-08-30T01:00:01.565Z,true,1.56,357.15,358.715917,242,
5,launchedAllocationsData,2025-08-30T01:00:01.565Z,true,1313.89,14808.06,16121.952375,754328,
6,contributionsData,2025-08-30T01:00:01.565Z,true,5.53,369.52,375.044708,89386,
7,allocationFlowData,2025-08-30T01:00:01.565Z,true,1.22,4367.54,4368.75525,44402,
8,masterPooledFunds,2025-08-30T01:00:01.565Z,true,0.41,4320.8,4321.2053750000005,2165,
9,masterPartners,2025-08-30T01:00:01.565Z,true,0.18,4323.36,4323.537542,107,
10,masterSubPartners,2025-08-30T01:00:01.565Z,true,0.29,4168.08,4168.367959,483,
11,allocationsData,2025-08-30T01:00:01.565Z,true,759.73,4170.17,4929.898792,137342,
12,contributionsTotalData,2025-08-30T01:00:01.565Z,true,1311.04,6788.56,8099.596667,251336,
13,targetedPersonsData,2025-08-30T01:00:01.565Z,true,1738.01,5174.77,6912.78225,390753,
14,targetedPersonsDetailsData,2025-08-30T01:00:01.565Z,true,2313.03,4628.67,6941.694792,2027417,
15,dataGam,2025-08-30T01:00:01.565Z,true,1.73,5542.4,5544.132333,31912,
16,masterGam,2025-08-30T01:00:01.565Z,true,1.34,4183.24,4184.581625,947,
17,masterOrganizations,2025-08-30T01:00:01.565Z,true,1.79,2537.15,2538.9359999999997,258,
18,masterSectors,2025-08-30T01:00:01.565Z,true,0.78,2551.36,2552.1404580000003,1386,
19,allocationsDataResults,2025-08-30T01:00:01.565Z,true,332.85,4227.8,4560.648042,64345,
20,resultsBySector,2025-08-30T01:00:01.565Z,true,74.36,2601.23,2675.5878329999996,979698,
21,resultsByDisability,2025-08-30T01:00:01.565Z,true,47.01,2582.87,2629.8869160000004,993409,
22,resultsByType,2025-08-30T01:00:01.565Z,true,77.43,2670.99,2748.427041,3136584,
23,resultsByBeneficiaryType,2025-08-30T01:00:01.565Z,true,86.68,2601.88,2688.555792,1293618,
24,resultsByOrganization,2025-08-30T01:00:01.565Z,true,72.49,2591.32,2663.811,1111140,
25,masterLocations,2025-08-30T01:00:01.565Z,true,20.01,2566.89,2586.897417,903252,
26,masterBeneficiaryType,2025-08-30T01:00:01.565Z,true,2.36,2539.17,2541.539042,602,
27,projectSummaryProgress,2025-08-30T01:00:01.565Z,true,1745.66,4306.01,6051.678,211432,
28,sectorsData,2025-08-30T01:00:01.565Z,true,675.17,4506.45,5181.622667000001,108466,
29,globalIndicators,2025-08-30T01:00:01.565Z,true,1308.57,13510.05,14818.611625,609382,
30,masterOrganizationsProgress,2025-08-30T01:00:01.565Z,true,1524.74,4171,5695.7407920000005,1072722,
31,projectStatusMaster,2025-08-30T01:00:01.565Z,true,455.06,5951.7,6406.7515,467828,
32,masterAllocationSource,2025-08-30T01:00:01.565Z,true,1.33,4286.56,4287.884375000001,54,
33,masterSectorsVo2,2025-08-30T01:00:01.565Z,true,0.33,4163.46,4163.787958,464,
34,masterGlobalIndicators,2025-08-30T01:00:01.565Z,true,1.36,4044.83,4046.187292,57797,
35,masterEmergencies,2025-08-30T01:00:01.565Z,true,0.31,3891.23,3891.5417079999997,2278,
36,projectSummary,2025-08-30T01:00:01.565Z,true,1844.15,4430.42,6274.576875,302424,
37,projectSummaryAggregate,2025-08-30T01:00:01.565Z,true,1314.76,11680.03,12994.799084,756999,
38,HRPSummary,2025-08-30T01:00:01.565Z,true,1.37,6720.46,6721.832582999999,18667,
39,emergencySummary,2025-08-30T01:00:01.565Z,true,1878.08,4149.46,6027.545333,729243,
1,masterDonors,2025-08-31T01:00:01.039Z,true,19.18,404.58,423.75320899999997,26321,
2,masterFunds,2025-08-31T01:00:01.039Z,true,10.23,348.16,358.38804200000004,112548,
3,masterRegionalFunds,2025-08-31T01:00:01.039Z,true,1.8,351.67,353.47129099999995,1650,
4,masterAllocationTypes,2025-08-31T01:00:01.039Z,true,1.45,340.69,342.134625,242,
5,launchedAllocationsData,2025-08-31T01:00:01.039Z,true,1315.87,8577.44,9893.309166000001,754322,
6,contributionsData,2025-08-31T01:00:01.039Z,true,8.46,344.03,352.48779099999996,89386,
7,allocationFlowData,2025-08-31T01:00:01.039Z,true,2.85,5566.98,5569.824958,44405,
8,masterPooledFunds,2025-08-31T01:00:01.039Z,true,5.74,5557.14,5562.88325,2165,
9,masterPartners,2025-08-31T01:00:01.039Z,true,3.42,5563.12,5566.534542,107,
10,masterSubPartners,2025-08-31T01:00:01.039Z,true,2.75,5561.96,5564.70925,483,
11,allocationsData,2025-08-31T01:00:01.039Z,true,764.57,5563.03,6327.603083,137313,
12,contributionsTotalData,2025-08-31T01:00:01.039Z,true,1757.38,5555.92,7313.300583,251346,
13,targetedPersonsData,2025-08-31T01:00:01.039Z,true,2413.49,5555.68,7969.175917,390761,
14,targetedPersonsDetailsData,2025-08-31T01:00:01.039Z,true,2299.95,5551.86,7851.813708,2028750,
15,dataGam,2025-08-31T01:00:01.039Z,true,5.19,7131.66,7136.847374999999,31914,
16,masterGam,2025-08-31T01:00:01.039Z,true,6.52,5543.84,5550.359459,947,
17,masterOrganizations,2025-08-31T01:00:01.039Z,true,0.78,3223.99,3224.778042,258,
18,masterSectors,2025-08-31T01:00:01.039Z,true,2.38,3189.96,3192.335083,1386,
19,allocationsDataResults,2025-08-31T01:00:01.039Z,true,336.76,5541.38,5878.142875,64320,
20,resultsBySector,2025-08-31T01:00:01.039Z,true,54.53,3224.31,3278.843083,979698,
21,resultsByDisability,2025-08-31T01:00:01.039Z,true,64.53,3224.81,3289.343667,993409,
22,resultsByType,2025-08-31T01:00:01.039Z,true,88.94,3307.43,3396.3651250000003,3136584,
23,resultsByBeneficiaryType,2025-08-31T01:00:01.039Z,true,75.21,3235.45,3310.65975,1293618,
24,resultsByOrganization,2025-08-31T01:00:01.039Z,true,62.16,3288.61,3350.7719580000003,1111140,
25,masterLocations,2025-08-31T01:00:01.039Z,true,55.06,3257.44,3312.4981669999997,903252,
26,masterBeneficiaryType,2025-08-31T01:00:01.039Z,true,1.17,3200.5,3201.6695419999996,602,
27,projectSummaryProgress,2025-08-31T01:00:01.039Z,true,1665.15,5931.15,7596.297084000001,215343,
28,sectorsData,2025-08-31T01:00:01.039Z,true,667.25,5532.93,6200.176292,109949,
29,globalIndicators,2025-08-31T01:00:01.039Z,true,1680.12,9781.89,11462.012916000001,610754,
30,masterOrganizationsProgress,2025-08-31T01:00:01.039Z,true,1521.43,5533.85,7055.277541,1072791,
31,projectStatusMaster,2025-08-31T01:00:01.039Z,true,667.04,5676.51,6343.54475,467948,
32,masterAllocationSource,2025-08-31T01:00:01.039Z,true,3.76,5528.54,5532.297750000001,54,
33,masterSectorsVo2,2025-08-31T01:00:01.039Z,true,4.94,5526.44,5531.370792000001,464,
34,masterGlobalIndicators,2025-08-31T01:00:01.039Z,true,2.22,5533.58,5535.797291,57797,
35,masterEmergencies,2025-08-31T01:00:01.039Z,true,0.28,5668.25,5668.533333,2278,
36,projectSummary,2025-08-31T01:00:01.039Z,true,1178.06,5620.06,6798.126167,308075,
37,projectSummaryAggregate,2025-08-31T01:00:01.039Z,true,1317.33,12123.75,13441.075041,761620,
38,HRPSummary,2025-08-31T01:00:01.039Z,true,3.21,5856.21,5859.424875000001,18667,
39,emergencySummary,2025-08-31T01:00:01.039Z,true,2032.5,5733.28,7765.772625,732119,
1,masterDonors,2025-09-02T01:00:01.216Z,true,2.63,424.48,427.10658400000005,26321,
2,masterFunds,2025-09-02T01:00:01.216Z,true,19.83,341.68,361.510875,112548,
3,masterRegionalFunds,2025-09-02T01:00:01.216Z,true,4.8,349.67,354.471125,1650,
4,masterAllocationTypes,2025-09-02T01:00:01.216Z,true,1.37,344.6,345.963792,242,
5,launchedAllocationsData,2025-09-02T01:00:01.216Z,true,1342.64,9913.24,11255.882125,754322,
6,contributionsData,2025-09-02T01:00:01.216Z,true,9.74,346.53,356.27441600000003,89386,
7,allocationFlowData,2025-09-02T01:00:01.216Z,true,2.14,4049.91,4052.051166,44405,
8,masterPooledFunds,2025-09-02T01:00:01.216Z,true,0.19,3771.24,3771.429458,2165,
9,masterPartners,2025-09-02T01:00:01.216Z,true,0.33,3584.67,3584.9984999999997,107,
10,masterSubPartners,2025-09-02T01:00:01.216Z,true,0.21,3691.22,3691.4353749999996,483,
11,allocationsData,2025-09-02T01:00:01.216Z,true,663.67,3602.83,4266.504583999999,137313,
12,contributionsTotalData,2025-09-02T01:00:01.216Z,true,1462.63,3894.33,5356.955416000001,251412,
13,targetedPersonsData,2025-09-02T01:00:01.216Z,true,2427.11,4247.54,6674.645291,390787,
14,targetedPersonsDetailsData,2025-09-02T01:00:01.216Z,true,2363.26,4122.11,6485.369917,2028895,
15,dataGam,2025-09-02T01:00:01.216Z,true,1.43,4278.44,4279.870790999999,31914,
16,masterGam,2025-09-02T01:00:01.216Z,true,0.6,3534.79,3535.389792,947,
17,masterOrganizations,2025-09-02T01:00:01.216Z,true,2.58,2269.37,2271.947709,258,
18,masterSectors,2025-09-02T01:00:01.216Z,true,1.58,2286.45,2288.0318340000003,1386,
19,allocationsDataResults,2025-09-02T01:00:01.216Z,true,332.08,3753.74,4085.823167,64320,
20,resultsBySector,2025-09-02T01:00:01.216Z,true,57.71,2340.65,2398.358625,979698,
21,resultsByDisability,2025-09-02T01:00:01.216Z,true,52.4,2332.26,2384.6578750000003,993409,
22,resultsByType,2025-09-02T01:00:01.216Z,true,101.36,2410.6,2511.9564579999997,3136584,
23,resultsByBeneficiaryType,2025-09-02T01:00:01.216Z,true,58.91,2396.46,2455.378875,1293618,
24,resultsByOrganization,2025-09-02T01:00:01.216Z,true,67.17,2383.52,2450.697917,1111140,
25,masterLocations,2025-09-02T01:00:01.216Z,true,51.38,2346.12,2397.501667,903252,
26,masterBeneficiaryType,2025-09-02T01:00:01.216Z,true,1.26,2307.71,2308.977209,602,
27,projectSummaryProgress,2025-09-02T01:00:01.216Z,true,1756.89,3899.64,5656.529458,216101,
28,sectorsData,2025-09-02T01:00:01.216Z,true,340.19,4760.75,5100.942708,110446,
29,globalIndicators,2025-09-02T01:00:01.216Z,true,1353.2,9119.52,10472.718875,611293,
30,masterOrganizationsProgress,2025-09-02T01:00:01.216Z,true,1451.41,4101.41,5552.826959,1073054,
31,projectStatusMaster,2025-09-02T01:00:01.216Z,true,674.94,4330.49,5005.431458,467830,
32,masterAllocationSource,2025-09-02T01:00:01.216Z,true,0.26,3733.41,3733.666542,54,
33,masterSectorsVo2,2025-09-02T01:00:01.216Z,true,2.45,3657.77,3660.222792,464,
34,masterGlobalIndicators,2025-09-02T01:00:01.216Z,true,1.45,3659.02,3660.470042,57797,
35,masterEmergencies,2025-09-02T01:00:01.216Z,true,1.44,3657.3,3658.7374160000004,2278,
36,projectSummary,2025-09-02T01:00:01.216Z,true,1007.34,3676.49,4683.824625,308100,
37,projectSummaryAggregate,2025-09-02T01:00:01.216Z,false,,,,,The operation was aborted.
38,HRPSummary,2025-09-02T01:00:01.216Z,true,1.5,3746.21,3747.7118750000004,18667,
39,emergencySummary,2025-09-02T01:00:01.216Z,true,1796.92,3826.41,5623.334124999999,731949,
1,masterDonors,2025-09-03T01:00:01.035Z,true,7.98,421.16,429.14520799999997,26321,
2,masterFunds,2025-09-03T01:00:01.035Z,true,19.26,343.32,362.581375,112548,
3,masterRegionalFunds,2025-09-03T01:00:01.035Z,true,3.98,349.13,353.106583,1650,
4,masterAllocationTypes,2025-09-03T01:00:01.035Z,true,0.72,355.75,356.47083299999997,242,
5,launchedAllocationsData,2025-09-03T01:00:01.035Z,true,1307.94,10441.59,11749.520625000001,755540,
6,contributionsData,2025-09-03T01:00:01.035Z,true,7.77,349.57,357.34275,89386,
7,allocationFlowData,2025-09-03T01:00:01.035Z,true,9.36,4849.78,4859.1385,44405,
8,masterPooledFunds,2025-09-03T01:00:01.035Z,true,7.49,4830.72,4838.2095,2165,
9,masterPartners,2025-09-03T01:00:01.035Z,true,11.69,4843.87,4855.558458,107,
10,masterSubPartners,2025-09-03T01:00:01.035Z,true,12.57,4841.17,4853.743292,483,
11,allocationsData,2025-09-03T01:00:01.035Z,true,660.05,4833.46,5493.507208,137313,
12,contributionsTotalData,2025-09-03T01:00:01.035Z,true,1356.39,4843.5,6199.894166,251409,
13,targetedPersonsData,2025-09-03T01:00:01.035Z,true,2203.16,5025.64,7228.793958,390791,
14,targetedPersonsDetailsData,2025-09-03T01:00:01.035Z,true,2367.49,4840.58,7208.065167000001,2028957,
15,dataGam,2025-09-03T01:00:01.035Z,true,1.6,5021.83,5023.436333,31914,
16,masterGam,2025-09-03T01:00:01.035Z,true,16.83,4820.74,4837.569417,947,
17,masterOrganizations,2025-09-03T01:00:01.035Z,true,1.22,2858.24,2859.462292,258,
18,masterSectors,2025-09-03T01:00:01.035Z,true,2.41,2819.96,2822.3698329999997,1386,
19,allocationsDataResults,2025-09-03T01:00:01.035Z,true,327.27,4817.05,5144.319333,64320,
20,resultsBySector,2025-09-03T01:00:01.035Z,true,48.1,2959.67,3007.760875,979698,
21,resultsByDisability,2025-09-03T01:00:01.035Z,true,42.11,3049.82,3091.937167,993409,
22,resultsByType,2025-09-03T01:00:01.035Z,true,83.04,2961.58,3044.616083,3136584,
23,resultsByBeneficiaryType,2025-09-03T01:00:01.035Z,true,64.61,3011.03,3075.638833,1293618,
24,resultsByOrganization,2025-09-03T01:00:01.035Z,true,39.31,2882.69,2922.0021669999996,1111140,
25,masterLocations,2025-09-03T01:00:01.035Z,true,26.46,2877.82,2904.281666,903252,
26,masterBeneficiaryType,2025-09-03T01:00:01.035Z,true,3.66,2844.4,2848.0676670000003,602,
27,projectSummaryProgress,2025-09-03T01:00:01.035Z,true,1108.21,4877.53,5985.742042,216251,
28,sectorsData,2025-09-03T01:00:01.035Z,true,680,5183.1,5863.102,110576,
29,globalIndicators,2025-09-03T01:00:01.035Z,true,1341.54,8791.59,10133.135208,611302,
30,masterOrganizationsProgress,2025-09-03T01:00:01.035Z,true,1363.58,4819.35,6182.929999999999,1073609,
31,projectStatusMaster,2025-09-03T01:00:01.035Z,true,672.5,5070.04,5742.540833,467907,
32,masterAllocationSource,2025-09-03T01:00:01.035Z,true,10.04,4813.55,4823.587958,54,
33,masterSectorsVo2,2025-09-03T01:00:01.035Z,true,10.88,4811.89,4822.76725,464,
34,masterGlobalIndicators,2025-09-03T01:00:01.035Z,true,28.54,4794.12,4822.657083,57797,
35,masterEmergencies,2025-09-03T01:00:01.035Z,true,9.19,4812.06,4821.255875,2278,
36,projectSummary,2025-09-03T01:00:01.035Z,true,1324.17,4803.56,6127.728375,308100,
37,projectSummaryAggregate,2025-09-03T01:00:01.035Z,true,1472.3,9419.22,10891.51675,761620,
38,HRPSummary,2025-09-03T01:00:01.035Z,true,30.15,4788.04,4818.187417,18667,
39,emergencySummary,2025-09-03T01:00:01.035Z,true,1685.72,4812,6497.724125,731949,
1,masterDonors,2025-09-04T01:00:00.622Z,true,4.47,414.3,418.777375,26321,
2,masterFunds,2025-09-04T01:00:00.622Z,true,18.27,336.82,355.086125,112548,
3,masterRegionalFunds,2025-09-04T01:00:00.622Z,true,1.77,350.12,351.886792,1650,
4,masterAllocationTypes,2025-09-04T01:00:00.622Z,true,1.48,341.29,342.767708,242,
5,launchedAllocationsData,2025-09-04T01:00:00.622Z,true,1211.15,8427.26,9638.409583,755546,
6,contributionsData,2025-09-04T01:00:00.622Z,true,4.88,354.02,358.90345799999994,89386,
7,allocationFlowData,2025-09-04T01:00:00.622Z,true,1.96,3479.01,3480.974959,44426,
8,masterPooledFunds,2025-09-04T01:00:00.622Z,true,0.5,3346.15,3346.6451669999997,2165,
9,masterPartners,2025-09-04T01:00:00.622Z,true,0.42,3285.53,3285.957042,107,
10,masterSubPartners,2025-09-04T01:00:00.622Z,true,0.45,3308.31,3308.76275,483,
11,allocationsData,2025-09-04T01:00:00.622Z,true,682.93,3420.42,4103.359125,137504,
12,contributionsTotalData,2025-09-04T01:00:00.622Z,true,1676.15,3444.21,5120.360916,251413,
13,targetedPersonsData,2025-09-04T01:00:00.622Z,true,1883.26,3867.06,5750.325209,390794,
14,targetedPersonsDetailsData,2025-09-04T01:00:00.622Z,true,2457.68,3622.15,6079.827042,2028972,
15,dataGam,2025-09-04T01:00:00.622Z,true,1.21,4095.16,4096.368874999999,31914,
16,masterGam,2025-09-04T01:00:00.622Z,true,0.39,3254.43,3254.818625,947,
17,masterOrganizations,2025-09-04T01:00:00.622Z,true,2.48,1852.3,1854.772083,258,
18,masterSectors,2025-09-04T01:00:00.622Z,true,1.68,1879.98,1881.6644580000002,1386,
19,allocationsDataResults,2025-09-04T01:00:00.622Z,true,331.11,3324.94,3656.0454590000004,64407,
20,resultsBySector,2025-09-04T01:00:00.622Z,true,92.13,1931.89,2024.0180839999998,979698,
21,resultsByDisability,2025-09-04T01:00:00.622Z,true,89.71,1920.96,2010.671625,993409,
22,resultsByType,2025-09-04T01:00:00.622Z,true,97.72,1988.26,2085.977625,3136584,
23,resultsByBeneficiaryType,2025-09-04T01:00:00.622Z,true,97.11,1924.18,2021.2965419999998,1293618,
24,resultsByOrganization,2025-09-04T01:00:00.622Z,true,75.38,1912.45,1987.826625,1111140,
25,masterLocations,2025-09-04T01:00:00.622Z,true,78.25,1947.36,2025.6098340000003,903252,
26,masterBeneficiaryType,2025-09-04T01:00:00.622Z,true,1.13,1873.56,1874.697125,602,
27,projectSummaryProgress,2025-09-04T01:00:00.622Z,true,1114.36,3826.56,4940.9205,216366,
28,sectorsData,2025-09-04T01:00:00.622Z,true,329.88,4783.04,5112.915667,110619,
29,globalIndicators,2025-09-04T01:00:00.622Z,true,1115.32,10349.84,11465.1575,611315,
30,masterOrganizationsProgress,2025-09-04T01:00:00.622Z,true,1445.62,3546.89,4992.509959,1073696,
31,projectStatusMaster,2025-09-04T01:00:00.622Z,true,661.85,3488.6,4150.4508749999995,467863,
32,masterAllocationSource,2025-09-04T01:00:00.622Z,true,0.42,3335.65,3336.074916,54,
33,masterSectorsVo2,2025-09-04T01:00:00.622Z,true,2.29,3312.07,3314.356417,464,
34,masterGlobalIndicators,2025-09-04T01:00:00.622Z,true,1.5,3147.63,3149.132041,57797,
35,masterEmergencies,2025-09-04T01:00:00.622Z,true,0.48,3108.43,3108.91675,2278,
36,projectSummary,2025-09-04T01:00:00.622Z,true,1017.63,3412.01,4429.632250000001,308105,
37,projectSummaryAggregate,2025-09-04T01:00:00.622Z,true,1526.4,8922.79,10449.188124999999,761644,
38,HRPSummary,2025-09-04T01:00:00.622Z,true,1.84,3390.14,3391.98425,18667,
39,emergencySummary,2025-09-04T01:00:00.622Z,true,2048.78,3522.88,5571.664625,731950,
1,masterDonors,2025-09-07T01:00:00.780Z,true,21.24,425.9,447.13649999999996,26321,
2,masterFunds,2025-09-07T01:00:00.780Z,true,12.41,365.59,378.001375,112548,
3,masterRegionalFunds,2025-09-07T01:00:00.780Z,true,6.42,354.06,360.47579199999996,1650,
4,masterAllocationTypes,2025-09-07T01:00:00.780Z,true,5.08,337.95,343.025209,242,
5,launchedAllocationsData,2025-09-07T01:00:00.780Z,true,1332.38,8117.31,9449.68975,758347,
6,contributionsData,2025-09-07T01:00:00.780Z,true,18.66,350.16,368.81866700000006,89386,
7,allocationFlowData,2025-09-07T01:00:00.780Z,true,1.78,6185.45,6187.2285,44537,
8,masterPooledFunds,2025-09-07T01:00:00.780Z,true,2.28,6200.21,6202.489083,2165,
9,masterPartners,2025-09-07T01:00:00.780Z,true,0.58,6189.24,6189.8172079999995,107,
10,masterSubPartners,2025-09-07T01:00:00.780Z,true,6.72,6202.12,6208.8450840000005,483,
11,allocationsData,2025-09-07T01:00:00.780Z,true,1005.04,6153.23,7158.265417,137487,
12,contributionsTotalData,2025-09-07T01:00:00.780Z,true,1341.88,6173.32,7515.197583,251649,
13,targetedPersonsData,2025-09-07T01:00:00.780Z,true,2306.03,6191.86,8497.894084,392375,
14,targetedPersonsDetailsData,2025-09-07T01:00:00.780Z,true,2324.26,6183,8507.261542,2035174,
15,dataGam,2025-09-07T01:00:00.780Z,true,2.15,6195.22,6197.373874999999,32012,
16,masterGam,2025-09-07T01:00:00.780Z,true,4.7,6190.62,6195.315957999999,947,
17,masterOrganizations,2025-09-07T01:00:00.780Z,true,1.97,2860.56,2862.532083,258,
18,masterSectors,2025-09-07T01:00:00.780Z,true,1.36,2876.27,2877.6238749999998,1386,
19,allocationsDataResults,2025-09-07T01:00:00.780Z,true,336.98,6185.45,6522.431084,64416,
20,resultsBySector,2025-09-07T01:00:00.780Z,true,87.69,2942.02,3029.71275,979698,
21,resultsByDisability,2025-09-07T01:00:00.780Z,true,81.02,2923.35,3004.371709,993409,
22,resultsByType,2025-09-07T01:00:00.780Z,true,66.98,3102.66,3169.6415,3136584,
23,resultsByBeneficiaryType,2025-09-07T01:00:00.780Z,true,89.21,2929.15,3018.356792,1293618,
24,resultsByOrganization,2025-09-07T01:00:00.780Z,true,70.04,2912.97,2983.01125,1111140,
25,masterLocations,2025-09-07T01:00:00.780Z,true,68.39,2931.36,2999.749959,903252,
26,masterBeneficiaryType,2025-09-07T01:00:00.780Z,true,1.41,2881.14,2882.545333,602,
27,projectSummaryProgress,2025-09-07T01:00:00.780Z,true,2008.82,6667.21,8676.025916999999,235275,
28,sectorsData,2025-09-07T01:00:00.780Z,true,675.73,6793.43,7469.164124999999,121547,
29,globalIndicators,2025-09-07T01:00:00.780Z,true,1331.45,9707.96,11039.407709000001,630115,
30,masterOrganizationsProgress,2025-09-07T01:00:00.780Z,true,1443,6472.36,7915.359915999999,1074733,
31,projectStatusMaster,2025-09-07T01:00:00.780Z,true,669.73,6580.37,7250.099,467907,
32,masterAllocationSource,2025-09-07T01:00:00.780Z,true,2.82,6170.02,6172.837875,54,
33,masterSectorsVo2,2025-09-07T01:00:00.780Z,true,0.41,6269.79,6270.195207999999,464,
34,masterGlobalIndicators,2025-09-07T01:00:00.780Z,true,1.39,6431.65,6433.047208,57797,
35,masterEmergencies,2025-09-07T01:00:00.780Z,true,0.41,6107.31,6107.722916,2278,
36,projectSummary,2025-09-07T01:00:00.780Z,true,1991.42,6149.13,8140.545208,334855,
37,projectSummaryAggregate,2025-09-07T01:00:00.780Z,true,1320.83,10728.21,12049.034792,915576,
38,HRPSummary,2025-09-07T01:00:00.780Z,true,10.69,6154.22,6164.905583,18667,
39,emergencySummary,2025-09-07T01:00:00.780Z,true,2207.11,6163.02,8370.129958,748797,
1,masterDonors,2025-09-08T01:00:00.923Z,true,6.18,424.12,430.301709,26321,
2,masterFunds,2025-09-08T01:00:00.923Z,true,22.27,344.31,366.57579100000004,112548,
3,masterRegionalFunds,2025-09-08T01:00:00.923Z,true,9.11,351.98,361.088375,1650,
4,masterAllocationTypes,2025-09-08T01:00:00.923Z,true,1.35,352.01,353.35575,242,
5,launchedAllocationsData,2025-09-08T01:00:00.923Z,true,1314.59,7914.88,9229.464,758516,
6,contributionsData,2025-09-08T01:00:00.923Z,true,7.26,353.06,360.32404099999997,89386,
7,allocationFlowData,2025-09-08T01:00:00.923Z,true,0.94,6378.54,6379.479792,44537,
8,masterPooledFunds,2025-09-08T01:00:00.923Z,true,2.3,6422.11,6424.415209,2165,
9,masterPartners,2025-09-08T01:00:00.923Z,true,0.95,6375.09,6376.039334,107,
10,masterSubPartners,2025-09-08T01:00:00.923Z,true,0.6,6577.9,6578.501542,483,
11,allocationsData,2025-09-08T01:00:00.923Z,true,763.16,6485.61,7248.770041,137487,
12,contributionsTotalData,2025-09-08T01:00:00.923Z,true,989.71,6406.98,7396.6987500000005,251651,
13,targetedPersonsData,2025-09-08T01:00:00.923Z,true,2125.89,6421.64,8547.536292,392378,
14,targetedPersonsDetailsData,2025-09-08T01:00:00.923Z,true,2338.83,6513.93,8852.766459,2035201,
15,dataGam,2025-09-08T01:00:00.923Z,true,0.63,8216.21,8216.8405,32012,
16,masterGam,2025-09-08T01:00:00.923Z,true,2.2,6359.05,6361.247958,947,
17,masterOrganizations,2025-09-08T01:00:00.923Z,true,6.79,2879.18,2885.9663330000003,258,
18,masterSectors,2025-09-08T01:00:00.923Z,true,2.72,2858.03,2860.7475,1386,
19,allocationsDataResults,2025-09-08T01:00:00.923Z,true,326.05,6405.89,6731.948291000001,64416,
20,resultsBySector,2025-09-08T01:00:00.923Z,true,51.06,2878.67,2929.724584,979698,
21,resultsByDisability,2025-09-08T01:00:00.923Z,true,71.55,2892.5,2964.047917,993409,
22,resultsByType,2025-09-08T01:00:00.923Z,true,67.21,2990.36,3057.56325,3136584,
23,resultsByBeneficiaryType,2025-09-08T01:00:00.923Z,true,73.61,2913.37,2986.981084,1293618,
24,resultsByOrganization,2025-09-08T01:00:00.923Z,true,77.94,2891.75,2969.69575,1111140,
25,masterLocations,2025-09-08T01:00:00.923Z,true,48.98,2883.69,2932.669625,903252,
26,masterBeneficiaryType,2025-09-08T01:00:00.923Z,true,1.99,2878.87,2880.860708,602,
27,projectSummaryProgress,2025-09-08T01:00:00.923Z,true,1549.55,6401.26,7950.8066659999995,235356,
28,sectorsData,2025-09-08T01:00:00.923Z,true,440.74,6397.82,6838.559792,121681,
29,globalIndicators,2025-09-08T01:00:00.923Z,true,1732.66,8590.05,10322.703417,630126,
30,masterOrganizationsProgress,2025-09-08T01:00:00.923Z,true,1518.6,6344.14,7862.741624999999,1074710,
31,projectStatusMaster,2025-09-08T01:00:00.923Z,true,453.01,6350.46,6803.464042,467738,
32,masterAllocationSource,2025-09-08T01:00:00.923Z,true,1.17,6390.16,6391.3301249999995,54,
33,masterSectorsVo2,2025-09-08T01:00:00.923Z,true,2.38,6390.46,6392.844917,464,
34,masterGlobalIndicators,2025-09-08T01:00:00.923Z,true,0.89,6341.83,6342.721874999999,57797,
35,masterEmergencies,2025-09-08T01:00:00.923Z,true,0.22,6384.59,6384.803084,2278,
36,projectSummary,2025-09-08T01:00:00.923Z,true,1788.77,6389.96,8178.7266660000005,334855,
37,projectSummaryAggregate,2025-09-08T01:00:00.923Z,true,1338.64,11655.01,12993.645416,915576,
38,HRPSummary,2025-09-08T01:00:00.923Z,true,2.66,6376.12,6378.775292,18667,
39,emergencySummary,2025-09-08T01:00:00.923Z,true,1787.24,6388.77,8176.011374999999,748782,
1,masterDonors,2025-09-09T01:00:01.395Z,true,4.59,520.26,524.855292,26321,
2,masterFunds,2025-09-09T01:00:01.395Z,true,53.52,378.75,432.270166,113877,
3,masterRegionalFunds,2025-09-09T01:00:01.395Z,true,23.64,399.22,422.85570799999994,2330,
4,masterAllocationTypes,2025-09-09T01:00:01.395Z,true,3.07,412.11,415.18100000000004,242,
5,launchedAllocationsData,2025-09-09T01:00:01.395Z,true,1094.41,6638.38,7732.795209000001,758526,
6,contributionsData,2025-09-09T01:00:01.395Z,true,28.87,396.23,425.10070899999994,89486,
7,allocationFlowData,2025-09-09T01:00:01.395Z,true,3.94,4046.5,4050.431667,44537,
8,masterPooledFunds,2025-09-09T01:00:01.395Z,true,0.21,3831.54,3831.7590000000005,2165,
9,masterPartners,2025-09-09T01:00:01.395Z,true,0.41,3842.05,3842.4539170000003,107,
10,masterSubPartners,2025-09-09T01:00:01.395Z,true,0.34,3768,3768.3430829999998,483,
11,allocationsData,2025-09-09T01:00:01.395Z,true,1013.09,3850.82,4863.91175,137490,
12,contributionsTotalData,2025-09-09T01:00:01.395Z,true,1439.98,3898.27,5338.245667,251727,
13,targetedPersonsData,2025-09-09T01:00:01.395Z,true,1530.77,4431.46,5962.238958,392386,
14,targetedPersonsDetailsData,2025-09-09T01:00:01.395Z,true,2299.87,4318.84,6618.711375000001,2035247,
15,dataGam,2025-09-09T01:00:01.395Z,true,1.72,4722.44,4724.161417,32012,
16,masterGam,2025-09-09T01:00:01.395Z,true,0.31,3826.5,3826.8148749999996,947,
17,masterOrganizations,2025-09-09T01:00:01.395Z,true,0.91,2547.98,2548.892167,258,
18,masterSectors,2025-09-09T01:00:01.395Z,true,5.73,2539.14,2544.8742089999996,1386,
19,allocationsDataResults,2025-09-09T01:00:01.395Z,true,336.46,3792.44,4128.9055419999995,64417,
20,resultsBySector,2025-09-09T01:00:01.395Z,true,62.42,2581.62,2644.042875,986088,
21,resultsByDisability,2025-09-09T01:00:01.395Z,true,57.94,2566.96,2624.8971250000004,998841,
22,resultsByType,2025-09-09T01:00:01.395Z,true,88.23,2642.82,2731.0507909999997,3152205,
23,resultsByBeneficiaryType,2025-09-09T01:00:01.395Z,true,68.37,2583.07,2651.4427499999997,1301068,
24,resultsByOrganization,2025-09-09T01:00:01.395Z,true,77.83,2661.74,2739.5755,1117238,
25,masterLocations,2025-09-09T01:00:01.395Z,true,45.06,2572.38,2617.4408750000002,907372,
26,masterBeneficiaryType,2025-09-09T01:00:01.395Z,true,2.91,2535.27,2538.186417,602,
27,projectSummaryProgress,2025-09-09T01:00:01.395Z,true,1408.23,4433.41,5841.633374999999,235457,
28,sectorsData,2025-09-09T01:00:01.395Z,true,759.99,4345.45,5105.438832999999,121839,
29,globalIndicators,2025-09-09T01:00:01.395Z,true,1690.69,8985.85,10676.539375,630156,
30,masterOrganizationsProgress,2025-09-09T01:00:01.395Z,true,1517,4075.03,5592.031208,1074717,
31,projectStatusMaster,2025-09-09T01:00:01.395Z,true,653.51,4124.87,4778.386125,467752,
32,masterAllocationSource,2025-09-09T01:00:01.395Z,true,1.2,3774.32,3775.5174589999997,54,
33,masterSectorsVo2,2025-09-09T01:00:01.395Z,true,0.32,3834.9,3835.2219589999995,464,
34,masterGlobalIndicators,2025-09-09T01:00:01.395Z,true,0.94,3773.18,3774.1229999999996,57797,
35,masterEmergencies,2025-09-09T01:00:01.395Z,true,0.49,3724.08,3724.570291,2278,
36,projectSummary,2025-09-09T01:00:01.395Z,true,1186.42,3809.56,4995.978459,334855,
37,projectSummaryAggregate,2025-09-09T01:00:01.395Z,true,1092.14,9553.64,10645.776458,915576,
38,HRPSummary,2025-09-09T01:00:01.395Z,true,1.17,4013.14,4014.310292,18667,
39,emergencySummary,2025-09-09T01:00:01.395Z,true,1769.7,3827.11,5596.8096669999995,748777,
1,masterDonors,2025-09-10T01:00:01.464Z,true,32.68,594.17,626.8520839999999,26321,
2,masterFunds,2025-09-10T01:00:01.464Z,true,7.9,492.44,500.34291700000006,113877,
3,masterRegionalFunds,2025-09-10T01:00:01.464Z,true,8.23,479.94,488.17429200000004,2330,
4,masterAllocationTypes,2025-09-10T01:00:01.464Z,true,1.76,474.36,476.120542,242,
5,launchedAllocationsData,2025-09-10T01:00:01.464Z,true,1320.95,9913.58,11234.530167,758531,
6,contributionsData,2025-09-10T01:00:01.464Z,true,19.72,449.44,469.16216699999995,89451,
7,allocationFlowData,2025-09-10T01:00:01.464Z,true,2.43,4685.66,4688.096208,44537,
8,masterPooledFunds,2025-09-10T01:00:01.464Z,true,0.53,4404.27,4404.8009170000005,2165,
9,masterPartners,2025-09-10T01:00:01.464Z,true,2.08,4399.86,4401.940667000001,107,
10,masterSubPartners,2025-09-10T01:00:01.464Z,true,3.68,4389.81,4393.489165999999,483,
11,allocationsData,2025-09-10T01:00:01.464Z,true,664.08,4407.27,5071.352834,137876,
12,contributionsTotalData,2025-09-10T01:00:01.464Z,true,1623.77,4528.91,6152.6805,251725,
13,targetedPersonsData,2025-09-10T01:00:01.464Z,true,1800.15,4895.99,6696.144958,392396,
14,targetedPersonsDetailsData,2025-09-10T01:00:01.464Z,true,2360.62,5378.39,7739.00925,2035365,
15,dataGam,2025-09-10T01:00:01.464Z,true,0.73,5169.9,5170.635208000001,32012,
16,masterGam,2025-09-10T01:00:01.464Z,true,2.15,4342.07,4344.221,947,
17,masterOrganizations,2025-09-10T01:00:01.464Z,true,3.52,2962.04,2965.5584580000004,258,
18,masterSectors,2025-09-10T01:00:01.464Z,true,4.43,3023.84,3028.2706670000002,1386,
19,allocationsDataResults,2025-09-10T01:00:01.464Z,true,328.22,4339.98,4668.198542,64596,
20,resultsBySector,2025-09-10T01:00:01.464Z,true,49.88,3009.93,3059.803291,986389,
21,resultsByDisability,2025-09-10T01:00:01.464Z,true,57.38,3005.15,3062.531625,999129,
22,resultsByType,2025-09-10T01:00:01.464Z,true,103.29,3063.97,3167.2594579999995,3152800,
23,resultsByBeneficiaryType,2025-09-10T01:00:01.464Z,true,64.94,3061.44,3126.389333,1301490,
24,resultsByOrganization,2025-09-10T01:00:01.464Z,true,65.75,3013.92,3079.667417,1117530,
25,masterLocations,2025-09-10T01:00:01.464Z,true,25.59,2969.11,2994.702292,907372,
26,masterBeneficiaryType,2025-09-10T01:00:01.464Z,true,0.66,2959.44,2960.0954580000002,602,
27,projectSummaryProgress,2025-09-10T01:00:01.464Z,true,2095.08,4787.77,6882.846125,235560,
28,sectorsData,2025-09-10T01:00:01.464Z,true,661.86,4982.57,5644.428583,121884,
29,globalIndicators,2025-09-10T01:00:01.464Z,true,1324.51,9969.73,11294.23625,630202,
30,masterOrganizationsProgress,2025-09-10T01:00:01.464Z,true,1332,4522.33,5854.3336659999995,1074827,
31,projectStatusMaster,2025-09-10T01:00:01.464Z,true,352.7,4926.69,5279.391416,467769,
32,masterAllocationSource,2025-09-10T01:00:01.464Z,true,0.41,4378.15,4378.56,54,
33,masterSectorsVo2,2025-09-10T01:00:01.464Z,true,0.17,4365.83,4365.994833,464,
34,masterGlobalIndicators,2025-09-10T01:00:01.464Z,true,5.69,4317.04,4322.725708,57797,
35,masterEmergencies,2025-09-10T01:00:01.464Z,true,0.18,4361.97,4362.150333,2278,
36,projectSummary,2025-09-10T01:00:01.464Z,true,1694.64,4383.94,6078.588084000001,334831,
37,projectSummaryAggregate,2025-09-10T01:00:01.464Z,true,1100.16,10541.76,11641.918249999999,915576,
38,HRPSummary,2025-09-10T01:00:01.464Z,true,0.81,4652.27,4653.084166,18667,
39,emergencySummary,2025-09-10T01:00:01.464Z,true,2069.86,4396.04,6465.906291,748916,